# comment: None given                          Feff8L (EXAFS)       0.1      
# Source:
# Structure Summary:  Fe2 N2
# Reduced formula:  FeN
# space group: (P4_2/mmc), space number:  (131)
# abc:  3.438948   3.438948   4.764827
# angles: 90.000000  90.000000  90.000000
# sites: 4
# mp-1417269
# POT  Non-SCF, core-hole, AFOLP (folp(0)= 1.150)
# Abs   Z=26 Rmt= 1.138 Rnm= 1.339 K  shell
# Pot 1 Z=26 Rmt= 1.141 Rnm= 1.347
# Pot 2 Z= 7 Rmt= 0.888 Rnm= 1.094
# Gam_ch=1.309E+00 H-L exch
# Mu=-9.454E-01 kf=2.278E+00 Vint=-2.072E+01 Rs_int= 1.592
# PATH  Rmax= 6.000,  Keep_limit= 0.00, Heap_limit 0.00  Pwcrit= 2.50%
#  S02=1.000                                        Global_sig2= 0.00000
#  Curved wave amplitude ratio filter   4.000%
#     file         sig2 tot  cw amp ratio   deg  nlegs   reff  inp sig2
#           1       0.00000    100.00      2.00     2   1.7195
#           2       0.00000     57.27      2.00     2   2.3824
#           3       0.00000     61.49      4.00     2   2.9381
#           4       0.00000     48.37      4.00     2   3.4389
#           5       0.00000     19.89      2.00     3   3.4389
#           6       0.00000     76.45      4.00     3   3.4389
#           7       0.00000     17.48      2.00     4   3.4389
#           8       0.00000      6.62      2.00     4   3.4389
#           9       0.00000     60.83      2.00     4   3.4389
#          10       0.00000      6.12      8.00     3   3.5200
#          11       0.00000     17.67      8.00     3   3.5200
#          12       0.00000     31.90      4.00     2   3.8449
#          13       0.00000     14.70     16.00     3   4.0309
#          14       0.00000     58.48      8.00     2   4.1836
#          15       0.00000     10.29      8.00     3   4.4206
#          16       0.00000     14.60      8.00     3   4.4206
#          17       0.00000      7.36      8.00     3   4.5016
#          18       0.00000      7.56      8.00     3   4.5016
#          19       0.00000     42.07      8.00     2   4.5231
#          23       0.00000     10.35      2.00     2   4.7648
#          24       0.00000      5.09      2.00     3   4.7648
#          25       0.00000     31.31      4.00     3   4.7648
#          26       0.00000      7.41      2.00     4   4.7648
#          28       0.00000     28.77      2.00     4   4.7648
#          29       0.00000     21.60     16.00     3   4.8234
#          30       0.00000     19.59      4.00     2   4.8634
#          31       0.00000      5.77     16.00     3   5.0025
#          32       0.00000      6.51     16.00     3   5.0025
#          33       0.00000      5.98      8.00     4   5.0025
#          35       0.00000     15.59      4.00     2   5.0656
#          36       0.00000      6.37     16.00     3   5.0936
#          37       0.00000      5.20      8.00     4   5.1237
#          38       0.00000      5.50      8.00     4   5.1237
#          39       0.00000      7.43      2.00     2   5.1584
#          40       0.00000      6.95      4.00     3   5.1584
#          41       0.00000     17.85      4.00     3   5.1584
#          42       0.00000     15.47      4.00     3   5.1584
#          43       0.00000      6.11      4.00     4   5.1584
#          44       0.00000      6.48      4.00     4   5.1584
#          45       0.00000      8.93      4.00     4   5.1584
#          47       0.00000      4.49      2.00     4   5.1584
#          48       0.00000     21.16      4.00     4   5.1584
#          49       0.00000     18.90      4.00     4   5.1584
#          50       0.00000     10.70      2.00     4   5.1584
#          51       0.00000     10.18      2.00     4   5.1584
#          52       0.00000     11.93      4.00     6   5.1584
#          54       0.00000      7.71      4.00     5   5.1584
#          55       0.00000      8.76      4.00     5   5.1584
#          56       0.00000      8.90      4.00     5   5.1584
#          58       0.00000      6.87      4.00     5   5.1584
#          62       0.00000     27.18      4.00     5   5.1584
#          63       0.00000     25.77      4.00     5   5.1584
#          65       0.00000      5.40      4.00     6   5.1584
#          67       0.00000     18.43      2.00     6   5.1584
#          68       0.00000      6.97      8.00     3   5.1930
#          69       0.00000     10.32      8.00     3   5.1931
#          71       0.00000      9.23     16.00     3   5.2131
#          72       0.00000      6.39      8.00     3   5.2139
#          73       0.00000      5.21      8.00     3   5.2139
#          74       0.00000      7.93      8.00     3   5.2139
#          81       0.00000      7.15     16.00     3   5.3752
#          82       0.00000     29.24      8.00     2   5.4156
#          83       0.00000      6.64     16.00     3   5.4501
#          84       0.00000      5.14     16.00     3   5.4501
#          86       0.00000     10.11     16.00     4   5.4501
#          87       0.00000     11.42      4.00     2   5.6820
#          88       0.00000      6.32     16.00     3   5.7040
#          89       0.00000      6.41     16.00     5   5.7504
#          91       0.00000      6.96      8.00     3   5.7925
#          92       0.00000      8.62      8.00     3   5.7925
#          93       0.00000      6.66     16.00     3   5.8291
#          94       0.00000      9.57     16.00     3   5.8291
#          97       0.00000     23.32      8.00     2   5.8762
#          98       0.00000      6.07      4.00     3   5.8762
#          99       0.00000     22.76      8.00     3   5.8762
#         101       0.00000     11.14      4.00     4   5.8762
#    76/  89 paths used
#  -----------------------------------------------------------------------
#       k          chi          mag           phase @#
     0.0500   -3.379459E-01  3.945628E-01 -2.113129E+00
     0.1000   -3.398025E-01  3.954042E-01 -2.107536E+00
     0.1500   -3.452834E-01  3.978835E-01 -2.090834E+00
     0.2000   -3.506589E-01  4.003082E-01 -2.074145E+00
     0.2500   -3.593451E-01  4.042188E-01 -2.046465E+00
     0.3000   -3.677129E-01  4.079789E-01 -2.018823E+00
     0.3500   -3.788119E-01  4.129749E-01 -1.980407E+00
     0.4000   -3.892210E-01  4.176794E-01 -1.942071E+00
     0.4500   -4.014656E-01  4.232834E-01 -1.893266E+00
     0.5000   -4.124553E-01  4.284151E-01 -1.844609E+00
     0.5500   -4.240386E-01  4.340392E-01 -1.785877E+00
     0.6000   -4.336077E-01  4.389794E-01 -1.727396E+00
     0.6500   -4.422179E-01  4.439567E-01 -1.659330E+00
     0.7000   -4.479253E-01  4.480229E-01 -1.591669E+00
     0.7500   -4.509501E-01  4.516525E-01 -1.515018E+00
     0.8000   -4.502105E-01  4.541497E-01 -1.438990E+00
     0.8500   -4.451418E-01  4.557494E-01 -1.354622E+00
     0.9000   -4.357212E-01  4.560362E-01 -1.271191E+00
     0.9500   -4.208226E-01  4.550551E-01 -1.180438E+00
     1.0000   -4.015447E-01  4.526423E-01 -1.091051E+00
     1.0500   -3.764037E-01  4.487116E-01 -9.951754E-01
     1.1000   -3.476269E-01  4.433461E-01 -9.012418E-01
     1.1500   -3.137437E-01  4.363439E-01 -8.024035E-01
     1.2000   -2.778250E-01  4.280738E-01 -7.062849E-01
     1.2500   -2.384982E-01  4.183467E-01 -6.066239E-01
     1.3000   -1.992584E-01  4.077195E-01 -5.106157E-01
     1.3500   -1.588789E-01  3.961042E-01 -4.127216E-01
     1.4000   -1.206384E-01  3.841820E-01 -3.194175E-01
     1.4500   -8.328023E-02  3.720385E-01 -2.257613E-01
     1.5000   -4.929599E-02  3.603776E-01 -1.372201E-01
     1.5500   -1.709465E-02  3.495395E-01 -4.892573E-02
     1.6000    1.188811E-02  3.400121E-01  3.497090E-02
     1.6500    3.979158E-02  3.323184E-01  1.200273E-01
     1.7000    6.594600E-02  3.264831E-01  2.033884E-01
     1.7500    9.291546E-02  3.230343E-01  2.917549E-01
     1.8000    1.200059E-01  3.213564E-01  3.827098E-01
     1.8500    1.496652E-01  3.218101E-01  4.837172E-01
     1.9000    1.801805E-01  3.231795E-01  5.914009E-01
     1.9500    2.129331E-01  3.256395E-01  7.127176E-01
     2.0000    2.446383E-01  3.276587E-01  8.429749E-01
     2.0500    2.758883E-01  3.297190E-01  9.912982E-01
     2.1000    3.010604E-01  3.299365E-01  1.149305E+00
     2.1500    3.171546E-01  3.277480E-01  1.315856E+00
     2.2000    3.217288E-01  3.227879E-01  1.489767E+00
     2.2500    3.132209E-01  3.153499E-01  1.687063E+00
     2.3000    2.890298E-01  3.045162E-01  1.891086E+00
     2.3500    2.505402E-01  2.904451E-01  2.101191E+00
     2.4000    2.007669E-01  2.734323E-01  2.317036E+00
     2.4500    1.372003E-01  2.507687E-01  2.562674E+00
     2.5000    7.218486E-02  2.253540E-01  2.815528E+00
     2.5500    1.280413E-02  1.981605E-01  3.076933E+00
     2.6000   -3.519009E-02  1.702216E-01  3.349825E+00
     2.6500   -6.335016E-02  1.390485E-01  3.614636E+00
     2.7000   -7.426457E-02  1.090096E-01  3.891084E+00
     2.7500   -7.038302E-02  8.115136E-02  4.191356E+00
     2.8000   -5.577118E-02  5.655890E-02  4.545296E+00
     2.8500   -3.979707E-02  4.169236E-02  5.015069E+00
     2.9000   -1.958611E-02  3.268022E-02  5.640526E+00
     2.9500    1.918822E-03  3.173576E-02  6.343685E+00
     3.0000    2.217418E-02  3.712341E-02  6.923328E+00
     3.0500    3.968503E-02  4.596336E-02  7.325167E+00
     3.1000    5.334522E-02  5.462267E-02  7.637286E+00
     3.1500    6.230132E-02  6.236655E-02  7.899723E+00
     3.2000    6.631144E-02  6.895449E-02  8.131751E+00
     3.2500    6.651804E-02  7.524258E-02  8.340325E+00
     3.3000    6.255632E-02  8.046383E-02  8.534182E+00
     3.3500    5.507823E-02  8.471810E-02  8.717015E+00
     3.4000    4.483458E-02  8.811880E-02  8.890991E+00
     3.4500    3.271787E-02  9.143748E-02  9.058849E+00
     3.5000    1.900502E-02  9.426241E-02  9.221768E+00
     3.5500    4.182067E-03  9.667627E-02  9.381506E+00
     3.6000   -1.130491E-02  9.870750E-02  9.539559E+00
     3.6500   -2.743833E-02  1.009542E-01  9.700031E+00
     3.7000   -4.343413E-02  1.027559E-01  9.861192E+00
     3.7500   -5.860987E-02  1.040124E-01  1.002338E+01
     3.8000   -7.219419E-02  1.046140E-01  1.018641E+01
     3.8500   -8.393981E-02  1.048110E-01  1.035352E+01
     3.9000   -9.261083E-02  1.041812E-01  1.051980E+01
     3.9500   -9.774885E-02  1.027028E-01  1.068371E+01
     4.0000   -9.925884E-02  1.004207E-01  1.084331E+01
     4.0500   -9.780133E-02  9.780204E-02  1.099940E+01
     4.1000   -9.361583E-02  9.469327E-02  1.114657E+01
     4.1500   -8.765491E-02  9.139496E-02  1.128264E+01
     4.2000   -8.095129E-02  8.828947E-02  1.140617E+01
     4.2500   -7.446796E-02  8.603667E-02  1.152015E+01
     4.3000   -6.858185E-02  8.481129E-02  1.162453E+01
     4.3500   -6.333293E-02  8.492364E-02  1.172469E+01
     4.4000   -5.823656E-02  8.649732E-02  1.182774E+01
     4.4500   -5.220167E-02  8.953378E-02  1.194391E+01
     4.5000   -4.414489E-02  9.358109E-02  1.207512E+01
     4.5500   -3.302112E-02  9.820635E-02  1.222345E+01
     4.6000   -1.819025E-02  1.029462E-01  1.238874E+01
     4.6500    6.143948E-04  1.075555E-01  1.257208E+01
     4.7000    2.239955E-02  1.114337E-01  1.276876E+01
     4.7500    4.556603E-02  1.142743E-01  1.297652E+01
     4.8000    6.796135E-02  1.158525E-01  1.319325E+01
     4.8500    8.745954E-02  1.160874E-01  1.341958E+01
     4.9000    1.014920E-01  1.147903E-01  1.365105E+01
     4.9500    1.084568E-01  1.119678E-01  1.388608E+01
     5.0000    1.076842E-01  1.076947E-01  1.412319E+01
     5.0500    9.946376E-02  1.020628E-01  1.436332E+01
     5.1000    8.516105E-02  9.527119E-02  1.460204E+01
     5.1500    6.695486E-02  8.756314E-02  1.483747E+01
     5.2000    4.734430E-02  7.921988E-02  1.506742E+01
     5.2500    2.852839E-02  7.052375E-02  1.529151E+01
     5.3000    1.254496E-02  6.181146E-02  1.550359E+01
     5.3500    4.521188E-04  5.343030E-02  1.569950E+01
     5.4000   -7.590307E-03  4.572400E-02  1.587474E+01
     5.4500   -1.217163E-02  3.892910E-02  1.602596E+01
     5.5000   -1.431808E-02  3.337751E-02  1.615132E+01
     5.5500   -1.523595E-02  2.916368E-02  1.625766E+01
     5.6000   -1.587485E-02  2.614767E-02  1.636040E+01
     5.6500   -1.664028E-02  2.393242E-02  1.647680E+01
     5.7000   -1.746767E-02  2.205243E-02  1.662220E+01
     5.7500   -1.780966E-02  2.003336E-02  1.680312E+01
     5.8000   -1.695196E-02  1.753167E-02  1.702088E+01
     5.8500   -1.433311E-02  1.433320E-02  1.727517E+01
     5.9000   -9.932058E-03  1.039612E-02  1.757867E+01
     5.9500   -4.362187E-03  5.824269E-03  1.800305E+01
     6.0000    1.151768E-03  2.011342E-03  1.945927E+01
     6.0500    4.913877E-03  6.138610E-03  2.106304E+01
     6.1000    5.392655E-03  1.225369E-02  2.153546E+01
     6.1500    1.615028E-03  1.863851E-02  2.190439E+01
     6.2000   -6.447998E-03  2.502176E-02  2.225179E+01
     6.2500   -1.770765E-02  3.121132E-02  2.259443E+01
     6.3000   -3.006121E-02  3.704714E-02  2.293775E+01
     6.3500   -4.077171E-02  4.239956E-02  2.328395E+01
     6.4000   -4.704900E-02  4.717163E-02  2.363407E+01
     6.4500   -4.670138E-02  5.130043E-02  2.398861E+01
     6.5000   -3.870150E-02  5.475626E-02  2.434778E+01
     6.5500   -2.322680E-02  5.736663E-02  2.471589E+01
     6.6000   -2.669714E-03  5.924780E-02  2.508767E+01
     6.6500    1.960539E-02  6.044194E-02  2.546308E+01
     6.7000    3.972702E-02  6.100635E-02  2.584190E+01
     6.7500    5.411433E-02  6.100501E-02  2.622365E+01
     6.8000    6.022239E-02  6.050017E-02  2.660767E+01
     6.8500    5.706554E-02  5.954491E-02  2.699313E+01
     6.9000    4.540195E-02  5.817796E-02  2.737903E+01
     6.9500    2.754280E-02  5.642119E-02  2.776435E+01
     7.0000    6.836943E-03  5.428037E-02  2.814804E+01
     7.0500   -1.312467E-02  5.134297E-02  2.853283E+01
     7.1000   -2.871698E-02  4.806545E-02  2.891466E+01
     7.1500   -3.784491E-02  4.445445E-02  2.929283E+01
     7.2000   -3.987407E-02  4.051689E-02  2.966676E+01
     7.2500   -3.560657E-02  3.626536E-02  3.003603E+01
     7.3000   -2.695720E-02  3.172253E-02  3.040036E+01
     7.3500   -1.642793E-02  2.692407E-02  3.075967E+01
     7.4000   -6.514648E-03  2.191987E-02  3.111416E+01
     7.4500    8.170364E-04  1.677345E-02  3.146466E+01
     7.5000    4.478709E-03  1.155989E-02  3.181377E+01
     7.5500    4.342398E-03  6.399874E-03  3.216166E+01
     7.6000    1.278526E-03  1.395969E-03  3.257360E+01
     7.6500   -3.308309E-03  3.403511E-03  2.960805E+01
     7.7000   -7.869603E-03  7.910698E-03  2.994710E+01
     7.7500   -1.107152E-02  1.209673E-02  3.025980E+01
     7.8000   -1.203251E-02  1.593860E-02  3.056038E+01
     7.8500   -1.040667E-02  1.943762E-02  3.085096E+01
     7.9000   -6.327806E-03  2.261935E-02  3.113239E+01
     7.9500   -2.655905E-04  2.553112E-02  3.140552E+01
     8.0000    7.139601E-03  2.823634E-02  3.167155E+01
     8.0500    1.535585E-02  3.079315E-02  3.193800E+01
     8.1000    2.350794E-02  3.327720E-02  3.220037E+01
     8.1500    3.091220E-02  3.573858E-02  3.246098E+01
     8.2000    3.687368E-02  3.820241E-02  3.272221E+01
     8.2500    4.066301E-02  4.066302E-02  3.298616E+01
     8.3000    4.154709E-02  4.308327E-02  3.325457E+01
     8.3500    3.889397E-02  4.539865E-02  3.352864E+01
     8.4000    3.233913E-02  4.752485E-02  3.380912E+01
     8.4500    2.196905E-02  4.936687E-02  3.409633E+01
     8.5000    8.459223E-03  5.082838E-02  3.439031E+01
     8.5500   -7.025125E-03  5.187588E-02  3.469336E+01
     8.6000   -2.255108E-02  5.237805E-02  3.500262E+01
     8.6500   -3.603113E-02  5.227773E-02  3.531794E+01
     8.7000   -4.549972E-02  5.154112E-02  3.563928E+01
     8.7500   -4.950715E-02  5.016049E-02  3.596674E+01
     8.8000   -4.744218E-02  4.815566E-02  3.630067E+01
     8.8500   -3.969876E-02  4.557436E-02  3.664172E+01
     8.9000   -2.763677E-02  4.249189E-02  3.699100E+01
     8.9500   -1.333648E-02  3.901019E-02  3.735020E+01
     9.0000    8.024029E-04  3.525713E-02  3.772187E+01
     9.0500    1.262131E-02  3.139239E-02  3.811287E+01
     9.1000    2.028580E-02  2.758672E-02  3.852529E+01
     9.1500    2.294786E-02  2.405429E-02  3.896543E+01
     9.2000    2.073595E-02  2.103609E-02  3.943904E+01
     9.2500    1.463788E-02  1.877569E-02  3.994665E+01
     9.3000    6.213935E-03  1.745168E-02  4.047665E+01
     9.3500   -2.777490E-03  1.708167E-02  4.100403E+01
     9.4000   -1.074444E-02  1.749060E-02  4.150220E+01
     9.4500   -1.653093E-02  1.840162E-02  4.195668E+01
     9.5000   -1.954067E-02  1.956065E-02  4.236629E+01
     9.5500   -1.975838E-02  2.085215E-02  4.273683E+01
     9.6000   -1.744117E-02  2.214223E-02  4.307525E+01
     9.6500   -1.309851E-02  2.341272E-02  4.338856E+01
     9.7000   -7.276075E-03  2.468368E-02  4.368308E+01
     9.7500   -4.595471E-04  2.598864E-02  4.396461E+01
     9.8000    6.932287E-03  2.735398E-02  4.423852E+01
     9.8500    1.448305E-02  2.878437E-02  4.450954E+01
     9.9000    2.168899E-02  3.025597E-02  4.478157E+01
     9.9500    2.790028E-02  3.171705E-02  4.505745E+01
    10.0000    3.233866E-02  3.309435E-02  4.533898E+01
    10.0500    3.429962E-02  3.439949E-02  4.562931E+01
    10.1000    3.300756E-02  3.544855E-02  4.592636E+01
    10.1500    2.818787E-02  3.615563E-02  4.622982E+01
    10.2000    2.011999E-02  3.644680E-02  4.653908E+01
    10.2500    9.690697E-03  3.626475E-02  4.685338E+01
    10.3000   -1.704875E-03  3.557180E-02  4.717184E+01
    10.3500   -1.240826E-02  3.435139E-02  4.749346E+01
    10.4000   -2.083771E-02  3.260857E-02  4.781712E+01
    10.4500   -2.583868E-02  3.036945E-02  4.814142E+01
    10.5000   -2.695004E-02  2.768024E-02  4.846448E+01
    10.5500   -2.450884E-02  2.460600E-02  4.878358E+01
    10.6000   -1.955754E-02  2.123037E-02  4.909432E+01
    10.6500   -1.357127E-02  1.765790E-02  4.938889E+01
    10.7000   -8.073940E-03  1.402478E-02  4.965203E+01
    10.7500   -4.245067E-03  1.053547E-02  4.985077E+01
    10.8000   -2.624671E-03  7.582600E-03  4.991202E+01
    10.8500   -2.998327E-03  6.011048E-03  4.974327E+01
    10.9000   -4.495382E-03  6.651523E-03  4.952338E+01
    10.9500   -5.873833E-03  8.777350E-03  4.953235E+01
    11.0000   -5.912306E-03  1.132549E-02  4.971625E+01
    11.0500   -3.771430E-03  1.391314E-02  4.999098E+01
    11.1000    7.414769E-04  1.626233E-02  5.031109E+01
    11.1500    6.985276E-03  1.827835E-02  5.065762E+01
    11.2000    1.365825E-02  1.991199E-02  5.102136E+01
    11.2500    1.913677E-02  2.113932E-02  5.139750E+01
    11.3000    2.192242E-02  2.195324E-02  5.178329E+01
    11.3500    2.107246E-02  2.235899E-02  5.217716E+01
    11.4000    1.649111E-02  2.237122E-02  5.257822E+01
    11.4500    8.996149E-03  2.201176E-02  5.298605E+01
    11.5000    1.375878E-04  2.130803E-02  5.340062E+01
    11.5500   -8.185910E-03  2.029177E-02  5.382232E+01
    11.6000   -1.421011E-02  1.899856E-02  5.425205E+01
    11.6500   -1.675662E-02  1.746801E-02  5.469150E+01
    11.7000   -1.552953E-02  1.574501E-02  5.514350E+01
    11.7500   -1.117657E-02  1.388288E-02  5.561289E+01
    11.8000   -5.098805E-03  1.194959E-02  5.610783E+01
    11.8500    9.379537E-04  1.004056E-02  5.664222E+01
    11.9000    5.282867E-03  8.303416E-03  5.723827E+01
    11.9500    6.839793E-03  6.974527E-03  5.792259E+01
    12.0000    5.348146E-03  6.368375E-03  5.869335E+01
    12.0500    1.462955E-03  6.706377E-03  5.947035E+01
    12.1000   -3.579748E-03  7.754600E-03  6.017009E+01
    12.1500   -8.143121E-03  9.185086E-03  6.078011E+01
    12.2000   -1.071711E-02  1.073883E-02  6.132466E+01
    12.2500   -1.034223E-02  1.225336E-02  6.182709E+01
    12.3000   -6.877099E-03  1.362713E-02  6.230286E+01
    12.3500   -1.038980E-03  1.479355E-02  6.276156E+01
    12.4000    5.789963E-03  1.570834E-02  6.320935E+01
    12.4500    1.193382E-02  1.634390E-02  6.365042E+01
    12.5000    1.586763E-02  1.668716E-02  6.408795E+01
    12.5500    1.661456E-02  1.673875E-02  6.452454E+01
    12.6000    1.399082E-02  1.651287E-02  6.496263E+01
    12.6500    8.637874E-03  1.603734E-02  6.540466E+01
    12.7000    1.840604E-03  1.535364E-02  6.585328E+01
    12.7500   -4.812516E-03  1.451681E-02  6.631135E+01
    12.8000   -9.831940E-03  1.359480E-02  6.678189E+01
    12.8500   -1.218476E-02  1.266650E-02  6.726756E+01
    12.9000   -1.151788E-02  1.181700E-02  6.776972E+01
    12.9500   -8.197811E-03  1.112763E-02  6.828685E+01
    13.0000   -3.169750E-03  1.066013E-02  6.881313E+01
    13.0500    2.338480E-03  1.045690E-02  6.934058E+01
    13.1000    7.074016E-03  1.048781E-02  6.985532E+01
    13.1500    1.008625E-02  1.069218E-02  7.034756E+01
    13.2000    1.090316E-02  1.099043E-02  7.081194E+01
    13.2500    9.572312E-03  1.130664E-02  7.124705E+01
    13.3000    6.567747E-03  1.158283E-02  7.165374E+01
    13.3500    2.606205E-03  1.178493E-02  7.203364E+01
    13.4000   -1.563715E-03  1.190341E-02  7.238838E+01
    13.4500   -5.336236E-03  1.195126E-02  7.271948E+01
    13.5000   -8.343046E-03  1.195990E-02  7.302865E+01
    13.5500   -1.045452E-02  1.197296E-02  7.331832E+01
    13.6000   -1.170574E-02  1.203739E-02  7.359214E+01
    13.6500   -1.218786E-02  1.219258E-02  7.385525E+01
    13.7000   -1.195270E-02  1.245988E-02  7.411373E+01
    13.7500   -1.096818E-02  1.283617E-02  7.437369E+01
    13.8000   -9.140521E-03  1.329391E-02  7.464008E+01
    13.8500   -6.392022E-03  1.378708E-02  7.491614E+01
    13.9000   -2.761401E-03  1.425988E-02  7.520334E+01
    13.9500    1.516151E-03  1.465505E-02  7.550187E+01
    14.0000    5.986753E-03  1.492008E-02  7.581111E+01
    14.0500    1.009396E-02  1.505824E-02  7.613287E+01
    14.1000    1.311809E-02  1.499061E-02  7.646384E+01
    14.1500    1.449175E-02  1.469332E-02  7.680319E+01
    14.2000    1.392279E-02  1.415491E-02  7.715037E+01
    14.2500    1.149921E-02  1.337608E-02  7.750516E+01
    14.3000    7.699993E-03  1.236911E-02  7.786786E+01
    14.3500    3.301217E-03  1.115693E-02  7.823943E+01
    14.4000   -8.021123E-04  9.772210E-03  7.862199E+01
    14.4500   -3.812450E-03  8.256753E-03  7.901977E+01
    14.5000   -5.225316E-03  6.662140E-03  7.944143E+01
    14.5500   -4.949676E-03  5.054771E-03  7.990634E+01
    14.6000   -3.319147E-03  3.537243E-03  8.046360E+01
    14.6500   -9.906358E-04  2.337225E-03  8.124372E+01
    14.7000    1.241234E-03  1.994105E-03  8.235328E+01
    14.7500    2.662080E-03  2.665477E-03  8.330270E+01
    14.8000    2.827722E-03  3.678185E-03  8.394607E+01
    14.8500    1.674558E-03  4.663320E-03  8.445571E+01
    14.9000   -4.779249E-04  5.501067E-03  8.490999E+01
    14.9500   -3.029954E-03  6.144799E-03  8.533864E+01
    15.0000   -5.277655E-03  6.575225E-03  8.575474E+01
    15.0500   -6.640585E-03  6.817029E-03  8.616578E+01
    15.1000   -6.735418E-03  6.846431E-03  8.657412E+01
    15.1500   -5.548514E-03  6.673631E-03  8.698296E+01
    15.2000   -3.404460E-03  6.316164E-03  8.739534E+01
    15.2500   -8.644572E-04  5.798175E-03  8.781495E+01
    15.3000    1.435795E-03  5.150198E-03  8.824712E+01
    15.3500    2.960812E-03  4.409970E-03  8.870068E+01
    15.4000    3.413600E-03  3.625855E-03  8.919153E+01
    15.4500    2.801272E-03  2.866851E-03  8.974969E+01
    15.5000    1.414178E-03  2.246603E-03  9.042531E+01
    15.5500   -2.702244E-04  1.944266E-03  9.124562E+01
    15.6000   -1.727302E-03  2.083334E-03  9.208369E+01
    15.6500   -2.527506E-03  2.541691E-03  9.278268E+01
    15.7000   -2.442006E-03  3.120346E-03  9.334894E+01
    15.7500   -1.486134E-03  3.700478E-03  9.383451E+01
    15.8000    1.053499E-04  4.224554E-03  9.427272E+01
    15.8500    1.957587E-03  4.664820E-03  9.468084E+01
    15.9000    3.662095E-03  5.009035E-03  9.506771E+01
    15.9500    4.878420E-03  5.254597E-03  9.543789E+01
    16.0000    5.404169E-03  5.405848E-03  9.579365E+01
    16.0500    5.214163E-03  5.497241E-03  9.614089E+01
    16.1000    4.364524E-03  5.503733E-03  9.647364E+01
    16.1500    3.063167E-03  5.442191E-03  9.679154E+01
    16.2000    1.551861E-03  5.333574E-03  9.709414E+01
    16.2500    4.147818E-05  5.201390E-03  9.738140E+01
    16.3000   -1.326851E-03  5.069376E-03  9.765420E+01
    16.3500   -2.487164E-03  4.958326E-03  9.791484E+01
    16.4000   -3.425992E-03  4.882506E-03  9.816713E+01
    16.4500   -4.146455E-03  4.846742E-03  9.841591E+01
    16.5000   -4.637231E-03  4.845456E-03  9.866594E+01
    16.5500   -4.860488E-03  4.864256E-03  9.892080E+01
    16.6000   -4.763564E-03  4.883450E-03  9.918221E+01
    16.6500   -4.308298E-03  4.882144E-03  9.944990E+01
    16.7000   -3.503766E-03  4.841855E-03  9.972190E+01
    16.7500   -2.425981E-03  4.749273E-03  9.999484E+01
    16.8000   -1.212845E-03  4.598395E-03  1.002641E+02
    16.8500   -3.248191E-05  4.392515E-03  1.005236E+02
    16.9000    9.655867E-04  4.146573E-03  1.007660E+02
    16.9500    1.698739E-03  3.890055E-03  1.009829E+02
    17.0000    2.179528E-03  3.669444E-03  1.011669E+02
    17.0500    2.521225E-03  3.564349E-03  1.013167E+02
    17.1000    2.870571E-03  3.610143E-03  1.014502E+02
    17.1500    3.345651E-03  3.835350E-03  1.015909E+02
    17.2000    3.986667E-03  4.230965E-03  1.017603E+02
    17.2500    4.716993E-03  4.759563E-03  1.019679E+02
    17.3000    5.341084E-03  5.374023E-03  1.022125E+02
    17.3500    5.585404E-03  6.029873E-03  1.024881E+02
    17.4000    5.174853E-03  6.689325E-03  1.027881E+02
    17.4500    3.924577E-03  7.321320E-03  1.031068E+02
    17.5000    1.819906E-03  7.900585E-03  1.034401E+02
    17.5500   -9.419567E-04  8.406791E-03  1.037848E+02
    17.6000   -3.965618E-03  8.823994E-03  1.041387E+02
    17.6500   -6.728528E-03  9.140310E-03  1.044999E+02
    17.7000   -8.694538E-03  9.347711E-03  1.048673E+02
    17.7500   -9.441823E-03  9.441877E-03  1.052400E+02
    17.8000   -8.771248E-03  9.422048E-03  1.056172E+02
    17.8500   -6.765086E-03  9.290844E-03  1.059985E+02
    17.9000   -3.778608E-03  9.054042E-03  1.063836E+02
    17.9500   -3.649598E-04  8.720296E-03  1.067723E+02
    18.0000    2.848196E-03  8.300798E-03  1.071644E+02
    18.0500    5.335678E-03  7.870475E-03  1.075591E+02
    18.1000    6.714437E-03  7.379998E-03  1.079570E+02
    18.1500    6.840242E-03  6.842700E-03  1.083581E+02
    18.2000    5.830468E-03  6.272869E-03  1.087628E+02
    18.2500    4.017065E-03  5.685409E-03  1.091711E+02
    18.3000    1.852736E-03  5.095464E-03  1.095836E+02
    18.3500   -2.027110E-04  4.518022E-03  1.100006E+02
    18.4000   -1.785339E-03  3.967461E-03  1.104225E+02
    18.4500   -2.694013E-03  3.457035E-03  1.108493E+02
    18.5000   -2.907780E-03  2.998278E-03  1.112802E+02
    18.5500   -2.555124E-03  2.600351E-03  1.117133E+02
    18.6000   -1.849873E-03  2.269444E-03  1.121444E+02
    18.6500   -1.016554E-03  2.008569E-03  1.125667E+02
    18.7000   -2.285810E-04  1.818182E-03  1.129713E+02
    18.7500    4.238959E-04  1.697871E-03  1.133497E+02
    18.8000    9.308786E-04  1.648323E-03  1.136975E+02
    18.8500    1.330637E-03  1.671792E-03  1.140179E+02
    18.9000    1.664637E-03  1.769909E-03  1.143215E+02
    18.9500    1.938171E-03  1.940300E-03  1.146213E+02
    19.0000    2.102322E-03  2.174827E-03  1.149271E+02
    19.0500    2.057128E-03  2.453876E-03  1.152447E+02
    19.1000    1.712714E-03  2.769459E-03  1.155722E+02
    19.1500    1.008045E-03  3.103682E-03  1.159081E+02
    19.2000   -4.003532E-05  3.437807E-03  1.162506E+02
    19.2500   -1.316912E-03  3.753041E-03  1.165975E+02
    19.3000   -2.621636E-03  4.031180E-03  1.169470E+02
    19.3500   -3.709164E-03  4.255228E-03  1.172975E+02
    19.4000   -4.352291E-03  4.410000E-03  1.176478E+02
    19.4500   -4.404912E-03  4.482722E-03  1.179963E+02
    19.5000   -3.846773E-03  4.463608E-03  1.183417E+02
    19.5500   -2.794752E-03  4.346419E-03  1.186821E+02
    19.6000   -1.475573E-03  4.129030E-03  1.190151E+02
    19.6500   -1.665891E-04  3.814110E-03  1.193368E+02
    19.7000    8.787562E-04  3.410194E-03  1.196411E+02
    19.7500    1.499117E-03  2.933867E-03  1.199168E+02
    19.8000    1.666901E-03  2.415189E-03  1.201423E+02
    19.8500    1.490882E-03  1.912269E-03  1.202746E+02
    19.9000    1.178768E-03  1.545021E-03  1.202484E+02
    19.9500    9.706314E-04  1.500662E-03  1.200839E+02
    20.0000    1.062763E-03  1.835245E-03  1.199981E+02
