 comment: None given                            Feff8L (EXAFS)       0.1
 Source:
 Structure Summary:  Fe2 N2
 Reduced formula:  FeN
 space group: (P4_2/mmc), space number:  (131)
 abc:  3.438948   3.438948   4.764827
 angles: 90.000000  90.000000  90.000000
 sites: 4
 mp-1417269
 POT  Non-SCF, core-hole, AFOLP (folp(0)= 1.150)
 Abs   Z=26 Rmt= 1.138 Rnm= 1.339 K  shell
 Pot 1 Z=26 Rmt= 1.141 Rnm= 1.347
 Pot 2 Z= 7 Rmt= 0.888 Rnm= 1.094
 Gam_ch=1.309E+00 H-L exch
 Mu=-9.454E-01 kf=2.278E+00 Vint=-2.072E+01 Rs_int= 1.592
 PATH  Rmax= 6.000,  Keep_limit= 0.00, Heap_limit 0.00  Pwcrit= 2.50%
 Path   12      icalc       2
 -----------------------------------------------------------------------
   2   4.000   3.8449    2.3317   -0.94541 nleg, deg, reff, rnrmav(bohr), edge
        x         y         z   pot at#
    -0.0000   -0.0000   -0.0000  0  26 Fe       absorbing atom
    -1.7195   -3.4389   -0.0000  2   7 N
    k   real[2*phc]   mag[feff]  phase[feff] red factor   lambda     real[p]@#
  0.000  3.0755E+00  3.9978E-05 -1.5013E+00  1.008E+00  2.6526E+01  2.2782E+00
  0.100  3.0751E+00  4.7381E-02 -2.2542E+00  1.008E+00  2.6550E+01  2.2803E+00
  0.200  3.0738E+00  9.4400E-02 -2.9769E+00  1.008E+00  2.6620E+01  2.2866E+00
  0.300  3.0717E+00  1.4071E-01 -3.6691E+00  1.008E+00  2.6730E+01  2.2970E+00
  0.400  3.0687E+00  1.8598E-01 -4.3311E+00  1.008E+00  2.6868E+01  2.3116E+00
  0.500  3.0648E+00  2.2992E-01 -4.9633E+00  1.008E+00  2.7018E+01  2.3301E+00
  0.600  3.0599E+00  2.7228E-01 -5.5665E+00  1.008E+00  2.7162E+01  2.3526E+00
  0.700  3.0540E+00  3.1284E-01 -6.1412E+00  1.009E+00  2.7277E+01  2.3790E+00
  0.800  3.0469E+00  3.5144E-01 -6.6881E+00  1.009E+00  2.7340E+01  2.4090E+00
  0.900  3.0385E+00  3.8793E-01 -7.2081E+00  1.010E+00  2.7327E+01  2.4427E+00
  1.000  3.0288E+00  4.2224E-01 -7.7019E+00  1.011E+00  2.7217E+01  2.4800E+00
  1.100  3.0177E+00  4.5428E-01 -8.1701E+00  1.012E+00  2.6994E+01  2.5206E+00
  1.200  3.0049E+00  4.8402E-01 -8.6135E+00  1.013E+00  2.6647E+01  2.5645E+00
  1.300  2.9904E+00  5.1144E-01 -9.0327E+00  1.014E+00  2.6172E+01  2.6116E+00
  1.400  2.9739E+00  5.3650E-01 -9.4282E+00  1.016E+00  2.5576E+01  2.6618E+00
  1.500  2.9553E+00  5.5919E-01 -9.8005E+00  1.018E+00  2.4871E+01  2.7151E+00
  1.600  2.9344E+00  5.7948E-01 -1.0150E+01  1.020E+00  2.4078E+01  2.7713E+00
  1.700  2.9110E+00  5.9734E-01 -1.0477E+01  1.023E+00  2.3221E+01  2.8305E+00
  1.800  2.8848E+00  6.1272E-01 -1.0781E+01  1.026E+00  2.2327E+01  2.8926E+00
  1.900  2.8556E+00  6.2555E-01 -1.1064E+01  1.030E+00  2.1423E+01  2.9575E+00
  2.000  2.8231E+00  6.3575E-01 -1.1323E+01  1.033E+00  2.0536E+01  3.0254E+00
  2.200  2.7473E+00  6.4782E-01 -1.1775E+01  1.041E+00  1.8907E+01  3.1699E+00
  2.400  2.6551E+00  6.4797E-01 -1.2135E+01  1.048E+00  1.7602E+01  3.3265E+00
  2.600  2.5269E+00  6.3152E-01 -1.2350E+01  1.048E+00  1.6741E+01  3.5052E+00
  2.800  2.3930E+00  6.5801E-01 -1.2581E+01  1.151E+00  9.2624E+00  3.6847E+00
  3.000  2.3514E+00  6.7389E-01 -1.3029E+01  1.208E+00  7.3470E+00  3.8225E+00
  3.200  2.3154E+00  6.6632E-01 -1.3475E+01  1.233E+00  6.5676E+00  3.9568E+00
  3.400  2.2571E+00  6.4135E-01 -1.3862E+01  1.244E+00  6.1762E+00  4.1010E+00
  3.600  2.1881E+00  6.0625E-01 -1.4214E+01  1.242E+00  5.9875E+00  4.2505E+00
  3.800  2.1118E+00  5.6524E-01 -1.4543E+01  1.235E+00  5.9166E+00  4.4050E+00
  4.000  2.0294E+00  5.2296E-01 -1.4848E+01  1.221E+00  5.9220E+00  4.5638E+00
  4.200  1.9426E+00  4.8178E-01 -1.5137E+01  1.208E+00  5.9812E+00  4.7266E+00
  4.400  1.8535E+00  4.4337E-01 -1.5413E+01  1.194E+00  6.0805E+00  4.8929E+00
  4.600  1.7634E+00  4.0861E-01 -1.5676E+01  1.176E+00  6.2110E+00  5.0624E+00
  4.800  1.6725E+00  3.7726E-01 -1.5928E+01  1.161E+00  6.3670E+00  5.2348E+00
  5.000  1.5822E+00  3.5004E-01 -1.6170E+01  1.146E+00  6.5441E+00  5.4096E+00
  5.200  1.4929E+00  3.2657E-01 -1.6401E+01  1.131E+00  6.7394E+00  5.5867E+00
  5.400  1.4043E+00  3.0596E-01 -1.6617E+01  1.117E+00  6.9505E+00  5.7658E+00
  5.600  1.3170E+00  2.8738E-01 -1.6818E+01  1.105E+00  7.1757E+00  5.9467E+00
  5.800  1.2309E+00  2.7010E-01 -1.7003E+01  1.094E+00  7.4136E+00  6.1292E+00
  6.000  1.1456E+00  2.5348E-01 -1.7172E+01  1.083E+00  7.6631E+00  6.3131E+00
  6.500  9.3472E-01  2.1344E-01 -1.7540E+01  1.062E+00  8.3318E+00  6.7783E+00
  7.000  7.2501E-01  1.7655E-01 -1.7852E+01  1.044E+00  9.0570E+00  7.2496E+00
  7.500  5.1784E-01  1.4671E-01 -1.8139E+01  1.028E+00  9.8320E+00  7.7258E+00
  8.000  3.1798E-01  1.2607E-01 -1.8416E+01  1.013E+00  1.0652E+01  8.2057E+00
  8.500  1.2819E-01  1.1299E-01 -1.8675E+01  9.973E-01  1.1513E+01  8.6887E+00
  9.000 -5.2738E-02  1.0353E-01 -1.8906E+01  9.820E-01  1.2412E+01  9.1740E+00
  9.500 -2.2532E-01  9.4003E-02 -1.9105E+01  9.704E-01  1.3349E+01  9.6613E+00
 10.000 -3.9839E-01  8.3139E-02 -1.9285E+01  9.614E-01  1.4319E+01  1.0150E+01
 11.000 -7.2518E-01  6.2396E-02 -1.9630E+01  9.491E-01  1.6360E+01  1.1132E+01
 12.000 -1.0274E+00  5.2158E-02 -1.9941E+01  9.406E-01  1.8525E+01  1.2117E+01
 13.000 -1.2992E+00  4.6706E-02 -2.0183E+01  9.364E-01  2.0807E+01  1.3106E+01
 14.000 -1.5535E+00  4.0450E-02 -2.0444E+01  9.347E-01  2.3201E+01  1.4096E+01
 15.000 -1.7913E+00  3.6995E-02 -2.0756E+01  9.334E-01  2.5701E+01  1.5088E+01
 16.000 -2.0080E+00  3.8501E-02 -2.1031E+01  9.334E-01  2.8305E+01  1.6081E+01
 17.000 -2.2111E+00  4.1027E-02 -2.1302E+01  9.341E-01  3.1008E+01  1.7075E+01
 18.000 -2.4020E+00  4.3001E-02 -2.1583E+01  9.347E-01  3.3807E+01  1.8070E+01
 19.000 -2.5781E+00  4.4056E-02 -2.1803E+01  9.355E-01  3.6699E+01  1.9065E+01
 20.000 -2.7443E+00  4.3812E-02 -2.1965E+01  9.361E-01  3.9681E+01  2.0061E+01
