 comment: None given                            Feff8L (EXAFS)       0.1
 Source:
 Structure Summary:  Fe2 N2
 Reduced formula:  FeN
 space group: (P4_2/mmc), space number:  (131)
 abc:  3.438948   3.438948   4.764827
 angles: 90.000000  90.000000  90.000000
 sites: 4
 mp-1417269
 POT  Non-SCF, core-hole, AFOLP (folp(0)= 1.150)
 Abs   Z=26 Rmt= 1.138 Rnm= 1.339 K  shell
 Pot 1 Z=26 Rmt= 1.141 Rnm= 1.347
 Pot 2 Z= 7 Rmt= 0.888 Rnm= 1.094
 Gam_ch=1.309E+00 H-L exch
 Mu=-9.454E-01 kf=2.278E+00 Vint=-2.072E+01 Rs_int= 1.592
 PATH  Rmax= 6.000,  Keep_limit= 0.00, Heap_limit 0.00  Pwcrit= 2.50%
 Path   39      icalc       2
 -----------------------------------------------------------------------
   3   4.000   5.1584    2.3317   -0.94541 nleg, deg, reff, rnrmav(bohr), edge
        x         y         z   pot at#
    -0.0000   -0.0000   -0.0000  0  26 Fe       absorbing atom
     5.1584   -0.0000   -0.0000  2   7 N
     1.7195   -0.0000   -0.0000  2   7 N
    k   real[2*phc]   mag[feff]  phase[feff] red factor   lambda     real[p]@#
  0.000  3.0755E+00  5.2538E-05 -5.9154E+00  1.008E+00  2.6526E+01  2.2782E+00
  0.100  3.0751E+00  6.2218E-02 -6.9261E+00  1.008E+00  2.6550E+01  2.2803E+00
  0.200  3.0738E+00  1.2367E-01 -7.8976E+00  1.008E+00  2.6620E+01  2.2866E+00
  0.300  3.0717E+00  1.8362E-01 -8.8293E+00  1.008E+00  2.6730E+01  2.2970E+00
  0.400  3.0687E+00  2.4143E-01 -9.7218E+00  1.008E+00  2.6868E+01  2.3116E+00
  0.500  3.0648E+00  2.9651E-01 -1.0576E+01  1.008E+00  2.7018E+01  2.3301E+00
  0.600  3.0599E+00  3.4845E-01 -1.1392E+01  1.008E+00  2.7162E+01  2.3526E+00
  0.700  3.0540E+00  3.9690E-01 -1.2171E+01  1.009E+00  2.7277E+01  2.3790E+00
  0.800  3.0469E+00  4.4169E-01 -1.2914E+01  1.009E+00  2.7340E+01  2.4090E+00
  0.900  3.0385E+00  4.8272E-01 -1.3622E+01  1.010E+00  2.7327E+01  2.4427E+00
  1.000  3.0288E+00  5.2000E-01 -1.4297E+01  1.011E+00  2.7217E+01  2.4800E+00
  1.100  3.0177E+00  5.5362E-01 -1.4938E+01  1.012E+00  2.6994E+01  2.5206E+00
  1.200  3.0049E+00  5.8375E-01 -1.5547E+01  1.013E+00  2.6647E+01  2.5645E+00
  1.300  2.9904E+00  6.1056E-01 -1.6125E+01  1.014E+00  2.6172E+01  2.6116E+00
  1.400  2.9739E+00  6.3427E-01 -1.6673E+01  1.016E+00  2.5576E+01  2.6618E+00
  1.500  2.9553E+00  6.5510E-01 -1.7190E+01  1.018E+00  2.4871E+01  2.7151E+00
  1.600  2.9344E+00  6.7322E-01 -1.7678E+01  1.020E+00  2.4078E+01  2.7713E+00
  1.700  2.9110E+00  6.8881E-01 -1.8137E+01  1.023E+00  2.3221E+01  2.8305E+00
  1.800  2.8848E+00  7.0198E-01 -1.8566E+01  1.026E+00  2.2327E+01  2.8926E+00
  1.900  2.8556E+00  7.1278E-01 -1.8966E+01  1.030E+00  2.1423E+01  2.9575E+00
  2.000  2.8231E+00  7.2120E-01 -1.9337E+01  1.033E+00  2.0536E+01  3.0254E+00
  2.200  2.7473E+00  7.3043E-01 -1.9989E+01  1.041E+00  1.8907E+01  3.1699E+00
  2.400  2.6551E+00  7.2789E-01 -2.0516E+01  1.048E+00  1.7602E+01  3.3265E+00
  2.600  2.5269E+00  7.0195E-01 -2.0841E+01  1.048E+00  1.6741E+01  3.5052E+00
  2.800  2.3930E+00  7.4119E-01 -2.1214E+01  1.151E+00  9.2624E+00  3.6847E+00
  3.000  2.3514E+00  8.0344E-01 -2.1867E+01  1.208E+00  7.3470E+00  3.8225E+00
  3.200  2.3154E+00  8.4127E-01 -2.2500E+01  1.233E+00  6.5676E+00  3.9568E+00
  3.400  2.2571E+00  8.4228E-01 -2.3038E+01  1.244E+00  6.1762E+00  4.1010E+00
  3.600  2.1881E+00  8.1896E-01 -2.3521E+01  1.242E+00  5.9875E+00  4.2505E+00
  3.800  2.1118E+00  7.7839E-01 -2.3964E+01  1.235E+00  5.9166E+00  4.4050E+00
  4.000  2.0294E+00  7.2911E-01 -2.4371E+01  1.221E+00  5.9220E+00  4.5638E+00
  4.200  1.9426E+00  6.7650E-01 -2.4753E+01  1.208E+00  5.9812E+00  4.7266E+00
  4.400  1.8535E+00  6.2456E-01 -2.5114E+01  1.194E+00  6.0805E+00  4.8929E+00
  4.600  1.7634E+00  5.7570E-01 -2.5456E+01  1.176E+00  6.2110E+00  5.0624E+00
  4.800  1.6725E+00  5.3054E-01 -2.5781E+01  1.161E+00  6.3670E+00  5.2348E+00
  5.000  1.5822E+00  4.9104E-01 -2.6092E+01  1.146E+00  6.5441E+00  5.4096E+00
  5.200  1.4929E+00  4.5712E-01 -2.6388E+01  1.131E+00  6.7394E+00  5.5867E+00
  5.400  1.4043E+00  4.2764E-01 -2.6663E+01  1.117E+00  6.9505E+00  5.7658E+00
  5.600  1.3170E+00  4.0133E-01 -2.6920E+01  1.105E+00  7.1757E+00  5.9467E+00
  5.800  1.2309E+00  3.7708E-01 -2.7158E+01  1.094E+00  7.4136E+00  6.1292E+00
  6.000  1.1456E+00  3.5393E-01 -2.7375E+01  1.083E+00  7.6631E+00  6.3131E+00
  6.500  9.3472E-01  2.9844E-01 -2.7847E+01  1.062E+00  8.3318E+00  6.7783E+00
  7.000  7.2501E-01  2.4714E-01 -2.8246E+01  1.044E+00  9.0570E+00  7.2496E+00
  7.500  5.1784E-01  2.0517E-01 -2.8605E+01  1.028E+00  9.8320E+00  7.7258E+00
  8.000  3.1798E-01  1.7558E-01 -2.8941E+01  1.013E+00  1.0652E+01  8.2057E+00
  8.500  1.2819E-01  1.5635E-01 -2.9252E+01  9.973E-01  1.1513E+01  8.6887E+00
  9.000 -5.2738E-02  1.4222E-01 -2.9528E+01  9.820E-01  1.2412E+01  9.1740E+00
  9.500 -2.2532E-01  1.2815E-01 -2.9766E+01  9.704E-01  1.3349E+01  9.6613E+00
 10.000 -3.9839E-01  1.1243E-01 -2.9980E+01  9.614E-01  1.4319E+01  1.0150E+01
 11.000 -7.2518E-01  8.2590E-02 -3.0380E+01  9.491E-01  1.6360E+01  1.1132E+01
 12.000 -1.0274E+00  6.6819E-02 -3.0736E+01  9.406E-01  1.8525E+01  1.2117E+01
 13.000 -1.2992E+00  5.7511E-02 -3.1024E+01  9.364E-01  2.0807E+01  1.3106E+01
 14.000 -1.5535E+00  4.7011E-02 -3.1322E+01  9.347E-01  2.3201E+01  1.4096E+01
 15.000 -1.7913E+00  3.9412E-02 -3.1688E+01  9.334E-01  2.5701E+01  1.5088E+01
 16.000 -2.0080E+00  3.7173E-02 -3.2032E+01  9.334E-01  2.8305E+01  1.6081E+01
 17.000 -2.2111E+00  3.6287E-02 -3.2379E+01  9.341E-01  3.1008E+01  1.7075E+01
 18.000 -2.4020E+00  3.6129E-02 -3.2736E+01  9.347E-01  3.3807E+01  1.8070E+01
 19.000 -2.5781E+00  3.6109E-02 -3.3004E+01  9.355E-01  3.6699E+01  1.9065E+01
 20.000 -2.7443E+00  3.5144E-02 -3.3191E+01  9.361E-01  3.9681E+01  2.0061E+01
