ATOMS
  *       x          y          z    ipot  Atom      Distance    Number
**********-  ********-  ********-  ******  ******  **********  ********
   0          0          0              0  Fe         0               0
  -0.618583  -0.618583  -2.07983        2  S          2.25632         2
  -0.618583  -2.07983    0.618583       2  S          2.25632        20
  -2.07983    0.618583   0.618583       2  S          2.25632        56
   2.07983   -0.618583  -0.618583       2  S          2.25632        61
   0.618583   2.07983   -0.618583       2  S          2.25632        99
   0.618583   0.618583   2.07983        2  S          2.25632       123
  -3.31699   -0.618583  -0.618583       2  S          3.43041         1
  -0.618583  -0.618583   3.31699        2  S          3.43041        17
  -0.618583   3.31699    0.618583       2  S          3.43041        47
   0.618583  -3.31699   -0.618583       2  S          3.43041        70
   0.618583   0.618583  -3.31699        2  S          3.43041       101
   3.31699    0.618583   0.618583       2  S          3.43041       124
  -2.07983    2.07983   -2.07983        2  S          3.60237        37
   2.07983   -2.07983    2.07983        2  S          3.60237        80
  -2.69841   -2.69841    0              1  Fe         3.81613        22
  -2.69841    0         -2.69841        1  Fe         3.81613        39
  -2.69841    2.69841    0              1  Fe         3.81613        50
  -2.69841    0          2.69841        1  Fe         3.81613        54
   0         -2.69841   -2.69841        1  Fe         3.81613        63
   0         -2.69841    2.69841        1  Fe         3.81613        77
   2.69841   -2.69841    0              1  Fe         3.81613        81
   0          2.69841   -2.69841        1  Fe         3.81613        93
   2.69841    0         -2.69841        1  Fe         3.81613       100
   0          2.69841    2.69841        1  Fe         3.81613       109
   2.69841    2.69841    0              1  Fe         3.81613       116
   2.69841    0          2.69841        1  Fe         3.81613       121
  -2.07983   -3.31699   -2.07983        2  S          4.43326         8
  -3.31699   -2.07983    2.07983        2  S          4.43326        21
  -2.07983    2.07983    3.31699        2  S          4.43326        51
   2.07983   -2.07983   -3.31699        2  S          4.43326        66
   3.31699    2.07983   -2.07983        2  S          4.43326        98
   2.07983    3.31699    2.07983        2  S          4.43326       115
  -3.31699   -2.07983   -3.31699        2  S          5.13133         6
  -2.07983   -3.31699    3.31699        2  S          5.13133        23
  -3.31699    3.31699    2.07983        2  S          5.13133        49
   3.31699   -3.31699   -2.07983        2  S          5.13133        68
   2.07983    3.31699   -3.31699        2  S          5.13133        96
   3.31699    2.07983    3.31699        2  S          5.13133       118
  -0.618583  -2.07983   -4.77824        2  S          5.24785         4
  -2.07983   -4.77824    0.618583       2  S          5.24785        27
  -0.618583   4.77824   -2.07983        2  S          5.24785        31
  -4.77824    2.07983   -0.618583       2  S          5.24785        38
  -2.07983    0.618583  -4.77824        2  S          5.24785        41
  -4.77824    0.618583   2.07983        2  S          5.24785        55
   4.77824   -0.618583  -2.07983        2  S          5.24785        62
   2.07983   -0.618583   4.77824        2  S          5.24785        75
   4.77824   -2.07983    0.618583       2  S          5.24785        79
   0.618583  -4.77824    2.07983        2  S          5.24785        85
   2.07983    4.77824   -0.618583       2  S          5.24785        91
   0.618583   2.07983    4.77824        2  S          5.24785       120
  -5.39682    0          0              1  Fe         5.39682        57
   0         -5.39682    0              1  Fe         5.39682        87
   0          0         -5.39682        1  Fe         5.39682       104
   5.39682    0          0              1  Fe         5.39682       107
   0          5.39682    0              1  Fe         5.39682       117
   0          0          5.39682        1  Fe         5.39682       122
  -3.31699    3.31699   -3.31699        2  S          5.7452         35
   3.31699   -3.31699    3.31699        2  S          5.7452         82
  -4.77824   -3.31699   -0.618583       2  S          5.8495         11
  -3.31699   -0.618583   4.77824        2  S          5.8495         16
  -3.31699    4.77824   -0.618583       2  S          5.8495         30
  -0.618583   3.31699   -4.77824        2  S          5.8495         34
  -4.77824    0.618583  -3.31699        2  S          5.8495         40
  -0.618583   4.77824    3.31699        2  S          5.8495         43
   0.618583  -4.77824   -3.31699        2  S          5.8495         72
   4.77824   -0.618583   3.31699        2  S          5.8495         76
   0.618583  -3.31699    4.77824        2  S          5.8495         83
   3.31699   -4.77824    0.618583       2  S          5.8495         86
   3.31699    0.618583  -4.77824        2  S          5.8495        102
   4.77824    3.31699    0.618583       2  S          5.8495        112
  -0.618583  -6.01541   -2.07983        2  S          6.3948         10
  -6.01541   -0.618583  -2.07983        2  S          6.3948         14
  -0.618583  -2.07983    6.01541        2  S          6.3948         15
  -6.01541   -2.07983    0.618583       2  S          6.3948         29
  -2.07983    6.01541    0.618583       2  S          6.3948         48
  -2.07983    0.618583   6.01541        2  S          6.3948         52
   2.07983   -0.618583  -6.01541        2  S          6.3948         65
   2.07983   -6.01541   -0.618583       2  S          6.3948         69
   6.01541    2.07983   -0.618583       2  S          6.3948         89
   0.618583   2.07983   -6.01541        2  S          6.3948        103
   6.01541    0.618583   2.07983        2  S          6.3948        106
   0.618583   6.01541    2.07983        2  S          6.3948        113
  -5.39682   -2.69841   -2.69841        1  Fe         6.60973         3
  -2.69841   -2.69841   -5.39682        1  Fe         6.60973         7
  -2.69841   -5.39682   -2.69841        1  Fe         6.60973        12
  -5.39682   -2.69841    2.69841        1  Fe         6.60973        18
  -2.69841   -2.69841    5.39682        1  Fe         6.60973        19
  -2.69841   -5.39682    2.69841        1  Fe         6.60973        25
  -5.39682    2.69841   -2.69841        1  Fe         6.60973        32
  -2.69841    5.39682   -2.69841        1  Fe         6.60973        33
  -2.69841    2.69841   -5.39682        1  Fe         6.60973        36
  -5.39682    2.69841    2.69841        1  Fe         6.60973        44
  -2.69841    2.69841    5.39682        1  Fe         6.60973        45
  -2.69841    5.39682    2.69841        1  Fe         6.60973        46
   5.39682   -2.69841   -2.69841        1  Fe         6.60973        59
   2.69841   -2.69841   -5.39682        1  Fe         6.60973        67
   2.69841   -5.39682   -2.69841        1  Fe         6.60973        71
   5.39682   -2.69841    2.69841        1  Fe         6.60973        74
   2.69841   -2.69841    5.39682        1  Fe         6.60973        78
   2.69841   -5.39682    2.69841        1  Fe         6.60973        84
   5.39682    2.69841   -2.69841        1  Fe         6.60973        88
   2.69841    5.39682   -2.69841        1  Fe         6.60973        94
   2.69841    2.69841   -5.39682        1  Fe         6.60973        97
   5.39682    2.69841    2.69841        1  Fe         6.60973       105
   2.69841    2.69841    5.39682        1  Fe         6.60973       110
   2.69841    5.39682    2.69841        1  Fe         6.60973       111
  -3.31699   -0.618583  -6.01541        2  S          6.89712         5
  -3.31699   -6.01541   -0.618583       2  S          6.89712         9
  -0.618583  -6.01541    3.31699        2  S          6.89712        24
  -6.01541   -0.618583   3.31699        2  S          6.89712        28
  -0.618583   3.31699    6.01541        2  S          6.89712        42
  -6.01541    3.31699    0.618583       2  S          6.89712        58
   6.01541   -3.31699   -0.618583       2  S          6.89712        60
   0.618583  -3.31699   -6.01541        2  S          6.89712        73
   6.01541    0.618583  -3.31699        2  S          6.89712        90
   0.618583   6.01541   -3.31699        2  S          6.89712        95
   3.31699    6.01541    0.618583       2  S          6.89712       114
   3.31699    0.618583   6.01541        2  S          6.89712       119
  -2.07983   -4.77824   -4.77824        2  S          7.07028        13
  -4.77824   -4.77824    2.07983        2  S          7.07028        26
  -4.77824    2.07983    4.77824        2  S          7.07028        53
   4.77824   -2.07983   -4.77824        2  S          7.07028        64
   4.77824    4.77824   -2.07983        2  S          7.07028        92
   2.07983    4.77824    4.77824        2  S          7.07028       108
END
