# comment: None given                          Feff8L (EXAFS)       0.1      
# Source:
# Structure Summary:  Fe4 S8
# Reduced formula:  FeS2
# space group: (Pa-3), space number:  (205)
# abc:  5.396824   5.396824   5.396824
# angles: 90.000000  90.000000  90.000000
# sites: 12
# mp-226
# POT  Non-SCF, core-hole, AFOLP (folp(0)= 1.150)
# Abs   Z=26 Rmt= 1.298 Rnm= 1.379 K  shell
# Pot 1 Z=26 Rmt= 1.302 Rnm= 1.388
# Pot 2 Z=16 Rmt= 1.274 Rnm= 1.379
# Gam_ch=1.309E+00 H-L exch
# Mu=-7.463E-01 kf=2.171E+00 Vint=-1.870E+01 Rs_int= 1.671
# PATH  Rmax= 6.000,  Keep_limit= 0.00, Heap_limit 0.00  Pwcrit= 2.50%
#  S02=1.000                                        Global_sig2= 0.00000
#  Curved wave amplitude ratio filter   4.000%
#     file         sig2 tot  cw amp ratio   deg  nlegs   reff  inp sig2
#           1       0.00000    100.00      6.00     2   2.2563
#           2       0.00000     35.28      6.00     2   3.4304
#           3       0.00000     10.40      2.00     2   3.6024
#           4       0.00000      7.57     12.00     3   3.7907
#           5       0.00000     56.40     12.00     2   3.8161
#           6       0.00000      7.08     12.00     3   3.9107
#           7       0.00000     17.10     12.00     3   3.9148
#           8       0.00000     32.72     24.00     3   4.1644
#           9       0.00000      4.05     12.00     3   4.3777
#          10       0.00000     18.20      6.00     2   4.4333
#          11       0.00000      4.57     12.00     3   4.4637
#          12       0.00000     10.89      6.00     3   4.5126
#          13       0.00000     12.30      6.00     4   4.5126
#          14       0.00000      4.48      6.00     4   4.5126
#          15       0.00000     11.45     12.00     4   4.5126
#          16       0.00000      4.81     24.00     3   4.7514
#          17       0.00000      9.03     24.00     3   4.7514
#          18       0.00000      4.21     12.00     3   4.8374
#          19       0.00000      9.09     12.00     3   4.8791
#          20       0.00000      6.52     12.00     3   4.9991
#          21       0.00000     12.19      6.00     2   5.1313
#          22       0.00000     22.90     12.00     2   5.2478
#          23       0.00000      6.64     24.00     3   5.2529
#          24       0.00000     30.83     12.00     3   5.2864
#          26       0.00000     21.46      6.00     4   5.3250
#          27       0.00000      9.77     12.00     3   5.3482
#          28       0.00000     11.59      6.00     2   5.3968
#          29       0.00000     11.49     12.00     3   5.4064
#          30       0.00000      5.83     12.00     3   5.5418
#          31       0.00000     11.14     12.00     3   5.5418
#          32       0.00000     12.22     12.00     3   5.5418
#          35       0.00000      4.11     24.00     3   5.6601
#          39       0.00000     12.52     12.00     4   5.6867
#          41       0.00000     10.39      4.00     3   5.7452
#          42       0.00000     10.09      2.00     4   5.7452
#          43       0.00000     16.79     12.00     2   5.8495
#          44       0.00000      8.23     24.00     3   5.9610
#          45       0.00000      8.55     24.00     3   5.9610
#    38/  44 paths used
#  -----------------------------------------------------------------------
#       k          chi          mag           phase @#
     0.0000    3.473558E-01  3.529442E-01  1.392609E+00
     0.0500    3.451098E-01  3.500627E-01  1.402379E+00
     0.1000    3.428325E-01  3.471910E-01  1.412176E+00
     0.1500    3.358460E-01  3.386649E-01  1.441683E+00
     0.2000    3.286018E-01  3.302299E-01  1.471454E+00
     0.2500    3.160762E-01  3.164594E-01  1.521581E+00
     0.3000    3.029614E-01  3.029619E-01  1.572578E+00
     0.3500    2.838886E-01  2.846784E-01  1.645303E+00
     0.4000    2.640154E-01  2.669903E-01  1.720216E+00
     0.4500    2.377716E-01  2.453268E-01  1.819617E+00
     0.5000    2.109179E-01  2.247961E-01  1.924019E+00
     0.5500    1.780187E-01  2.014889E-01  2.058277E+00
     0.6000    1.453407E-01  1.802064E-01  2.203344E+00
     0.6500    1.077062E-01  1.577392E-01  2.389989E+00
     0.7000    7.179217E-02  1.388270E-01  2.598094E+00
     0.7500    3.312653E-02  1.213714E-01  2.865150E+00
     0.8000   -1.801011E-03  1.100316E-01  3.157962E+00
     0.8500   -3.699695E-02  1.030336E-01  3.508871E+00
     0.9000   -6.630896E-02  1.039597E-01  3.833274E+00
     0.9500   -9.365026E-02  1.090600E-01  4.174328E+00
     1.0000   -1.139894E-01  1.188465E-01  4.425509E+00
     1.0500   -1.310677E-01  1.310922E-01  4.693084E+00
     1.1000   -1.414162E-01  1.430536E-01  4.863831E+00
     1.1500   -1.448116E-01  1.543471E-01  5.065735E+00
     1.2000   -1.494980E-01  1.689340E-01  5.196800E+00
     1.2500   -1.446113E-01  1.802793E-01  5.352295E+00
     1.3000   -1.413458E-01  1.949095E-01  5.471879E+00
     1.3500   -1.282247E-01  2.054689E-01  5.609259E+00
     1.4000   -1.181531E-01  2.220827E-01  5.722197E+00
     1.4500   -9.904143E-02  2.346552E-01  5.847456E+00
     1.5000   -7.669520E-02  2.512855E-01  5.973025E+00
     1.5500   -4.729389E-02  2.648579E-01  6.103659E+00
     1.6000   -1.170022E-02  2.814237E-01  6.241598E+00
     1.6500    3.023630E-02  2.947147E-01  6.385961E+00
     1.7000    7.724950E-02  3.094239E-01  6.535510E+00
     1.7500    1.276592E-01  3.201917E-01  6.693280E+00
     1.8000    1.789572E-01  3.310624E-01  6.854281E+00
     1.8500    2.272431E-01  3.372301E-01  7.022595E+00
     1.9000    2.702172E-01  3.425238E-01  7.192203E+00
     1.9500    3.029538E-01  3.427779E-01  7.367150E+00
     2.0000    3.250880E-01  3.416825E-01  7.541043E+00
     2.0500    3.313572E-01  3.342879E-01  7.721469E+00
     2.1000    3.252861E-01  3.255874E-01  7.897001E+00
     2.1500    3.089660E-01  3.161162E-01  8.067075E+00
     2.2000    2.847388E-01  3.063642E-01  8.231959E+00
     2.2500    2.485727E-01  2.907556E-01  8.399382E+00
     2.3000    2.103001E-01  2.762498E-01  8.559511E+00
     2.3500    1.716334E-01  2.630400E-01  8.713900E+00
     2.4000    1.334447E-01  2.510574E-01  8.864372E+00
     2.4500    9.572541E-02  2.335827E-01  9.002528E+00
     2.5000    6.145347E-02  2.186273E-01  9.139851E+00
     2.5500    2.953227E-02  2.040399E-01  9.279530E+00
     2.6000    1.865185E-03  1.881518E-01  9.414865E+00
     2.6500   -1.548054E-02  1.757058E-01  9.512997E+00
     2.7000   -2.874350E-02  1.662104E-01  9.598586E+00
     2.7500   -3.974279E-02  1.600248E-01  9.675758E+00
     2.8000   -5.039927E-02  1.572357E-01  9.751070E+00
     2.8500   -6.368372E-02  1.562643E-01  9.844535E+00
     2.9000   -7.806130E-02  1.571246E-01  9.944699E+00
     2.9500   -9.383874E-02  1.594149E-01  1.005416E+01
     3.0000   -1.108400E-01  1.626768E-01  1.017438E+01
     3.0500   -1.275146E-01  1.657617E-01  1.030247E+01
     3.1000   -1.437131E-01  1.690532E-01  1.044096E+01
     3.1500   -1.581223E-01  1.721438E-01  1.058917E+01
     3.2000   -1.692570E-01  1.746692E-01  1.074599E+01
     3.2500   -1.757111E-01  1.763824E-01  1.090830E+01
     3.3000   -1.764869E-01  1.770660E-01  1.107648E+01
     3.3500   -1.708863E-01  1.765265E-01  1.124904E+01
     3.4000   -1.588182E-01  1.746316E-01  1.142442E+01
     3.4500   -1.409632E-01  1.713446E-01  1.160025E+01
     3.5000   -1.185083E-01  1.666819E-01  1.177547E+01
     3.5500   -9.317435E-02  1.607278E-01  1.194801E+01
     3.6000   -6.695789E-02  1.536533E-01  1.211547E+01
     3.6500   -4.227507E-02  1.460621E-01  1.227274E+01
     3.7000   -2.021407E-02  1.380404E-01  1.241941E+01
     3.7500   -1.796923E-03  1.300693E-01  1.255256E+01
     3.8000    1.267463E-02  1.227336E-01  1.266982E+01
     3.8500    2.355405E-02  1.171102E-01  1.276888E+01
     3.9000    3.220724E-02  1.134339E-01  1.285426E+01
     3.9500    4.011823E-02  1.121840E-01  1.293208E+01
     4.0000    4.884821E-02  1.135406E-01  1.301111E+01
     4.0500    6.014975E-02  1.179945E-01  1.310128E+01
     4.1000    7.450022E-02  1.244137E-01  1.320839E+01
     4.1500    9.182260E-02  1.321486E-01  1.333457E+01
     4.2000    1.111811E-01  1.405286E-01  1.347908E+01
     4.2500    1.315428E-01  1.494235E-01  1.364294E+01
     4.3000    1.499589E-01  1.578335E-01  1.381995E+01
     4.3500    1.639692E-01  1.653642E-01  1.400719E+01
     4.4000    1.713683E-01  1.717293E-01  1.420202E+01
     4.4500    1.706310E-01  1.769671E-01  1.440557E+01
     4.5000    1.606908E-01  1.807229E-01  1.461247E+01
     4.5500    1.418309E-01  1.829826E-01  1.482108E+01
     4.6000    1.152836E-01  1.838082E-01  1.503002E+01
     4.6500    8.247782E-02  1.835884E-01  1.524203E+01
     4.7000    4.610185E-02  1.822138E-01  1.545217E+01
     4.7500    8.672390E-03  1.799079E-01  1.565974E+01
     4.8000   -2.755011E-02  1.769206E-01  1.586432E+01
     4.8500   -6.131358E-02  1.734392E-01  1.606929E+01
     4.9000   -9.064568E-02  1.697491E-01  1.627129E+01
     4.9500   -1.147594E-01  1.660489E-01  1.647100E+01
     5.0000   -1.332389E-01  1.624753E-01  1.666947E+01
     5.0500   -1.459517E-01  1.590410E-01  1.687021E+01
     5.1000   -1.524615E-01  1.557802E-01  1.707198E+01
     5.1500   -1.526103E-01  1.526109E-01  1.727617E+01
     5.2000   -1.462521E-01  1.493876E-01  1.748400E+01
     5.2500   -1.331334E-01  1.457801E-01  1.769837E+01
     5.3000   -1.138262E-01  1.417625E-01  1.791735E+01
     5.3500   -8.922670E-02  1.371473E-01  1.814119E+01
     5.4000   -6.081877E-02  1.317700E-01  1.836981E+01
     5.4500   -3.054250E-02  1.253993E-01  1.860352E+01
     5.5000   -1.075818E-03  1.181000E-01  1.884045E+01
     5.5500    2.505952E-02  1.098539E-01  1.907970E+01
     5.6000    4.565351E-02  1.006954E-01  1.932011E+01
     5.6500    5.907224E-02  9.071397E-02  1.955871E+01
     5.7000    6.485168E-02  8.006761E-02  1.979364E+01
     5.7500    6.352388E-02  6.893958E-02  2.002133E+01
     5.8000    5.658334E-02  5.755897E-02  2.023597E+01
     5.8500    4.628636E-02  4.628655E-02  2.042324E+01
     5.9000    3.515841E-02  3.551996E-02  2.056315E+01
     5.9500    2.550412E-02  2.596569E-02  2.060919E+01
     6.0000    1.904797E-02  1.907769E-02  2.047618E+01
     6.0500    1.707397E-02  1.766492E-02  2.016096E+01
     6.1000    1.923119E-02  2.150104E-02  1.995671E+01
     6.1500    2.462038E-02  2.760508E-02  1.995104E+01
     6.2000    3.179899E-02  3.401150E-02  2.005767E+01
     6.2500    3.912915E-02  3.994578E-02  2.021780E+01
     6.3000    4.511701E-02  4.512349E-02  2.040340E+01
     6.3500    4.866857E-02  4.946941E-02  2.060053E+01
     6.4000    4.921418E-02  5.302153E-02  2.080162E+01
     6.4500    4.669157E-02  5.589208E-02  2.100231E+01
     6.5000    4.141387E-02  5.824464E-02  2.120018E+01
     6.5500    3.368558E-02  6.057052E-02  2.140142E+01
     6.6000    2.394878E-02  6.272501E-02  2.159940E+01
     6.6500    1.262546E-02  6.487355E-02  2.179528E+01
     6.7000    1.574077E-05  6.714514E-02  2.199091E+01
     6.7500   -1.364972E-02  6.961517E-02  2.218850E+01
     6.8000   -2.809154E-02  7.229674E-02  2.239022E+01
     6.8500   -4.284368E-02  7.514231E-02  2.259786E+01
     6.9000   -5.714923E-02  7.805424E-02  2.281266E+01
     6.9500   -6.993524E-02  8.090054E-02  2.303522E+01
     7.0000   -7.989155E-02  8.353169E-02  2.326564E+01
     7.0500   -8.565087E-02  8.578821E-02  2.350535E+01
     7.1000   -8.604343E-02  8.761749E-02  2.375178E+01
     7.1500   -8.030116E-02  8.886793E-02  2.400464E+01
     7.2000   -6.829531E-02  8.939860E-02  2.426334E+01
     7.2500   -5.071827E-02  8.909261E-02  2.452712E+01
     7.3000   -2.911051E-02  8.786707E-02  2.479506E+01
     7.3500   -5.697530E-03  8.567889E-02  2.506619E+01
     7.4000    1.694320E-02  8.252640E-02  2.533952E+01
     7.4500    3.631417E-02  7.844732E-02  2.561402E+01
     7.5000    5.042754E-02  7.351355E-02  2.588867E+01
     7.5500    5.835300E-02  6.799728E-02  2.616443E+01
     7.6000    5.964129E-02  6.180668E-02  2.643805E+01
     7.6500    5.505445E-02  5.505492E-02  2.670771E+01
     7.7000    4.617608E-02  4.787363E-02  2.697063E+01
     7.7500    3.509792E-02  4.041433E-02  2.722226E+01
     7.8000    2.402356E-02  3.285603E-02  2.745429E+01
     7.8500    1.486703E-02  2.542986E-02  2.764991E+01
     7.9000    8.923659E-03  1.849976E-02  2.777098E+01
     7.9500    6.675114E-03  1.283881E-02  2.772758E+01
     8.0000    7.762315E-03  1.024078E-02  2.741412E+01
     8.0500    1.122212E-02  1.222363E-02  2.711116E+01
     8.1000    1.537953E-02  1.653429E-02  2.707949E+01
     8.1500    1.861354E-02  2.124041E-02  2.720615E+01
     8.2000    1.959178E-02  2.560962E-02  2.740327E+01
     8.2500    1.754744E-02  2.935405E-02  2.763360E+01
     8.3000    1.241611E-02  3.234148E-02  2.788031E+01
     8.3500    4.808211E-03  3.451313E-02  2.813456E+01
     8.4000   -4.168724E-03  3.585812E-02  2.839085E+01
     8.4500   -1.318980E-02  3.640530E-02  2.864507E+01
     8.5000   -2.102396E-02  3.622158E-02  2.889359E+01
     8.5500   -2.696315E-02  3.550102E-02  2.913688E+01
     8.6000   -3.042227E-02  3.427542E-02  2.936640E+01
     8.6500   -3.158039E-02  3.274255E-02  2.957790E+01
     8.7000   -3.105872E-02  3.115243E-02  2.976755E+01
     8.7500   -2.968169E-02  2.979825E-02  2.993361E+01
     8.8000   -2.819319E-02  2.898192E-02  3.007896E+01
     8.8500   -2.700827E-02  2.894532E-02  3.021305E+01
     8.9000   -2.607118E-02  2.978995E-02  3.035015E+01
     8.9500   -2.486205E-02  3.144105E-02  3.050389E+01
     9.0000   -2.255480E-02  3.368651E-02  3.068232E+01
     9.0500   -1.827034E-02  3.630583E-02  3.088859E+01
     9.1000   -1.142453E-02  3.900238E-02  3.111865E+01
     9.1500   -1.947090E-03  4.154164E-02  3.136904E+01
     9.2000    9.552195E-03  4.372889E-02  3.163614E+01
     9.2500    2.180620E-02  4.541025E-02  3.191681E+01
     9.3000    3.309523E-02  4.647025E-02  3.220853E+01
     9.3500    4.159379E-02  4.682900E-02  3.250935E+01
     9.4000    4.577918E-02  4.643962E-02  3.281787E+01
     9.4500    4.480170E-02  4.528603E-02  3.313311E+01
     9.5000    3.872107E-02  4.338081E-02  3.345447E+01
     9.5500    2.856253E-02  4.079736E-02  3.378197E+01
     9.6000    1.608693E-02  3.755905E-02  3.411490E+01
     9.6500    3.488271E-03  3.374903E-02  3.445398E+01
     9.7000   -7.100407E-03  2.946953E-02  3.480085E+01
     9.7500   -1.405434E-02  2.484059E-02  3.515890E+01
     9.8000   -1.658449E-02  2.000138E-02  3.553514E+01
     9.8500   -1.486923E-02  1.512083E-02  3.594563E+01
     9.9000   -9.962970E-03  1.044453E-02  3.643316E+01
     9.9500   -3.509699E-03  6.518018E-03  3.713050E+01
    10.0000    2.663745E-03  4.998890E-03  3.826110E+01
    10.0500    6.768830E-03  6.769705E-03  3.925384E+01
    10.1000    8.075934E-03  9.736931E-03  3.986265E+01
    10.1500    6.404774E-03  1.266238E-02  4.031038E+01
    10.2000    2.266903E-03  1.519838E-02  4.069099E+01
    10.2500   -3.337255E-03  1.722841E-02  4.103564E+01
    10.3000   -9.219582E-03  1.871876E-02  4.135570E+01
    10.3500   -1.431694E-02  1.968553E-02  4.165506E+01
    10.4000   -1.793115E-02  2.018743E-02  4.193419E+01
    10.4500   -1.983739E-02  2.032566E-02  4.219187E+01
    10.5000   -2.024239E-02  2.024464E-02  4.242641E+01
    10.5500   -1.961769E-02  2.012816E-02  4.263720E+01
    10.6000   -1.846835E-02  2.018298E-02  4.282668E+01
    10.6500   -1.711395E-02  2.060315E-02  4.300203E+01
    10.7000   -1.555276E-02  2.152089E-02  4.317462E+01
    10.7500   -1.345318E-02  2.296912E-02  4.335654E+01
    10.8000   -1.027709E-02  2.488088E-02  4.355649E+01
    10.8500   -5.498813E-03  2.712191E-02  4.377814E+01
    10.9000    1.146752E-03  2.953068E-02  4.402114E+01
    10.9500    9.465010E-03  3.194701E-02  4.428308E+01
    11.0000    1.871830E-02  3.422683E-02  4.456094E+01
    11.0500    2.800382E-02  3.650564E-02  4.485662E+01
    11.1000    3.553585E-02  3.841880E-02  4.516323E+01
    11.1500    3.977230E-02  3.988313E-02  4.547853E+01
    11.2000    3.959247E-02  4.083924E-02  4.580082E+01
    11.2500    3.460011E-02  4.125032E-02  4.612884E+01
    11.3000    2.527229E-02  4.110091E-02  4.646165E+01
    11.3500    1.291045E-02  4.039555E-02  4.679858E+01
    11.4000   -5.995267E-04  3.915728E-02  4.713920E+01
    11.4500   -1.316292E-02  3.742585E-02  4.748328E+01
    11.5000   -2.289850E-02  3.525573E-02  4.783081E+01
    11.5500   -2.850811E-02  3.271393E-02  4.818201E+01
    11.6000   -2.950882E-02  2.987759E-02  4.853741E+01
    11.6500   -2.627940E-02  2.683171E-02  4.889793E+01
    11.7000   -1.991948E-02  2.366693E-02  4.926513E+01
    11.7500   -1.196510E-02  2.047781E-02  4.964147E+01
    11.8000   -4.036521E-03  1.736200E-02  5.003084E+01
    11.8500    2.495128E-03  1.442088E-02  5.043938E+01
    11.9000    6.747231E-03  1.176269E-02  5.087639E+01
    11.9500    8.425810E-03  9.507824E-03  5.135455E+01
    12.0000    7.780129E-03  7.789555E-03  5.188548E+01
    12.0500    5.453558E-03  6.724031E-03  5.246112E+01
    12.1000    2.230550E-03  6.319839E-03  5.304636E+01
    12.1500   -1.148877E-03  6.444697E-03  5.358630E+01
    12.2000   -4.140815E-03  6.886938E-03  5.405215E+01
    12.2500   -6.454334E-03  7.485128E-03  5.444684E+01
    12.3000   -8.017913E-03  8.168652E-03  5.478546E+01
    12.3500   -8.883936E-03  8.934120E-03  5.508391E+01
    12.4000   -9.115642E-03  9.810388E-03  5.535647E+01
    12.4500   -8.701658E-03  1.082961E-02  5.561551E+01
    12.5000   -7.529593E-03  1.200815E-02  5.587092E+01
    12.5500   -5.427367E-03  1.333857E-02  5.612962E+01
    12.6000   -2.256441E-03  1.479083E-02  5.639551E+01
    12.6500    1.977353E-03  1.631864E-02  5.667014E+01
    12.7000    7.036648E-03  1.786680E-02  5.695347E+01
    12.7500    1.242394E-02  1.937753E-02  5.724467E+01
    12.8000    1.742910E-02  2.079507E-02  5.754252E+01
    12.8500    2.124760E-02  2.206892E-02  5.784579E+01
    12.9000    2.314265E-02  2.315588E-02  5.815326E+01
    12.9500    2.261067E-02  2.402140E-02  5.846388E+01
    13.0000    1.950736E-02  2.464035E-02  5.877670E+01
    13.0500    1.410491E-02  2.504722E-02  5.909209E+01
    13.1000    7.020518E-03  2.518704E-02  5.940778E+01
    13.1500   -8.232570E-04  2.506290E-02  5.972311E+01
    13.2000   -8.400539E-03  2.468637E-02  6.003749E+01
    13.2500   -1.476385E-02  2.407634E-02  6.035038E+01
    13.3000   -1.919914E-02  2.325771E-02  6.066134E+01
    13.3500   -2.132359E-02  2.225978E-02  6.097000E+01
    13.4000   -2.111212E-02  2.111451E-02  6.127610E+01
    13.4500   -1.885662E-02  1.985466E-02  6.157947E+01
    13.5000   -1.507648E-02  1.851199E-02  6.188013E+01
    13.5500   -1.040697E-02  1.711556E-02  6.217826E+01
    13.6000   -5.491440E-03  1.569027E-02  6.247429E+01
    13.6500   -8.967333E-04  1.425586E-02  6.276891E+01
    13.7000    2.939754E-03  1.282639E-02  6.306310E+01
    13.7500    5.732609E-03  1.141044E-02  6.335823E+01
    13.8000    7.348826E-03  1.001194E-02  6.365605E+01
    13.8500    7.796063E-03  8.631721E-03  6.395899E+01
    13.9000    7.206116E-03  7.269502E-03  6.427050E+01
    13.9500    5.815896E-03  5.926550E-03  6.459619E+01
    14.0000    3.943549E-03  4.609347E-03  6.494682E+01
    14.0500    2.002782E-03  3.356974E-03  6.533418E+01
    14.1000    3.132135E-04  2.188499E-03  6.582983E+01
    14.1500   -8.221112E-04  1.293533E-03  6.666217E+01
    14.2000   -1.201001E-03  1.302753E-03  6.794210E+01
    14.2500   -7.629517E-04  2.123120E-03  6.874746E+01
    14.3000    3.920657E-04  3.097971E-03  6.924193E+01
    14.3500    2.016576E-03  4.038419E-03  6.963788E+01
    14.4000    3.762680E-03  4.885322E-03  6.999419E+01
    14.4500    5.255803E-03  5.606946E-03  7.033005E+01
    14.5000    6.178544E-03  6.181969E-03  7.065255E+01
    14.5500    6.343031E-03  6.596628E-03  7.096402E+01
    14.6000    5.731298E-03  6.845135E-03  7.126434E+01
    14.6500    4.490999E-03  6.931240E-03  7.155176E+01
    14.7000    2.886206E-03  6.870537E-03  7.182309E+01
    14.7500    1.216604E-03  6.693491E-03  7.207386E+01
    14.8000   -2.712707E-04  6.448971E-03  7.229871E+01
    14.8500   -1.453471E-03  6.206902E-03  7.249300E+01
    14.9000   -2.356318E-03  6.055588E-03  7.265630E+01
    14.9500   -3.132068E-03  6.086145E-03  7.279720E+01
    15.0000   -3.988554E-03  6.362156E-03  7.293422E+01
    15.0500   -5.119305E-03  6.935451E-03  7.308693E+01
    15.1000   -6.557704E-03  7.720933E-03  7.327137E+01
    15.1500   -8.154353E-03  8.642825E-03  7.348962E+01
    15.2000   -9.582501E-03  9.621241E-03  7.373766E+01
    15.2500   -1.040821E-02  1.058363E-02  7.400975E+01
    15.3000   -1.020799E-02  1.146783E-02  7.430057E+01
    15.3500   -8.702141E-03  1.222204E-02  7.460588E+01
    15.4000   -5.864688E-03  1.280413E-02  7.492244E+01
    15.4500   -1.974134E-03  1.318123E-02  7.524789E+01
    15.5000    2.415570E-03  1.332948E-02  7.558045E+01
    15.5500    6.582736E-03  1.323397E-02  7.591884E+01
    15.6000    9.800158E-03  1.288864E-02  7.626211E+01
    15.6500    1.151046E-02  1.229614E-02  7.660961E+01
    15.7000    1.146714E-02  1.146751E-02  7.696092E+01
    15.7500    9.801091E-03  1.042171E-02  7.731587E+01
    15.8000    6.991846E-03  9.184949E-03  7.767461E+01
    15.8500    3.748298E-03  7.789864E-03  7.803782E+01
    15.9000    8.293775E-04  6.274592E-03  7.840725E+01
    15.9500   -1.147665E-03  4.681915E-03  7.878747E+01
    16.0000   -1.859374E-03  3.059423E-03  7.919304E+01
    16.0500   -1.372085E-03  1.497471E-03  7.969848E+01
    16.1000   -4.378977E-05  4.293331E-04  8.157924E+01
    16.1500    1.545363E-03  1.590671E-03  8.301296E+01
    16.2000    2.775866E-03  2.858642E-03  8.349344E+01
    16.2500    3.169240E-03  3.962598E-03  8.389606E+01
    16.3000    2.522412E-03  4.858316E-03  8.427709E+01
    16.3500    9.578559E-04  5.517549E-03  8.464852E+01
    16.4000   -1.123865E-03  5.921177E-03  8.501396E+01
    16.4500   -3.173648E-03  6.058660E-03  8.537433E+01
    16.5000   -4.665707E-03  5.928222E-03  8.572899E+01
    16.5500   -5.259432E-03  5.537188E-03  8.607572E+01
    16.6000   -4.902016E-03  4.902628E-03  8.640960E+01
    16.6500   -3.840422E-03  4.053356E-03  8.671937E+01
    16.7000   -2.538676E-03  3.037809E-03  8.697520E+01
    16.7500   -1.525281E-03  1.964355E-03  8.707554E+01
    16.8000   -1.217254E-03  1.264137E-03  8.666700E+01
    16.8500   -1.775190E-03  1.843863E-03  8.612002E+01
    16.9000   -3.035395E-03  3.124022E-03  8.615503E+01
    16.9500   -4.542678E-03  4.542678E-03  8.639357E+01
    17.0000   -5.677433E-03  5.953006E-03  8.669926E+01
    17.0500   -5.856143E-03  7.301772E-03  8.703393E+01
    17.1000   -4.670167E-03  8.522853E-03  8.738467E+01
    17.1500   -2.083528E-03  9.575645E-03  8.774525E+01
    17.2000    1.538502E-03  1.042749E-02  8.811268E+01
    17.2500    5.500566E-03  1.105344E-02  8.848546E+01
    17.3000    8.946873E-03  1.143651E-02  8.886296E+01
    17.3500    1.108386E-02  1.156800E-02  8.924505E+01
    17.4000    1.139419E-02  1.144769E-02  8.963211E+01
    17.4500    9.781989E-03  1.108396E-02  9.002496E+01
    17.5000    6.607625E-03  1.049379E-02  9.042506E+01
    17.5500    2.601231E-03  9.702880E-03  9.083478E+01
    17.6000   -1.322272E-03  8.746086E-03  9.125795E+01
    17.6500   -4.296524E-03  7.668781E-03  9.170089E+01
    17.7000   -5.722200E-03  6.530447E-03  9.217418E+01
    17.7500   -5.412030E-03  5.412963E-03  9.269555E+01
    17.8000   -3.624689E-03  4.436786E-03  9.329165E+01
    17.8500   -9.809238E-04  3.775772E-03  9.398497E+01
    17.9000    1.712481E-03  3.603854E-03  9.474295E+01
    17.9500    3.680842E-03  3.924846E-03  9.546411E+01
    18.0000    4.381898E-03  4.546037E-03  9.608811E+01
    18.0500    3.634180E-03  5.264916E-03  9.662752E+01
    18.1000    1.642904E-03  5.943078E-03  9.710928E+01
    18.1500   -1.064846E-03  6.503249E-03  9.755385E+01
    18.2000   -3.805176E-03  6.901594E-03  9.797335E+01
    18.2500   -5.929255E-03  7.114692E-03  9.837457E+01
    18.3000   -6.992393E-03  7.133335E-03  9.876105E+01
    18.3500   -6.854473E-03  6.959534E-03  9.913415E+01
    18.4000   -5.688041E-03  6.605034E-03  9.949340E+01
    18.4500   -3.898223E-03  6.090731E-03  9.983643E+01
    18.5000   -1.983927E-03  5.447021E-03  1.001582E+02
    18.5500   -3.851049E-04  4.715787E-03  1.004492E+02
    18.6000    6.378078E-04  3.955855E-03  1.006929E+02
    18.6500    1.058622E-03  3.255051E-03  1.008622E+02
    18.7000    1.062507E-03  2.746557E-03  1.009282E+02
    18.7500    9.579702E-04  2.585380E-03  1.009105E+02
    18.8000    1.055441E-03  2.815329E-03  1.009152E+02
    18.8500    1.552811E-03  3.305294E-03  1.010200E+02
    18.9000    2.464080E-03  3.891306E-03  1.012167E+02
    18.9500    3.612133E-03  4.463700E-03  1.014738E+02
    19.0000    4.685693E-03  4.959091E-03  1.017682E+02
    19.0500    5.358091E-03  5.358745E-03  1.020861E+02
    19.1000    5.342808E-03  5.625423E-03  1.024201E+02
    19.1500    4.528825E-03  5.747698E-03  1.027651E+02
    19.2000    3.012258E-03  5.722690E-03  1.031182E+02
    19.2500    1.075608E-03  5.554615E-03  1.034777E+02
    19.3000   -8.885394E-04  5.253750E-03  1.038425E+02
    19.3500   -2.485334E-03  4.835546E-03  1.042124E+02
    19.4000   -3.423967E-03  4.319767E-03  1.045877E+02
    19.4500   -3.590895E-03  3.729645E-03  1.049697E+02
    19.5000   -3.069514E-03  3.091094E-03  1.053616E+02
    19.5500   -2.102856E-03  2.432198E-03  1.057698E+02
    19.6000   -1.013339E-03  1.783615E-03  1.062099E+02
    19.6500   -1.060515E-04  1.182677E-03  1.067244E+02
    19.7000    4.142351E-04  6.959806E-04  1.074516E+02
    19.7500    4.880395E-04  5.045144E-04  1.086412E+02
    19.8000    1.971051E-04  6.840870E-04  1.096635E+02
    19.8500   -2.835069E-04  9.351030E-04  1.102638E+02
    19.9000   -7.581388E-04  1.122842E-03  1.106970E+02
    19.9500   -1.081948E-03  1.220027E-03  1.110462E+02
    20.0000   -1.206641E-03  1.231420E-03  1.113256E+02
