 comment: None given                            Feff8L (EXAFS)       0.1
 Source:
 Structure Summary:  Fe4 S8
 Reduced formula:  FeS2
 space group: (Pa-3), space number:  (205)
 abc:  5.396824   5.396824   5.396824
 angles: 90.000000  90.000000  90.000000
 sites: 12
 mp-226
 POT  Non-SCF, core-hole, AFOLP (folp(0)= 1.150)
 Abs   Z=26 Rmt= 1.298 Rnm= 1.379 K  shell
 Pot 1 Z=26 Rmt= 1.302 Rnm= 1.388
 Pot 2 Z=16 Rmt= 1.274 Rnm= 1.379
 Gam_ch=1.309E+00 H-L exch
 Mu=-7.463E-01 kf=2.171E+00 Vint=-1.870E+01 Rs_int= 1.671
 PATH  Rmax= 6.000,  Keep_limit= 0.00, Heap_limit 0.00  Pwcrit= 2.50%
 Path   20      icalc       2
 -----------------------------------------------------------------------
   3  12.000   4.9991    2.6120   -0.74635 nleg, deg, reff, rnrmav(bohr), edge
        x         y         z   pot at#
    -0.0000   -0.0000   -0.0000  0  26 Fe       absorbing atom
    -2.0798   -3.3170   -2.0798  2  16 S
    -0.6186   -2.0798    0.6186  2  16 S
    k   real[2*phc]   mag[feff]  phase[feff] red factor   lambda     real[p]@#
 -0.000  3.2693E+00  1.0302E-05 -3.3361E+00  1.007E+00  2.5280E+01  2.1712E+00
  0.100  3.2689E+00  1.4541E-02 -4.3144E+00  1.007E+00  2.5305E+01  2.1734E+00
  0.200  3.2677E+00  2.8717E-02 -5.2472E+00  1.007E+00  2.5379E+01  2.1800E+00
  0.300  3.2657E+00  4.2174E-02 -6.1348E+00  1.007E+00  2.5494E+01  2.1910E+00
  0.400  3.2628E+00  5.4577E-02 -6.9764E+00  1.008E+00  2.5638E+01  2.2062E+00
  0.500  3.2588E+00  6.5612E-02 -7.7706E+00  1.008E+00  2.5794E+01  2.2257E+00
  0.600  3.2538E+00  7.4984E-02 -8.5156E+00  1.009E+00  2.5941E+01  2.2492E+00
  0.700  3.2476E+00  8.2415E-02 -9.2083E+00  1.009E+00  2.6057E+01  2.2768E+00
  0.800  3.2400E+00  8.7659E-02 -9.8448E+00  1.010E+00  2.6116E+01  2.3083E+00
  0.900  3.2309E+00  9.0562E-02 -1.0420E+01  1.011E+00  2.6094E+01  2.3435E+00
  1.000  3.2200E+00  9.1190E-02 -1.0925E+01  1.012E+00  2.5970E+01  2.3823E+00
  1.100  3.2073E+00  9.0068E-02 -1.1351E+01  1.013E+00  2.5727E+01  2.4246E+00
  1.200  3.1924E+00  8.8486E-02 -1.1689E+01  1.015E+00  2.5358E+01  2.4704E+00
  1.300  3.1753E+00  8.8693E-02 -1.1938E+01  1.017E+00  2.4862E+01  2.5195E+00
  1.400  3.1556E+00  9.3412E-02 -1.2118E+01  1.019E+00  2.4247E+01  2.5718E+00
  1.500  3.1332E+00  1.0438E-01 -1.2274E+01  1.022E+00  2.3531E+01  2.6272E+00
  1.600  3.1078E+00  1.2119E-01 -1.2441E+01  1.025E+00  2.2735E+01  2.6857E+00
  1.700  3.0792E+00  1.4186E-01 -1.2631E+01  1.028E+00  2.1888E+01  2.7473E+00
  1.800  3.0471E+00  1.6396E-01 -1.2841E+01  1.032E+00  2.1017E+01  2.8119E+00
  1.900  3.0113E+00  1.8541E-01 -1.3060E+01  1.036E+00  2.0152E+01  2.8795E+00
  2.000  2.9714E+00  2.0462E-01 -1.3280E+01  1.040E+00  1.9319E+01  2.9502E+00
  2.200  2.8783E+00  2.3252E-01 -1.3700E+01  1.049E+00  1.7845E+01  3.1010E+00
  2.400  2.7669E+00  2.4358E-01 -1.4059E+01  1.057E+00  1.6763E+01  3.2660E+00
  2.600  2.5959E+00  2.4856E-01 -1.4297E+01  1.090E+00  1.2469E+01  3.4583E+00
  2.800  2.5095E+00  2.8300E-01 -1.4824E+01  1.200E+00  7.8224E+00  3.6132E+00
  3.000  2.4783E+00  2.9804E-01 -1.5492E+01  1.238E+00  6.7448E+00  3.7446E+00
  3.200  2.4237E+00  2.9913E-01 -1.6086E+01  1.253E+00  6.2177E+00  3.8854E+00
  3.400  2.3570E+00  2.8948E-01 -1.6628E+01  1.256E+00  5.9653E+00  4.0328E+00
  3.600  2.2812E+00  2.7120E-01 -1.7125E+01  1.247E+00  5.8609E+00  4.1854E+00
  3.800  2.1997E+00  2.4579E-01 -1.7595E+01  1.237E+00  5.8479E+00  4.3429E+00
  4.000  2.1145E+00  2.1920E-01 -1.8047E+01  1.219E+00  5.8973E+00  4.5046E+00
  4.200  2.0265E+00  1.9375E-01 -1.8479E+01  1.203E+00  5.9920E+00  4.6701E+00
  4.400  1.9375E+00  1.6976E-01 -1.8887E+01  1.187E+00  6.1215E+00  4.8390E+00
  4.600  1.8484E+00  1.4740E-01 -1.9273E+01  1.169E+00  6.2790E+00  5.0109E+00
  4.800  1.7584E+00  1.2687E-01 -1.9632E+01  1.153E+00  6.4595E+00  5.1855E+00
  5.000  1.6687E+00  1.0782E-01 -1.9974E+01  1.138E+00  6.6596E+00  5.3625E+00
  5.200  1.5793E+00  9.0926E-02 -2.0292E+01  1.125E+00  6.8767E+00  5.5416E+00
  5.400  1.4895E+00  7.5968E-02 -2.0584E+01  1.112E+00  7.1089E+00  5.7226E+00
  5.600  1.3998E+00  6.2537E-02 -2.0853E+01  1.101E+00  7.3545E+00  5.9053E+00
  5.800  1.3097E+00  5.0830E-02 -2.1090E+01  1.090E+00  7.6125E+00  6.0894E+00
  6.000  1.2190E+00  4.0658E-02 -2.1290E+01  1.080E+00  7.8817E+00  6.2749E+00
  6.500  9.9235E-01  2.1674E-02 -2.1544E+01  1.057E+00  8.5992E+00  6.7435E+00
  7.000  7.6981E-01  1.4364E-02 -2.1302E+01  1.037E+00  9.3731E+00  7.2179E+00
  7.500  5.5828E-01  1.6968E-02 -2.1178E+01  1.020E+00  1.0197E+01  7.6966E+00
  8.000  3.6138E-01  2.0332E-02 -2.1410E+01  1.005E+00  1.1067E+01  8.1787E+00
  8.500  1.7654E-01  2.1768E-02 -2.1759E+01  9.918E-01  1.1978E+01  8.6635E+00
  9.000 -8.7223E-03  2.1345E-02 -2.2113E+01  9.779E-01  1.2929E+01  9.1505E+00
  9.500 -1.9066E-01  1.9707E-02 -2.2465E+01  9.666E-01  1.3918E+01  9.6393E+00
 10.000 -3.6799E-01  1.7379E-02 -2.2797E+01  9.571E-01  1.4943E+01  1.0130E+01
 11.000 -6.9767E-01  1.2391E-02 -2.3372E+01  9.439E-01  1.7094E+01  1.1113E+01
 12.000 -9.9660E-01  8.2608E-03 -2.3774E+01  9.373E-01  1.9374E+01  1.2101E+01
 13.000 -1.2769E+00  6.0971E-03 -2.4013E+01  9.334E-01  2.1776E+01  1.3090E+01
 14.000 -1.5330E+00  5.2804E-03 -2.4276E+01  9.311E-01  2.4294E+01  1.4082E+01
 15.000 -1.7690E+00  4.6411E-03 -2.4574E+01  9.309E-01  2.6923E+01  1.5075E+01
 16.000 -1.9903E+00  4.2892E-03 -2.4873E+01  9.310E-01  2.9659E+01  1.6069E+01
 17.000 -2.1942E+00  4.1647E-03 -2.5226E+01  9.316E-01  3.2498E+01  1.7064E+01
 18.000 -2.3849E+00  3.9807E-03 -2.5627E+01  9.327E-01  3.5436E+01  1.8059E+01
 19.000 -2.5635E+00  3.7129E-03 -2.6043E+01  9.335E-01  3.8471E+01  1.9055E+01
 20.000 -2.7301E+00  3.4424E-03 -2.6475E+01  9.342E-01  4.1599E+01  2.0052E+01
