 comment: None given                            Feff8L (EXAFS)       0.1
 Source:
 Structure Summary:  Fe4 S8
 Reduced formula:  FeS2
 space group: (Pa-3), space number:  (205)
 abc:  5.396824   5.396824   5.396824
 angles: 90.000000  90.000000  90.000000
 sites: 12
 mp-226
 POT  Non-SCF, core-hole, AFOLP (folp(0)= 1.150)
 Abs   Z=26 Rmt= 1.298 Rnm= 1.379 K  shell
 Pot 1 Z=26 Rmt= 1.302 Rnm= 1.388
 Pot 2 Z=16 Rmt= 1.274 Rnm= 1.379
 Gam_ch=1.309E+00 H-L exch
 Mu=-7.463E-01 kf=2.171E+00 Vint=-1.870E+01 Rs_int= 1.671
 PATH  Rmax= 6.000,  Keep_limit= 0.00, Heap_limit 0.00  Pwcrit= 2.50%
 Path   39      icalc       2
 -----------------------------------------------------------------------
   2   2.000   5.7452    2.6120   -0.74635 nleg, deg, reff, rnrmav(bohr), edge
        x         y         z   pot at#
    -0.0000   -0.0000   -0.0000  0  26 Fe       absorbing atom
     3.3170   -3.3170    3.3170  2  16 S
    k   real[2*phc]   mag[feff]  phase[feff] red factor   lambda     real[p]@#
 -0.000  3.2693E+00  2.8974E-05 -4.0712E-01  1.007E+00  2.5280E+01  2.1712E+00
  0.100  3.2689E+00  4.0900E-02 -1.5282E+00  1.007E+00  2.5305E+01  2.1734E+00
  0.200  3.2677E+00  8.0778E-02 -2.5912E+00  1.007E+00  2.5379E+01  2.1800E+00
  0.300  3.2657E+00  1.1862E-01 -3.5968E+00  1.007E+00  2.5494E+01  2.1910E+00
  0.400  3.2628E+00  1.5344E-01 -4.5452E+00  1.008E+00  2.5638E+01  2.2062E+00
  0.500  3.2588E+00  1.8428E-01 -5.4363E+00  1.008E+00  2.5794E+01  2.2257E+00
  0.600  3.2538E+00  2.1025E-01 -6.2699E+00  1.009E+00  2.5941E+01  2.2492E+00
  0.700  3.2476E+00  2.3056E-01 -7.0455E+00  1.009E+00  2.6057E+01  2.2768E+00
  0.800  3.2400E+00  2.4461E-01 -7.7620E+00  1.010E+00  2.6116E+01  2.3083E+00
  0.900  3.2309E+00  2.5211E-01 -8.4175E+00  1.011E+00  2.6094E+01  2.3435E+00
  1.000  3.2200E+00  2.5321E-01 -9.0088E+00  1.012E+00  2.5970E+01  2.3823E+00
  1.100  3.2073E+00  2.4885E-01 -9.5313E+00  1.013E+00  2.5727E+01  2.4246E+00
  1.200  3.1924E+00  2.4100E-01 -9.9792E+00  1.015E+00  2.5358E+01  2.4704E+00
  1.300  3.1753E+00  2.3301E-01 -1.0347E+01  1.017E+00  2.4862E+01  2.5195E+00
  1.400  3.1556E+00  2.2959E-01 -1.0637E+01  1.019E+00  2.4247E+01  2.5718E+00
  1.500  3.1332E+00  2.3572E-01 -1.0865E+01  1.022E+00  2.3531E+01  2.6272E+00
  1.600  3.1078E+00  2.5457E-01 -1.1062E+01  1.025E+00  2.2735E+01  2.6857E+00
  1.700  3.0792E+00  2.8599E-01 -1.1255E+01  1.028E+00  2.1888E+01  2.7473E+00
  1.800  3.0471E+00  3.2723E-01 -1.1456E+01  1.032E+00  2.1017E+01  2.8119E+00
  1.900  3.0113E+00  3.7473E-01 -1.1665E+01  1.036E+00  2.0152E+01  2.8795E+00
  2.000  2.9714E+00  4.2526E-01 -1.1874E+01  1.040E+00  1.9319E+01  2.9502E+00
  2.200  2.8783E+00  5.2582E-01 -1.2259E+01  1.049E+00  1.7845E+01  3.1010E+00
  2.400  2.7669E+00  6.1436E-01 -1.2553E+01  1.057E+00  1.6763E+01  3.2660E+00
  2.600  2.5959E+00  6.9720E-01 -1.2636E+01  1.090E+00  1.2469E+01  3.4583E+00
  2.800  2.5095E+00  8.3055E-01 -1.3095E+01  1.200E+00  7.8224E+00  3.6132E+00
  3.000  2.4783E+00  9.2426E-01 -1.3772E+01  1.238E+00  6.7448E+00  3.7446E+00
  3.200  2.4237E+00  9.8819E-01 -1.4362E+01  1.253E+00  6.2177E+00  3.8854E+00
  3.400  2.3570E+00  1.0234E+00 -1.4892E+01  1.256E+00  5.9653E+00  4.0328E+00
  3.600  2.2812E+00  1.0322E+00 -1.5376E+01  1.247E+00  5.8609E+00  4.1854E+00
  3.800  2.1997E+00  1.0186E+00 -1.5826E+01  1.237E+00  5.8479E+00  4.3429E+00
  4.000  2.1145E+00  9.9494E-01 -1.6250E+01  1.219E+00  5.8973E+00  4.5046E+00
  4.200  2.0265E+00  9.6681E-01 -1.6648E+01  1.203E+00  5.9920E+00  4.6701E+00
  4.400  1.9375E+00  9.3661E-01 -1.7018E+01  1.187E+00  6.1215E+00  4.8390E+00
  4.600  1.8484E+00  9.0580E-01 -1.7363E+01  1.169E+00  6.2790E+00  5.0109E+00
  4.800  1.7584E+00  8.7519E-01 -1.7681E+01  1.153E+00  6.4595E+00  5.1855E+00
  5.000  1.6687E+00  8.4289E-01 -1.7974E+01  1.138E+00  6.6596E+00  5.3625E+00
  5.200  1.5793E+00  8.1109E-01 -1.8247E+01  1.125E+00  6.8767E+00  5.5416E+00
  5.400  1.4895E+00  7.7905E-01 -1.8496E+01  1.112E+00  7.1089E+00  5.7226E+00
  5.600  1.3998E+00  7.4499E-01 -1.8725E+01  1.101E+00  7.3545E+00  5.9053E+00
  5.800  1.3097E+00  7.1100E-01 -1.8938E+01  1.090E+00  7.6125E+00  6.0894E+00
  6.000  1.2190E+00  6.7684E-01 -1.9136E+01  1.080E+00  7.8817E+00  6.2749E+00
  6.500  9.9235E-01  5.9550E-01 -1.9583E+01  1.057E+00  8.5992E+00  6.7435E+00
  7.000  7.6981E-01  5.2526E-01 -1.9979E+01  1.037E+00  9.3731E+00  7.2179E+00
  7.500  5.5828E-01  4.6632E-01 -2.0334E+01  1.020E+00  1.0197E+01  7.6966E+00
  8.000  3.6138E-01  4.1300E-01 -2.0650E+01  1.005E+00  1.1067E+01  8.1787E+00
  8.500  1.7654E-01  3.6292E-01 -2.0935E+01  9.918E-01  1.1978E+01  8.6635E+00
  9.000 -8.7223E-03  3.1981E-01 -2.1201E+01  9.779E-01  1.2929E+01  9.1505E+00
  9.500 -1.9066E-01  2.8458E-01 -2.1446E+01  9.666E-01  1.3918E+01  9.6393E+00
 10.000 -3.6799E-01  2.5560E-01 -2.1672E+01  9.571E-01  1.4943E+01  1.0130E+01
 11.000 -6.9767E-01  2.0482E-01 -2.2074E+01  9.439E-01  1.7094E+01  1.1113E+01
 12.000 -9.9660E-01  1.6620E-01 -2.2439E+01  9.373E-01  1.9374E+01  1.2101E+01
 13.000 -1.2769E+00  1.3870E-01 -2.2759E+01  9.334E-01  2.1776E+01  1.3090E+01
 14.000 -1.5330E+00  1.1668E-01 -2.3068E+01  9.311E-01  2.4294E+01  1.4082E+01
 15.000 -1.7690E+00  1.0464E-01 -2.3353E+01  9.309E-01  2.6923E+01  1.5075E+01
 16.000 -1.9903E+00  9.7980E-02 -2.3636E+01  9.310E-01  2.9659E+01  1.6069E+01
 17.000 -2.1942E+00  9.4845E-02 -2.3909E+01  9.316E-01  3.2498E+01  1.7064E+01
 18.000 -2.3849E+00  9.2060E-02 -2.4151E+01  9.327E-01  3.5436E+01  1.8059E+01
 19.000 -2.5635E+00  8.9490E-02 -2.4379E+01  9.335E-01  3.8471E+01  1.9055E+01
 20.000 -2.7301E+00  8.8727E-02 -2.4584E+01  9.342E-01  4.1599E+01  2.0052E+01
