ATOMS
  *       x          y         z    ipot  Atom      Distance    Number
**********-  ********-  ********  ******  ******  **********  ********
    0         0          0             0  Fe         0               0
   -1.21708  -0.702682  -1.92097       1  Fe         2.38016         1
   -1.21708  -0.702682   1.92097       1  Fe         2.38016        18
    2e-06     1.40536   -1.92097       1  Fe         2.38016       150
    2e-06     1.40536    1.92097       1  Fe         2.38016       181
    1.21708  -0.702682  -1.92097       1  Fe         2.38016        92
    1.21708  -0.702682   1.92097       1  Fe         2.38016       116
   -1.21708  -2.10804    0             1  Fe         2.43416        20
   -1.21708   2.10804    0             1  Fe         2.43416        68
    1.21708  -2.10804    0             1  Fe         2.43416       120
    1.21708   2.10804    0             1  Fe         2.43416       177
   -2.43416   0          0             1  Fe         2.43416        77
    2.43416   0          0             1  Fe         2.43416       179
   -2.43416   1.40536   -1.92097       1  Fe         3.40445        49
   -2.43416   1.40536    1.92097       1  Fe         3.40445        74
    3e-06    -2.81072   -1.92097       1  Fe         3.40445        99
    3e-06    -2.81072    1.92097       1  Fe         3.40445       126
    2.43416   1.40536   -1.92097       1  Fe         3.40445       146
    2.43416   1.40536    1.92097       1  Fe         3.40445       176
    0         0         -3.84193       1  Fe         3.84193       152
    0         0          3.84193       1  Fe         3.84193       182
   -1.21708   3.5134    -1.92097       1  Fe         4.18514        43
   -1.21708   3.5134     1.92097       1  Fe         4.18514        65
   -3.65123  -0.702682  -1.92097       1  Fe         4.18514         4
   -2.43416  -2.81072   -1.92097       1  Fe         4.18514         6
   -3.65123  -0.702682   1.92097       1  Fe         4.18514        22
   -2.43416  -2.81072    1.92097       1  Fe         4.18514        25
    1.21708   3.5134    -1.92097       1  Fe         4.18514       144
    1.21708   3.5134     1.92097       1  Fe         4.18514       173
    3.65124  -0.702682  -1.92097       1  Fe         4.18514        87
    2.43416  -2.81072   -1.92097       1  Fe         4.18514        94
    3.65124  -0.702682   1.92097       1  Fe         4.18514       109
    2.43416  -2.81072    1.92097       1  Fe         4.18514       119
   -3.65124  -2.10804    0             1  Fe         4.21608        26
   -1e-06     4.21608    0             1  Fe         4.21608        60
    1e-06    -4.21608    0             1  Fe         4.21608       129
    3.65124   2.10804    0             1  Fe         4.21608       168
   -3.65124   2.10804    0             1  Fe         4.21608        75
    3.65124  -2.10804    0             1  Fe         4.21608       112
   -1.21708  -2.10804   -3.84193       1  Fe         4.54814         3
   -1.21708  -2.10804    3.84193       1  Fe         4.54814        19
    1.21708   2.10804   -3.84193       1  Fe         4.54814       147
    1.21708   2.10804    3.84193       1  Fe         4.54814       175
   -1.21708   2.10804   -3.84193       1  Fe         4.54814        46
   -2.43416   0         -3.84193       1  Fe         4.54814        52
   -1.21708   2.10804    3.84193       1  Fe         4.54814        67
   -2.43416   0          3.84193       1  Fe         4.54814        76
    1.21708  -2.10804   -3.84193       1  Fe         4.54814        95
    1.21708  -2.10804    3.84193       1  Fe         4.54814       118
    2.43416   0         -3.84193       1  Fe         4.54814       149
    2.43416   0          3.84193       1  Fe         4.54814       178
   -2.43416  -4.21608    0             1  Fe         4.86831        29
    2.43416   4.21608    0             1  Fe         4.86831       165
   -2.43416   4.21608    0             1  Fe         4.86831        66
   -4.86831   0          0             1  Fe         4.86831        83
    2.43416  -4.21608    0             1  Fe         4.86831       123
    4.86831   0          0             1  Fe         4.86831       170
   -3.65123   3.5134    -1.92097       1  Fe         5.41901        47
   -4.86831   1.40536   -1.92097       1  Fe         5.41901        54
   -3.65123   3.5134     1.92097       1  Fe         5.41901        70
   -4.86831   1.40536    1.92097       1  Fe         5.41901        80
   -1.21707  -4.91877   -1.92097       1  Fe         5.41901         9
   -1.21707  -4.91877    1.92097       1  Fe         5.41901        28
    3.65124   3.5134    -1.92097       1  Fe         5.41901       138
    3.65124   3.5134     1.92097       1  Fe         5.41901       164
    1.21708  -4.91877   -1.92097       1  Fe         5.41901       101
    1.21708  -4.91877    1.92097       1  Fe         5.41901       128
    4.86832   1.40536   -1.92097       1  Fe         5.41901       140
    4.86832   1.40536    1.92097       1  Fe         5.41901       167
   -3.65124  -2.10804   -3.84193       1  Fe         5.70402         7
   -3.65124  -2.10804    3.84193       1  Fe         5.70402        24
   -1e-06     4.21608   -3.84193       1  Fe         5.70402        41
   -1e-06     4.21608    3.84193       1  Fe         5.70402        59
    1e-06    -4.21608   -3.84193       1  Fe         5.70402       102
    1e-06    -4.21608    3.84193       1  Fe         5.70402       127
    3.65124   2.10804   -3.84193       1  Fe         5.70402       141
    3.65124   2.10804    3.84193       1  Fe         5.70402       166
   -3.65124   2.10804   -3.84193       1  Fe         5.70402        50
   -3.65124   2.10804    3.84193       1  Fe         5.70402        73
    3.65124  -2.10804   -3.84193       1  Fe         5.70402        90
    3.65124  -2.10804    3.84193       1  Fe         5.70402       110
   -1.21708  -0.702682  -5.7629        1  Fe         5.93178         2
   -1.21708  -0.702682   5.7629        1  Fe         5.93178        17
    2e-06     1.40536   -5.7629        1  Fe         5.93178       151
    2e-06     1.40536    5.7629        1  Fe         5.93178       180
    1.21708  -0.702682  -5.7629        1  Fe         5.93179        93
    1.21708  -0.702682   5.7629        1  Fe         5.93179       115
    1e-06     5.62144   -1.92097       1  Fe         5.9406        143
    1e-06     5.62144    1.92097       1  Fe         5.9406        171
   -4.86831  -2.81072   -1.92097       1  Fe         5.9406         13
   -4.86831  -2.81072    1.92097       1  Fe         5.9406         34
    4.86832  -2.81072   -1.92097       1  Fe         5.94061        89
    4.86832  -2.81072    1.92097       1  Fe         5.94061       111
   -2.43416  -4.21608   -3.84193       1  Fe         6.20169        10
   -2.43416  -4.21608    3.84193       1  Fe         6.20169        27
   -2.43416   4.21608   -3.84193       1  Fe         6.20169        44
   -2.43416   4.21608    3.84193       1  Fe         6.20169        64
    2.43416  -4.21608   -3.84193       1  Fe         6.20169        98
    2.43416  -4.21608    3.84193       1  Fe         6.20169       121
    2.43416   4.21608   -3.84193       1  Fe         6.20169       139
    2.43416   4.21608    3.84193       1  Fe         6.20169       163
   -4.86831   0         -3.84193       1  Fe         6.20169        56
   -4.86831   0          3.84193       1  Fe         6.20169        82
    4.86831   0         -3.84193       1  Fe         6.20169       142
    4.86831   0          3.84193       1  Fe         6.20169       169
   -2.43416   1.40536   -5.7629        1  Fe         6.4118         51
   -2.43416   1.40536    5.7629        1  Fe         6.4118         72
    3e-06    -2.81072   -5.7629        1  Fe         6.4118        100
    3e-06    -2.81072    5.7629        1  Fe         6.4118        125
    2.43416   1.40536   -5.7629        1  Fe         6.4118        148
    2.43416   1.40536    5.7629        1  Fe         6.4118        174
   -2.43416   5.62144   -1.92097       1  Fe         6.41996        42
   -2.43416   5.62144    1.92097       1  Fe         6.41996        61
   -6.08539  -0.702682  -1.92097       1  Fe         6.41996        12
   -3.65123  -4.91877   -1.92097       1  Fe         6.41996        15
   -6.08539  -0.702682   1.92097       1  Fe         6.41996        32
   -3.65123  -4.91877    1.92097       1  Fe         6.41996        37
    2.43416   5.62144   -1.92097       1  Fe         6.41996       136
    2.43416   5.62144    1.92097       1  Fe         6.41996       161
    3.65124  -4.91877   -1.92097       1  Fe         6.41996        97
    3.65124  -4.91877    1.92097       1  Fe         6.41996       122
    6.0854   -0.702682  -1.92097       1  Fe         6.41996        85
    6.0854   -0.702682   1.92097       1  Fe         6.41996       105
   -1.21708  -6.32413    0             1  Fe         6.44017        31
   -4.86831  -4.21608    0             1  Fe         6.44017        38
    4.86831   4.21608    0             1  Fe         6.44017       156
    1.21708   6.32413    0             1  Fe         6.44017       162
   -6.08539  -2.10804    0             1  Fe         6.44017        35
   -1.21708   6.32413    0             1  Fe         6.44017        58
    1.21708  -6.32413    0             1  Fe         6.44017       131
    6.08539   2.10804    0             1  Fe         6.44017       158
   -4.86832   4.21608    0             1  Fe         6.44018        71
   -6.0854    2.10804    0             1  Fe         6.44018        81
    6.0854   -2.10804    0             1  Fe         6.44018       107
    4.86832  -4.21608    0             1  Fe         6.44018       114
   -3.65123  -0.702682  -5.7629        1  Fe         6.8583          5
   -3.65123  -0.702682   5.7629        1  Fe         6.8583         21
   -1.21708   3.5134    -5.7629        1  Fe         6.8583         45
   -1.21708   3.5134     5.7629        1  Fe         6.8583         63
    1.21708   3.5134    -5.7629        1  Fe         6.8583        145
    1.21708   3.5134     5.7629        1  Fe         6.8583        172
   -2.43416  -2.81072   -5.7629        1  Fe         6.8583          8
   -2.43416  -2.81072    5.7629        1  Fe         6.8583         23
    3.65124  -0.702682  -5.7629        1  Fe         6.8583         88
    2.43416  -2.81072   -5.7629        1  Fe         6.8583         96
    3.65124  -0.702682   5.7629        1  Fe         6.8583        108
    2.43416  -2.81072    5.7629        1  Fe         6.8583        117
   -6.08539   3.5134    -1.92097       1  Fe         7.28465        53
   -6.08539   3.5134     1.92097       1  Fe         7.28465        78
    4e-06    -7.02681   -1.92097       1  Fe         7.28465       104
    4e-06    -7.02681    1.92097       1  Fe         7.28465       132
    6.0854    3.5134    -1.92097       1  Fe         7.28465       133
    6.0854    3.5134     1.92097       1  Fe         7.28465       155
   -3.65123  -6.32413    0             1  Fe         7.30247        39
    3.65123   6.32413    0             1  Fe         7.30247       153
   -3.65124   6.32413    0             1  Fe         7.30247        62
    3.65124  -6.32413    0             1  Fe         7.30247       124
   -7.30247   0          0             1  Fe         7.30247        84
    7.30247   0          0             1  Fe         7.30247       159
   -1.21708  -6.32413   -3.84193       1  Fe         7.49909        11
   -4.86831  -4.21608   -3.84193       1  Fe         7.49909        16
   -1.21708  -6.32413    3.84193       1  Fe         7.49909        30
   -4.86831  -4.21608    3.84193       1  Fe         7.49909        36
   -1.21708   6.32413   -3.84193       1  Fe         7.49909        40
   -1.21708   6.32413    3.84193       1  Fe         7.49909        57
    1.21708  -6.32413   -3.84193       1  Fe         7.49909       103
    1.21708  -6.32413    3.84193       1  Fe         7.49909       130
    4.86831   4.21608   -3.84193       1  Fe         7.49909       134
    1.21708   6.32413   -3.84193       1  Fe         7.49909       137
    4.86831   4.21608    3.84193       1  Fe         7.49909       154
    1.21708   6.32413    3.84193       1  Fe         7.49909       160
   -6.08539  -2.10804   -3.84193       1  Fe         7.49909        14
   -6.08539  -2.10804    3.84193       1  Fe         7.49909        33
   -4.86832   4.21608   -3.84193       1  Fe         7.49909        48
   -4.86832   4.21608    3.84193       1  Fe         7.49909        69
    4.86832  -4.21608   -3.84193       1  Fe         7.49909        91
    4.86832  -4.21608    3.84193       1  Fe         7.49909       113
    6.08539   2.10804   -3.84193       1  Fe         7.49909       135
    6.08539   2.10804    3.84193       1  Fe         7.49909       157
   -6.0854    2.10804   -3.84193       1  Fe         7.49909        55
   -6.0854    2.10804    3.84193       1  Fe         7.49909        79
    6.0854   -2.10804   -3.84193       1  Fe         7.49909        86
    6.0854   -2.10804    3.84193       1  Fe         7.49909       106
END
