 comment: None given                            Feff8L (EXAFS)       0.1
 Source:
 Structure Summary:  Fe2
 Reduced formula:  Fe
 space group: (P6_3/mmc), space number:  (194)
 abc:  2.434158   2.434157   3.841934
 angles: 90.000000  90.000000 120.000017
 sites: 2
 mp-136
 POT  Non-SCF, core-hole, AFOLP (folp(0)= 1.150)
 Abs   Z=26 Rmt= 1.279 Rnm= 1.315 K  shell
 Pot 1 Z=26 Rmt= 1.287 Rnm= 1.324
 Gam_ch=1.309E+00 H-L exch
 Mu=-1.432E+01 kf=2.220E+00 Vint=-3.309E+01 Rs_int= 1.634
 PATH  Rmax= 6.000,  Keep_limit= 0.00, Heap_limit 0.00  Pwcrit= 2.50%
 Path   22      icalc       2
 -----------------------------------------------------------------------
   4  12.000   4.7603    2.5023  -14.31620 nleg, deg, reff, rnrmav(bohr), edge
        x         y         z   pot at#
    -0.0000   -0.0000   -0.0000  0  26 Fe       absorbing atom
     1.2171   -0.7027   -1.9210  1  26 Fe
    -0.0000   -0.0000   -0.0000  0  26 Fe
     0.0000    1.4054    1.9210  1  26 Fe
    k   real[2*phc]   mag[feff]  phase[feff] red factor   lambda     real[p]@#
  0.000  2.8243E+00  2.1458E-05 -2.9743E+00  1.012E+00  2.5849E+01  2.2201E+00
  0.100  2.8237E+00  9.2665E-03 -3.9049E+00  1.012E+00  2.5874E+01  2.2223E+00
  0.200  2.8217E+00  1.8081E-02 -4.7997E+00  1.012E+00  2.5946E+01  2.2287E+00
  0.300  2.8184E+00  2.6048E-02 -5.6568E+00  1.012E+00  2.6059E+01  2.2394E+00
  0.400  2.8138E+00  3.2872E-02 -6.4773E+00  1.012E+00  2.6200E+01  2.2543E+00
  0.500  2.8079E+00  3.8381E-02 -7.2620E+00  1.012E+00  2.6353E+01  2.2734E+00
  0.600  2.8007E+00  4.2520E-02 -8.0121E+00  1.012E+00  2.6499E+01  2.2964E+00
  0.700  2.7921E+00  4.5339E-02 -8.7285E+00  1.012E+00  2.6614E+01  2.3234E+00
  0.800  2.7821E+00  4.6953E-02 -9.4121E+00  1.013E+00  2.6675E+01  2.3542E+00
  0.900  2.7708E+00  4.7521E-02 -1.0063E+01  1.013E+00  2.6657E+01  2.3887E+00
  1.000  2.7581E+00  4.7214E-02 -1.0683E+01  1.014E+00  2.6540E+01  2.4268E+00
  1.100  2.7439E+00  4.6195E-02 -1.1270E+01  1.014E+00  2.6307E+01  2.4684E+00
  1.200  2.7282E+00  4.4613E-02 -1.1826E+01  1.015E+00  2.5947E+01  2.5133E+00
  1.300  2.7109E+00  4.2604E-02 -1.2348E+01  1.016E+00  2.5461E+01  2.5614E+00
  1.400  2.6919E+00  4.0267E-02 -1.2836E+01  1.018E+00  2.4855E+01  2.6127E+00
  1.500  2.6711E+00  3.7702E-02 -1.3289E+01  1.020E+00  2.4143E+01  2.6671E+00
  1.600  2.6484E+00  3.4991E-02 -1.3705E+01  1.022E+00  2.3348E+01  2.7246E+00
  1.700  2.6235E+00  3.2221E-02 -1.4080E+01  1.024E+00  2.2495E+01  2.7850E+00
  1.800  2.5962E+00  2.9473E-02 -1.4411E+01  1.027E+00  2.1613E+01  2.8485E+00
  1.900  2.5664E+00  2.6838E-02 -1.4695E+01  1.030E+00  2.0729E+01  2.9148E+00
  2.000  2.5337E+00  2.4401E-02 -1.4928E+01  1.034E+00  1.9870E+01  2.9842E+00
  2.200  2.4583E+00  2.0469E-02 -1.5223E+01  1.041E+00  1.8321E+01  3.1320E+00
  2.400  2.3690E+00  1.8245E-02 -1.5260E+01  1.048E+00  1.7133E+01  3.2926E+00
  2.600  2.2302E+00  1.6591E-02 -1.4955E+01  1.038E+00  1.6434E+01  3.4800E+00
  2.800  2.1370E+00  2.2477E-02 -1.4818E+01  1.178E+00  8.3534E+00  3.6470E+00
  3.000  2.1227E+00  3.2084E-02 -1.5045E+01  1.218E+00  6.9979E+00  3.7801E+00
  3.200  2.0942E+00  4.8056E-02 -1.5369E+01  1.236E+00  6.3649E+00  3.9178E+00
  3.400  2.0465E+00  6.9474E-02 -1.5743E+01  1.243E+00  6.0541E+00  4.0637E+00
  3.600  1.9877E+00  9.4817E-02 -1.6143E+01  1.235E+00  5.9134E+00  4.2149E+00
  3.800  1.9205E+00  1.2233E-01 -1.6532E+01  1.227E+00  5.8751E+00  4.3710E+00
  4.000  1.8471E+00  1.4942E-01 -1.6904E+01  1.212E+00  5.9050E+00  4.5314E+00
  4.200  1.7686E+00  1.7402E-01 -1.7254E+01  1.198E+00  5.9837E+00  4.6957E+00
  4.400  1.6866E+00  1.9544E-01 -1.7582E+01  1.185E+00  6.0996E+00  4.8634E+00
  4.600  1.6025E+00  2.1038E-01 -1.7883E+01  1.167E+00  6.2448E+00  5.0342E+00
  4.800  1.5162E+00  2.2088E-01 -1.8166E+01  1.153E+00  6.4141E+00  5.2078E+00
  5.000  1.4291E+00  2.2633E-01 -1.8432E+01  1.139E+00  6.6036E+00  5.3838E+00
  5.200  1.3419E+00  2.2674E-01 -1.8680E+01  1.125E+00  6.8107E+00  5.5620E+00
  5.400  1.2546E+00  2.2319E-01 -1.8913E+01  1.112E+00  7.0331E+00  5.7421E+00
  5.600  1.1678E+00  2.1612E-01 -1.9134E+01  1.100E+00  7.2693E+00  5.9240E+00
  5.800  1.0815E+00  2.0623E-01 -1.9344E+01  1.089E+00  7.5179E+00  6.1074E+00
  6.000  9.9562E-01  1.9337E-01 -1.9542E+01  1.078E+00  7.7780E+00  6.2921E+00
  6.500  7.8418E-01  1.5462E-01 -2.0006E+01  1.054E+00  8.4728E+00  6.7592E+00
  7.000  5.7815E-01  1.1287E-01 -2.0441E+01  1.035E+00  9.2240E+00  7.2322E+00
  7.500  3.7952E-01  7.5855E-02 -2.0867E+01  1.019E+00  1.0025E+01  7.7097E+00
  8.000  1.9011E-01  4.6942E-02 -2.1305E+01  1.005E+00  1.0871E+01  8.1909E+00
  8.500  8.4620E-03  2.6031E-02 -2.1796E+01  9.922E-01  1.1759E+01  8.6748E+00
  9.000 -1.6932E-01  1.2335E-02 -2.2475E+01  9.776E-01  1.2686E+01  9.1611E+00
  9.500 -3.4373E-01  6.4056E-03 -2.3730E+01  9.659E-01  1.3651E+01  9.6492E+00
 10.000 -5.1291E-01  7.8531E-03 -2.4917E+01  9.564E-01  1.4650E+01  1.0139E+01
 11.000 -8.3114E-01  1.1261E-02 -2.6000E+01  9.438E-01  1.6749E+01  1.1122E+01
 12.000 -1.1231E+00  1.1431E-02 -2.6743E+01  9.371E-01  1.8976E+01  1.2108E+01
 13.000 -1.3933E+00  1.0184E-02 -2.7397E+01  9.331E-01  2.1322E+01  1.3097E+01
 14.000 -1.6426E+00  9.2716E-03 -2.8020E+01  9.312E-01  2.3781E+01  1.4088E+01
 15.000 -1.8732E+00  8.8282E-03 -2.8765E+01  9.307E-01  2.6350E+01  1.5081E+01
 16.000 -2.0878E+00  7.7235E-03 -2.9697E+01  9.309E-01  2.9024E+01  1.6074E+01
 17.000 -2.2871E+00  5.4722E-03 -3.0742E+01  9.316E-01  3.1800E+01  1.7069E+01
 18.000 -2.4734E+00  3.0647E-03 -3.1851E+01  9.326E-01  3.4673E+01  1.8064E+01
 19.000 -2.6474E+00  1.5597E-03 -3.3317E+01  9.335E-01  3.7641E+01  1.9060E+01
 20.000 -2.8106E+00  1.6655E-03 -3.5107E+01  9.342E-01  4.0701E+01  2.0056E+01
