# comment: None given                          Feff8L (EXAFS)       0.1      
# Source:
# Structure Summary:  Fe2
# Reduced formula:  Fe
# space group: (P6_3/mmc), space number:  (194)
# abc:  2.434158   2.434157   3.841934
# angles: 90.000000  90.000000 120.000017
# sites: 2
# mp-136
# POT  Non-SCF, core-hole, AFOLP (folp(0)= 1.150)
# Abs   Z=26 Rmt= 1.279 Rnm= 1.315 K  shell
# Pot 1 Z=26 Rmt= 1.287 Rnm= 1.324
# Gam_ch=1.309E+00 H-L exch
# Mu=-1.432E+01 kf=2.220E+00 Vint=-3.309E+01 Rs_int= 1.634
# PATH  Rmax= 6.000,  Keep_limit= 0.00, Heap_limit 0.00  Pwcrit= 2.50%
#  S02=1.000                                        Global_sig2= 0.00000
#  Curved wave amplitude ratio filter   4.000%
#     file         sig2 tot  cw amp ratio   deg  nlegs   reff  inp sig2
#           1       0.00000    100.00      6.00     2   2.3802
#           2       0.00000     95.36      6.00     2   2.4342
#           3       0.00000     44.73      6.00     2   3.4044
#           4       0.00000      5.69     12.00     3   3.5972
#           5       0.00000     12.74     24.00     3   3.5972
#           6       0.00000      5.82     12.00     3   3.6512
#           7       0.00000     11.09      2.00     2   3.8419
#           8       0.00000      7.76     24.00     3   4.1094
#           9       0.00000     12.10     24.00     3   4.1094
#          10       0.00000     12.21     24.00     3   4.1094
#          11       0.00000     53.61     12.00     2   4.1851
#          12       0.00000     26.31      6.00     2   4.2161
#          13       0.00000      7.14     12.00     3   4.3011
#          14       0.00000     11.24     24.00     3   4.4997
#          15       0.00000     17.39     24.00     3   4.4997
#          16       0.00000     17.49     24.00     3   4.4997
#          17       0.00000      5.28     12.00     3   4.5422
#          18       0.00000     16.13     24.00     3   4.5422
#          19       0.00000     43.24     12.00     2   4.5481
#          20       0.00000     11.92     12.00     3   4.6542
#          21       0.00000     30.81     24.00     3   4.6542
#          22       0.00000      4.67     12.00     4   4.7603
#          23       0.00000      4.79      6.00     4   4.7603
#          24       0.00000      6.46     12.00     4   4.7603
#          28       0.00000      4.73     24.00     4   4.8143
#          29       0.00000     18.07      6.00     2   4.8683
#          30       0.00000      8.74      6.00     3   4.8683
#          31       0.00000     52.38     12.00     3   4.8683
#          32       0.00000     11.43      6.00     4   4.8683
#          33       0.00000      4.29      6.00     4   4.8683
#          34       0.00000     42.72      6.00     4   4.8683
#          35       0.00000      5.82     24.00     3   5.0119
#          36       0.00000      6.22     24.00     3   5.0119
#          37       0.00000      7.11     24.00     3   5.1664
#          38       0.00000      7.86     24.00     3   5.3907
#          39       0.00000      5.12     24.00     3   5.4121
#          40       0.00000     27.07     12.00     2   5.4190
#          41       0.00000      6.41     24.00     3   5.5567
#          42       0.00000      8.78     24.00     3   5.6288
#          43       0.00000     11.36     24.00     3   5.6288
#          44       0.00000     12.14     24.00     3   5.6288
#          45       0.00000     23.52     12.00     2   5.7040
#          46       0.00000      5.19     24.00     4   5.7168
#          47       0.00000      5.20     24.00     4   5.7168
#          48       0.00000      8.24     12.00     3   5.7443
#          49       0.00000     18.01     12.00     3   5.7443
#          50       0.00000     16.75     12.00     3   5.7443
#          51       0.00000      5.12     24.00     4   5.7593
#          52       0.00000      4.85     24.00     4   5.7593
#          53       0.00000      6.29     24.00     3   5.7652
#          54       0.00000      6.40     12.00     4   5.7846
#          55       0.00000      7.14      6.00     4   5.7846
#          56       0.00000      6.55      6.00     4   5.7846
#          62       0.00000     10.55      6.00     2   5.9318
#          63       0.00000     10.51      6.00     2   5.9406
#    55/  58 paths used
#  xsedge+50, used to normalize mu           3.2213E-04
#  -----------------------------------------------------------------------
#  omega    e    k    mu    mu0     chi     @#
    7123.585    -14.307   0.050 -1.91232E-01  3.98669E-01 -7.82895E-01
    7123.613    -14.278   0.100 -1.84743E-01  4.05817E-01 -7.83329E-01
    7123.661    -14.230   0.150 -1.65416E-01  4.26850E-01 -7.84278E-01
    7123.728    -14.164   0.200 -1.45593E-01  4.47882E-01 -7.84568E-01
    7123.813    -14.078   0.250 -1.15203E-01  4.79415E-01 -7.83923E-01
    7123.918    -13.973   0.300 -8.35079E-02  5.10948E-01 -7.81565E-01
    7124.042    -13.849   0.350 -4.78202E-02  5.44778E-01 -7.76199E-01
    7124.185    -13.707   0.400 -9.79710E-03  5.78608E-01 -7.67827E-01
    7124.347    -13.545   0.450  2.67365E-02  6.07403E-01 -7.54185E-01
    7124.528    -13.364   0.500  6.66240E-02  6.36198E-01 -7.36335E-01
    7124.728    -13.164   0.550  1.05052E-01  6.58321E-01 -7.11322E-01
    7124.947    -12.945   0.600  1.47545E-01  6.80444E-01 -6.81385E-01
    7125.185    -12.706   0.650  1.91202E-01  6.97416E-01 -6.43247E-01
    7125.442    -12.449   0.700  2.39028E-01  7.14388E-01 -6.00314E-01
    7125.718    -12.173   0.750  2.90018E-01  7.27998E-01 -5.49353E-01
    7126.014    -11.878   0.800  3.44458E-01  7.41609E-01 -4.94782E-01
    7126.328    -11.563   0.850  4.02483E-01  7.53117E-01 -4.33668E-01
    7126.661    -11.230   0.900  4.62371E-01  7.64625E-01 -3.71144E-01
    7127.014    -10.878   0.950  5.24800E-01  7.74801E-01 -3.04663E-01
    7127.385    -10.506   1.000  5.86826E-01  7.84978E-01 -2.39667E-01
    7127.776    -10.116   1.050  6.49367E-01  7.94270E-01 -1.73906E-01
    7128.185     -9.706   1.100  7.08962E-01  8.03562E-01 -1.12664E-01
    7128.614     -9.278   1.150  7.66694E-01  8.12215E-01 -5.37909E-02
    7129.062     -8.830   1.200  8.19189E-01  8.20867E-01 -1.96817E-03
    7129.528     -8.363   1.250  8.67720E-01  8.29007E-01  4.50419E-02
    7130.014     -7.877   1.300  9.09413E-01  8.37147E-01  8.34390E-02
    7130.519     -7.373   1.350  9.45821E-01  8.44825E-01  1.15734E-01
    7131.043     -6.849   1.400  9.74812E-01  8.52502E-01  1.39113E-01
    7131.586     -6.306   1.450  9.98166E-01  8.59726E-01  1.56323E-01
    7132.148     -5.744   1.500  1.01456E+00  8.66950E-01  1.65481E-01
    7132.729     -5.163   1.550  1.02588E+00  8.73702E-01  1.69447E-01
    7133.329     -4.563   1.600  1.03155E+00  8.80454E-01  1.67101E-01
    7133.948     -3.944   1.650  1.03341E+00  8.86702E-01  1.61235E-01
    7134.586     -3.305   1.700  1.03151E+00  8.92951E-01  1.51320E-01
    7135.243     -2.648   1.750  1.02744E+00  8.98656E-01  1.39839E-01
    7135.920     -1.972   1.800  1.02175E+00  9.04361E-01  1.26745E-01
    7136.615     -1.277   1.850  1.01556E+00  9.09480E-01  1.13948E-01
    7137.329     -0.562   1.900  1.00981E+00  9.14598E-01  1.01762E-01
    7138.063      0.171   1.950  1.00470E+00  9.19074E-01  9.11168E-02
    7138.815      0.924   2.000  1.00144E+00  9.23549E-01  8.25292E-02
    7139.587      1.695   2.050  9.98027E-01  9.27045E-01  7.49597E-02
    7140.377      2.486   2.100  9.96217E-01  9.30542E-01  6.91315E-02
    7141.187      3.295   2.150  9.95653E-01  9.34038E-01  6.46483E-02
    7142.016      4.124   2.200  9.95379E-01  9.37534E-01  6.04978E-02
    7142.863      4.972   2.250  9.88671E-01  9.39203E-01  5.16717E-02
    7143.730      5.839   2.300  9.78501E-01  9.40872E-01  3.92561E-02
    7144.616      6.724   2.350  9.63897E-01  9.42542E-01  2.22505E-02
    7145.521      7.629   2.400  9.44421E-01  9.44211E-01  2.18645E-04
    7146.445      8.553   2.450  9.19197E-01  9.45584E-01 -2.74624E-02
    7147.388      9.496   2.500  8.91886E-01  9.46958E-01 -5.73230E-02
    7148.350     10.458   2.550  8.65433E-01  9.48331E-01 -8.62963E-02
    7149.331     11.439   2.600  8.43508E-01  9.49704E-01 -1.10562E-01
    7150.331     12.439   2.650  8.30487E-01  9.54672E-01 -1.28878E-01
    7151.350     13.459   2.700  8.28296E-01  9.59640E-01 -1.35874E-01
    7152.388     14.497   2.750  8.38077E-01  9.64608E-01 -1.30480E-01
    7153.446     15.554   2.800  8.59061E-01  9.69576E-01 -1.13604E-01
    7154.522     16.630   2.850  8.81034E-01  9.72347E-01 -9.36011E-02
    7155.617     17.726   2.900  9.09231E-01  9.75119E-01 -6.73494E-02
    7156.732     18.840   2.950  9.41824E-01  9.77890E-01 -3.67627E-02
    7157.865     19.974   3.000  9.76793E-01  9.80661E-01 -3.93116E-03
    7159.018     21.126   3.050  1.01008E+00  9.82093E-01  2.83918E-02
    7160.189     22.298   3.100  1.04283E+00  9.83525E-01  6.00517E-02
    7161.380     23.488   3.150  1.07339E+00  9.84958E-01  8.93803E-02
    7162.590     24.698   3.200  1.10039E+00  9.86390E-01  1.15013E-01
    7163.818     25.927   3.250  1.12283E+00  9.87299E-01  1.36555E-01
    7165.066     27.175   3.300  1.14021E+00  9.88209E-01  1.52960E-01
    7166.333     28.441   3.350  1.15197E+00  9.89118E-01  1.63661E-01
    7167.619     29.727   3.400  1.15776E+00  9.90028E-01  1.68353E-01
    7168.924     31.032   3.450  1.15677E+00  9.90092E-01  1.67141E-01
    7170.248     32.356   3.500  1.14959E+00  9.90156E-01  1.59739E-01
    7171.591     33.699   3.550  1.13639E+00  9.90220E-01  1.46317E-01
    7172.953     35.061   3.600  1.11748E+00  9.90284E-01  1.27215E-01
    7174.334     36.442   3.650  1.09286E+00  9.90166E-01  1.02679E-01
    7175.734     37.842   3.700  1.06356E+00  9.90048E-01  7.34786E-02
    7177.153     39.262   3.750  1.03063E+00  9.89931E-01  4.06718E-02
    7178.591     40.700   3.800  9.95451E-01  9.89813E-01  5.63248E-03
    7180.049     42.157   3.850  9.58921E-01  9.89480E-01 -3.05215E-02
    7181.525     43.634   3.900  9.23737E-01  9.89147E-01 -6.53208E-02
    7183.021     45.129   3.950  8.91858E-01  9.88813E-01 -9.68092E-02
    7184.535     46.644   4.000  8.65053E-01  9.88480E-01 -1.23223E-01
    7186.069     48.177   4.050  8.44448E-01  9.88171E-01 -1.43474E-01
    7187.621     49.730   4.100  8.31284E-01  9.87861E-01 -1.56296E-01
    7189.193     51.301   4.150  8.25563E-01  9.87552E-01 -1.61687E-01
    7190.783     52.892   4.200  8.26467E-01  9.87242E-01 -1.60464E-01
    7192.393     54.502   4.250  8.32847E-01  9.87033E-01 -1.53887E-01
    7194.022     56.130   4.300  8.42733E-01  9.86823E-01 -1.43811E-01
    7195.670     57.778   4.350  8.54102E-01  9.86614E-01 -1.32254E-01
    7197.337     59.445   4.400  8.65302E-01  9.86405E-01 -1.20867E-01
    7199.022     61.131   4.450  8.76709E-01  9.86173E-01 -1.09247E-01
    7200.727     62.836   4.500  8.87047E-01  9.85941E-01 -9.86954E-02
    7202.451     64.560   4.550  8.97209E-01  9.85709E-01 -8.83191E-02
    7204.195     66.303   4.600  9.08880E-01  9.85477E-01 -7.64373E-02
    7205.957     68.065   4.650  9.24633E-01  9.85299E-01 -6.05437E-02
    7207.738     69.846   4.700  9.45731E-01  9.85122E-01 -3.93122E-02
    7209.538     71.647   4.750  9.73397E-01  9.84944E-01 -1.15251E-02
    7211.357     73.466   4.800  1.00774E+00  9.84766E-01  2.29285E-02
    7213.196     75.304   4.850  1.04765E+00  9.84643E-01  6.28946E-02
    7215.053     77.161   4.900  1.09021E+00  9.84520E-01  1.05510E-01
    7216.929     79.038   4.950  1.13176E+00  9.84397E-01  1.47123E-01
    7218.825     80.933   5.000  1.16814E+00  9.84274E-01  1.83577E-01
    7220.739     82.848   5.050  1.19514E+00  9.84195E-01  2.10667E-01
    7222.673     84.781   5.100  1.20954E+00  9.84117E-01  2.25175E-01
    7224.626     86.734   5.150  1.20954E+00  9.84038E-01  2.25311E-01
    7226.597     88.706   5.200  1.19505E+00  9.83960E-01  2.10963E-01
    7228.588     90.696   5.250  1.16683E+00  9.83687E-01  1.83100E-01
    7230.598     92.706   5.300  1.12855E+00  9.83415E-01  1.45149E-01
    7232.627     94.735   5.350  1.08414E+00  9.83143E-01  1.01039E-01
    7234.674     96.783   5.400  1.03777E+00  9.82870E-01  5.49466E-02
    7236.741     98.850   5.450  9.92681E-01  9.82506E-01  1.01882E-02
    7238.827    100.936   5.500  9.52648E-01  9.82142E-01 -2.95465E-02
    7240.932    103.041   5.550  9.19604E-01  9.81778E-01 -6.23152E-02
    7243.056    105.165   5.600  8.94303E-01  9.81414E-01 -8.73513E-02
    7245.199    107.308   5.650  8.76473E-01  9.80947E-01 -1.04838E-01
    7247.362    109.470   5.700  8.65408E-01  9.80481E-01 -1.15556E-01
    7249.543    111.651   5.750  8.59681E-01  9.80014E-01 -1.20926E-01
    7251.743    113.852   5.800  8.57758E-01  9.79547E-01 -1.22478E-01
    7253.962    116.071   5.850  8.58367E-01  9.78843E-01 -1.21263E-01
    7256.201    118.309   5.900  8.60130E-01  9.78139E-01 -1.18883E-01
    7258.458    120.567   5.950  8.62081E-01  9.77436E-01 -1.16311E-01
    7260.735    122.843   6.000  8.63631E-01  9.76732E-01 -1.14137E-01
    7263.030    125.139   6.050  8.64684E-01  9.75816E-01 -1.12282E-01
    7265.345    127.453   6.100  8.65209E-01  9.74901E-01 -1.10956E-01
    7267.678    129.787   6.150  8.66153E-01  9.73985E-01 -1.09203E-01
    7270.031    132.140   6.200  8.69118E-01  9.73069E-01 -1.05396E-01
    7272.403    134.511   6.250  8.76233E-01  9.72154E-01 -9.73676E-02
    7274.793    136.902   6.300  8.89856E-01  9.71238E-01 -8.27069E-02
    7277.203    139.312   6.350  9.12102E-01  9.70323E-01 -5.92381E-02
    7279.632    141.741   6.400  9.44272E-01  9.69407E-01 -2.56042E-02
    7282.080    144.189   6.450  9.86280E-01  9.68492E-01  1.81420E-02
    7284.547    146.656   6.500  1.03622E+00  9.67576E-01  7.00893E-02
    7287.033    149.142   6.550  1.09039E+00  9.66450E-01  1.26737E-01
    7289.538    151.647   6.600  1.14284E+00  9.65325E-01  1.81778E-01
    7292.062    154.171   6.650  1.18657E+00  9.64199E-01  2.28047E-01
    7294.605    156.714   6.700  1.21464E+00  9.63074E-01  2.58368E-01
    7297.168    159.276   6.750  1.22143E+00  9.61948E-01  2.66881E-01
    7299.749    161.857   6.800  1.20382E+00  9.60823E-01  2.50292E-01
    7302.349    164.458   6.850  1.16208E+00  9.59697E-01  2.08760E-01
    7304.969    167.077   6.900  1.10011E+00  9.58572E-01  1.46215E-01
    7307.607    169.715   6.950  1.02507E+00  9.57446E-01  6.99632E-02
    7310.264    172.373   7.000  9.46321E-01  9.56321E-01 -1.03604E-02
    7312.941    175.049   7.050  8.73567E-01  9.55223E-01 -8.47284E-02
    7315.636    177.745   7.100  8.16639E-01  9.54125E-01 -1.42875E-01
    7318.351    180.460   7.150  7.81947E-01  9.53027E-01 -1.78054E-01
    7321.085    183.193   7.200  7.72041E-01  9.51930E-01 -1.87505E-01
    7323.837    185.946   7.250  7.85260E-01  9.50832E-01 -1.72843E-01
    7326.609    188.718   7.300  8.16204E-01  9.49734E-01 -1.39606E-01
    7329.400    191.509   7.350  8.56898E-01  9.48636E-01 -9.60586E-02
    7332.210    194.318   7.400  8.98417E-01  9.47539E-01 -5.15125E-02
    7335.039    197.147   7.450  9.32625E-01  9.46441E-01 -1.45108E-02
    7337.887    199.995   7.500  9.53668E-01  9.45343E-01  8.75718E-03
    7340.754    202.862   7.550  9.58853E-01  9.44361E-01  1.52657E-02
    7343.640    205.748   7.600  9.49313E-01  9.43378E-01  6.26016E-03
    7346.545    208.653   7.650  9.29174E-01  9.42396E-01 -1.39676E-02
    7349.469    211.578   7.700  9.04498E-01  9.41414E-01 -3.90544E-02
    7352.412    214.521   7.750  8.81901E-01  9.40431E-01 -6.20095E-02
    7355.375    217.483   7.800  8.67185E-01  9.39449E-01 -7.66696E-02
    7358.356    220.464   7.850  8.64233E-01  9.38467E-01 -7.88723E-02
    7361.356    223.465   7.900  8.74388E-01  9.37484E-01 -6.71362E-02
    7364.376    226.484   7.950  8.96385E-01  9.36502E-01 -4.27476E-02
    7367.414    229.523   8.000  9.26816E-01  9.35520E-01 -9.28797E-03
    7370.472    232.580   8.050  9.61029E-01  9.34630E-01  2.82045E-02
    7373.548    235.657   8.100  9.93995E-01  9.33741E-01  6.44535E-02
    7376.644    238.752   8.150  1.02151E+00  9.32851E-01  9.49561E-02
    7379.758    241.867   8.200  1.04069E+00  9.31962E-01  1.16585E-01
    7382.892    245.001   8.250  1.05017E+00  9.31072E-01  1.27864E-01
    7386.045    248.153   8.300  1.05008E+00  9.30182E-01  1.28879E-01
    7389.217    251.325   8.350  1.04164E+00  9.29293E-01  1.20909E-01
    7392.408    254.516   8.400  1.02671E+00  9.28403E-01  1.05925E-01
    7395.618    257.726   8.450  1.00731E+00  9.27514E-01  8.60922E-02
    7398.847    260.955   8.500  9.85307E-01  9.26624E-01  6.33871E-02
    7402.095    264.203   8.550  9.62113E-01  9.25628E-01  3.94505E-02
    7405.362    267.470   8.600  9.38696E-01  9.24631E-01  1.52235E-02
    7408.648    270.756   8.650  9.15806E-01  9.23635E-01 -8.48250E-03
    7411.953    274.061   8.700  8.94096E-01  9.22638E-01 -3.09561E-02
    7415.277    277.386   8.750  8.74256E-01  9.21642E-01 -5.14462E-02
    7418.620    280.729   8.800  8.57058E-01  9.20645E-01 -6.91077E-02
    7421.983    284.091   8.850  8.43315E-01  9.19649E-01 -8.30458E-02
    7425.364    287.472   8.900  8.33775E-01  9.18652E-01 -9.24361E-02
    7428.764    290.873   8.950  8.28977E-01  9.17656E-01 -9.66753E-02
    7432.184    294.292   9.000  8.29138E-01  9.16659E-01 -9.55125E-02
    7435.622    297.731   9.050  8.33877E-01  9.15594E-01 -8.92714E-02
    7439.080    301.188   9.100  8.42918E-01  9.14529E-01 -7.83120E-02
    7442.557    304.665   9.150  8.55360E-01  9.13464E-01 -6.36074E-02
    7446.052    308.161   9.200  8.70084E-01  9.12399E-01 -4.63717E-02
    7449.567    311.675   9.250  8.85892E-01  9.11334E-01 -2.79106E-02
    7453.101    315.209   9.300  9.01629E-01  9.10269E-01 -9.48807E-03
    7456.653    318.762   9.350  9.16277E-01  9.09205E-01  7.77442E-03
    7460.225    322.334   9.400  9.29006E-01  9.08140E-01  2.29628E-02
    7463.816    325.925   9.450  9.39216E-01  9.07075E-01  3.54076E-02
    7467.426    329.535   9.500  9.46549E-01  9.06010E-01  4.47059E-02
    7471.055    333.164   9.550  9.50980E-01  9.04865E-01  5.09126E-02
    7474.703    336.812   9.600  9.52562E-01  9.03721E-01  5.39845E-02
    7478.370    340.479   9.650  9.51657E-01  9.02577E-01  5.43115E-02
    7482.057    344.165   9.700  9.48828E-01  9.01432E-01  5.25074E-02
    7485.762    347.870   9.750  9.44756E-01  9.00288E-01  4.93202E-02
    7489.486    351.594   9.800  9.40119E-01  8.99143E-01  4.54985E-02
    7493.229    355.338   9.850  9.35451E-01  8.97999E-01  4.16344E-02
    7496.992    359.100   9.900  9.31015E-01  8.96855E-01  3.80187E-02
    7500.773    362.882   9.950  9.26721E-01  8.95710E-01  3.45525E-02
    7504.574    366.682  10.000  9.22133E-01  8.94566E-01  3.07509E-02
    7508.393    370.502  10.050  9.16603E-01  8.93408E-01  2.59060E-02
    7512.232    374.340  10.100  9.09399E-01  8.92250E-01  1.91773E-02
    7516.089    378.198  10.150  8.99917E-01  8.91092E-01  9.88081E-03
    7519.966    382.074  10.200  8.87947E-01  8.89934E-01 -2.22713E-03
    7523.862    385.970  10.250  8.73858E-01  8.88776E-01 -1.67428E-02
    7527.776    389.885  10.300  8.58655E-01  8.87617E-01 -3.25468E-02
    7531.710    393.819  10.350  8.43878E-01  8.86459E-01 -4.79114E-02
    7535.663    397.771  10.400  8.31353E-01  8.85301E-01 -6.07755E-02
    7539.635    401.743  10.450  8.22849E-01  8.84143E-01 -6.91370E-02
    7543.626    405.734  10.500  8.19697E-01  8.82985E-01 -7.14739E-02
    7547.636    409.744  10.550  8.22488E-01  8.81827E-01 -6.70976E-02
    7551.665    413.773  10.600  8.30897E-01  8.80669E-01 -5.63491E-02
    7555.713    417.822  10.650  8.43706E-01  8.79511E-01 -4.05871E-02
    7559.780    421.889  10.700  8.59001E-01  8.78353E-01 -2.19640E-02
    7563.866    425.975  10.750  8.74522E-01  8.77195E-01 -3.03692E-03
    7567.972    430.080  10.800  8.88078E-01  8.76036E-01  1.37008E-02
    7572.096    434.204  10.850  8.97934E-01  8.74878E-01  2.62663E-02
    7576.239    438.348  10.900  9.03104E-01  8.73720E-01  3.35165E-02
    7580.402    442.510  10.950  9.03468E-01  8.72562E-01  3.52972E-02
    7584.583    446.692  11.000  8.99729E-01  8.71404E-01  3.23903E-02
    7588.784    450.892  11.050  8.93270E-01  8.70168E-01  2.64554E-02
    7593.003    455.112  11.100  8.85560E-01  8.68931E-01  1.90691E-02
    7597.242    459.350  11.150  8.78216E-01  8.67695E-01  1.20821E-02
    7601.499    463.608  11.200  8.72578E-01  8.66459E-01  7.03715E-03
    7605.776    467.885  11.250  8.69493E-01  8.65223E-01  4.91803E-03
    7610.072    472.180  11.300  8.69210E-01  8.63986E-01  6.02465E-03
    7614.387    476.495  11.350  8.71392E-01  8.62750E-01  9.98056E-03
    7618.721    480.829  11.400  8.75218E-01  8.61514E-01  1.58509E-02
    7623.073    485.182  11.450  8.79560E-01  8.60278E-01  2.23342E-02
    7627.445    489.554  11.500  8.83169E-01  8.59041E-01  2.79863E-02
    7631.836    493.945  11.550  8.84873E-01  8.57805E-01  3.14423E-02
    7636.246    498.355  11.600  8.83743E-01  8.56569E-01  3.16104E-02
    7640.676    502.784  11.650  8.79217E-01  8.55332E-01  2.78242E-02
    7645.124    507.232  11.700  8.71193E-01  8.54096E-01  1.99459E-02
    7649.591    511.699  11.750  8.60062E-01  8.52860E-01  8.41419E-03
    7654.077    516.186  11.800  8.46691E-01  8.51624E-01 -5.77083E-03
    7658.583    520.691  11.850  8.32351E-01  8.50387E-01 -2.11324E-02
    7663.107    525.215  11.900  8.18575E-01  8.49151E-01 -3.58770E-02
    7667.650    529.759  11.950  8.06963E-01  8.47915E-01 -4.81223E-02
    7672.213    534.321  12.000  7.98946E-01  8.46678E-01 -5.61717E-02
    7676.794    538.903  12.050  7.95277E-01  8.45330E-01 -5.89960E-02
    7681.395    543.503  12.100  7.96676E-01  8.43981E-01 -5.58466E-02
    7686.014    548.123  12.150  8.02897E-01  8.42633E-01 -4.69858E-02
    7690.653    552.762  12.200  8.12980E-01  8.41284E-01 -3.35217E-02
    7695.311    557.419  12.250  8.25384E-01  8.39935E-01 -1.72610E-02
    7699.987    562.096  12.300  8.38235E-01  8.38587E-01 -4.17714E-04
    7704.683    566.792  12.350  8.49649E-01  8.37238E-01  1.47700E-02
    7709.398    571.507  12.400  8.58073E-01  8.35889E-01  2.64425E-02
    7714.132    576.241  12.450  8.62559E-01  8.34541E-01  3.34517E-02
    7718.885    580.994  12.500  8.62921E-01  8.33192E-01  3.55514E-02
    7723.657    585.766  12.550  8.59725E-01  8.31844E-01  3.33961E-02
    7728.448    590.557  12.600  8.54124E-01  8.30495E-01  2.83481E-02
    7733.258    595.367  12.650  8.47566E-01  8.29146E-01  2.21350E-02
    7738.087    600.196  12.700  8.41454E-01  8.27798E-01  1.64368E-02
    7742.936    605.044  12.750  8.36819E-01  8.26449E-01  1.25019E-02
    7747.803    609.911  12.800  8.34112E-01  8.25100E-01  1.08814E-02
    7752.689    614.798  12.850  8.33131E-01  8.23752E-01  1.13449E-02
    7757.594    619.703  12.900  8.33127E-01  8.22403E-01  1.29920E-02
    7762.519    624.627  12.950  8.33028E-01  8.21055E-01  1.45295E-02
    7767.462    629.571  13.000  8.31750E-01  8.19706E-01  1.46391E-02
    7772.425    634.533  13.050  8.28473E-01  8.18351E-01  1.23233E-02
    7777.406    639.515  13.100  8.22921E-01  8.16997E-01  7.22522E-03
    7782.407    644.515  13.150  8.15383E-01  8.15642E-01 -3.16478E-04
    7787.427    649.535  13.200  8.06679E-01  8.14287E-01 -9.31031E-03
    7792.465    654.574  13.250  7.97975E-01  8.12933E-01 -1.83346E-02
    7797.523    659.632  13.300  7.90514E-01  8.11578E-01 -2.58620E-02
    7802.600    664.708  13.350  7.85339E-01  8.10223E-01 -3.06045E-02
    7807.696    669.804  13.400  7.83061E-01  8.08869E-01 -3.17944E-02
    7812.811    674.919  13.450  7.83740E-01  8.07514E-01 -2.93386E-02
    7817.945    680.053  13.500  7.86894E-01  8.06159E-01 -2.38147E-02
    7823.098    685.206  13.550  7.91625E-01  8.04805E-01 -1.63190E-02
    7828.270    690.378  13.600  7.96830E-01  8.03450E-01 -8.21110E-03
    7833.461    695.569  13.650  8.01437E-01  8.02095E-01 -8.18468E-04
    7838.671    700.779  13.700  8.04619E-01  8.00741E-01  4.82724E-03
    7843.900    706.009  13.750  8.05938E-01  7.99386E-01  8.16818E-03
    7849.148    711.257  13.800  8.05383E-01  7.98031E-01  9.18069E-03
    7854.416    716.524  13.850  8.03325E-01  7.96677E-01  8.31718E-03
    7859.702    721.810  13.900  8.00393E-01  7.95322E-01  6.35504E-03
    7865.007    727.116  13.950  7.97309E-01  7.93967E-01  4.19518E-03
    7870.332    732.440  14.000  7.94727E-01  7.92613E-01  2.65816E-03
    7875.675    737.784  14.050  7.93055E-01  7.91195E-01  2.34294E-03
    7881.038    743.146  14.100  7.92497E-01  7.89778E-01  3.43140E-03
    7886.419    748.528  14.150  7.92955E-01  7.88361E-01  5.80916E-03
    7891.820    753.929  14.200  7.94090E-01  7.86944E-01  9.05258E-03
    7897.240    759.348  14.250  7.95393E-01  7.85527E-01  1.25210E-02
    7902.679    764.787  14.300  7.96284E-01  7.84109E-01  1.54793E-02
    7908.136    770.245  14.350  7.96219E-01  7.82692E-01  1.72306E-02
    7913.613    775.722  14.400  7.94785E-01  7.81275E-01  1.72408E-02
    7919.109    781.218  14.450  7.91777E-01  7.79858E-01  1.52386E-02
    7924.624    786.733  14.500  7.87244E-01  7.78441E-01  1.12769E-02
    7930.158    792.267  14.550  7.81499E-01  7.77023E-01  5.74390E-03
    7935.711    797.820  14.600  7.75076E-01  7.75606E-01 -6.81587E-04
    7941.283    803.392  14.650  7.68652E-01  7.74189E-01 -7.13179E-03
    7946.874    808.983  14.700  7.62934E-01  7.72772E-01 -1.26957E-02
    7952.485    814.593  14.750  7.58526E-01  7.71355E-01 -1.65870E-02
    7958.114    820.222  14.800  7.55808E-01  7.69937E-01 -1.83029E-02
    7963.762    825.871  14.850  7.54854E-01  7.68520E-01 -1.77366E-02
    7969.429    831.538  14.900  7.55403E-01  7.67103E-01 -1.52137E-02
    7975.116    837.224  14.950  7.56908E-01  7.65686E-01 -1.14356E-02
    7980.821    842.930  15.000  7.58652E-01  7.64269E-01 -7.33113E-03
    7986.546    848.654  15.050  7.59883E-01  7.62817E-01 -3.83601E-03
    7992.289    854.398  15.100  7.60077E-01  7.61365E-01 -1.68651E-03
    7998.052    860.160  15.150  7.58967E-01  7.59913E-01 -1.24104E-03
    8003.834    865.942  15.200  7.56670E-01  7.58461E-01 -2.35573E-03
    8009.634    871.743  15.250  7.53670E-01  7.57009E-01 -4.40035E-03
    8015.454    877.563  15.300  7.50708E-01  7.55557E-01 -6.40273E-03
    8021.293    883.401  15.350  7.48592E-01  7.54105E-01 -7.29371E-03
    8027.151    889.259  15.400  7.47979E-01  7.52653E-01 -6.19543E-03
    8033.028    895.136  15.450  7.49183E-01  7.51201E-01 -2.68020E-03
    8038.924    901.032  15.500  7.52055E-01  7.49749E-01  3.06976E-03
    8044.839    906.947  15.550  7.55983E-01  7.48297E-01  1.02496E-02
    8050.773    912.881  15.600  7.60000E-01  7.46845E-01  1.75779E-02
    8056.726    918.834  15.650  7.62999E-01  7.45393E-01  2.35714E-02
    8062.698    924.806  15.700  7.63982E-01  7.43941E-01  2.68850E-02
    8068.689    930.798  15.750  7.62302E-01  7.42489E-01  2.66329E-02
    8074.699    936.808  15.800  7.57824E-01  7.41037E-01  2.26104E-02
    8080.729    942.837  15.850  7.50966E-01  7.39585E-01  1.53597E-02
    8086.777    948.885  15.900  7.42615E-01  7.38133E-01  6.06122E-03
    8092.844    954.953  15.950  7.33934E-01  7.36681E-01 -3.72132E-03
    8098.931    961.039  16.000  7.26110E-01  7.35229E-01 -1.23802E-02
    8105.036    967.145  16.050  7.20018E-01  7.33774E-01 -1.87129E-02
    8111.161    973.269  16.100  7.16292E-01  7.32319E-01 -2.18474E-02
    8117.304    979.413  16.150  7.15018E-01  7.30864E-01 -2.16439E-02
    8123.467    985.576  16.200  7.15816E-01  7.29409E-01 -1.86051E-02
    8129.649    991.757  16.250  7.17960E-01  7.27954E-01 -1.37061E-02
    8135.849    997.958  16.300  7.20582E-01  7.26499E-01 -8.13101E-03
    8142.069   1004.178  16.350  7.22873E-01  7.25044E-01 -2.98990E-03
    8148.308   1010.417  16.400  7.24250E-01  7.23589E-01  9.12927E-04
    8154.566   1016.675  16.450  7.24452E-01  7.22134E-01  3.20653E-03
    8160.843   1022.951  16.500  7.23534E-01  7.20679E-01  3.95649E-03
    8167.139   1029.247  16.550  7.21787E-01  7.19224E-01  3.55870E-03
    8173.454   1035.562  16.600  7.19614E-01  7.17769E-01  2.56748E-03
    8179.788   1041.897  16.650  7.17400E-01  7.16314E-01  1.51451E-03
    8186.141   1048.250  16.700  7.15411E-01  7.14859E-01  7.71746E-04
    8192.513   1054.622  16.750  7.13754E-01  7.13404E-01  4.91041E-04
    8198.905   1061.013  16.800  7.12395E-01  7.11949E-01  6.26321E-04
    8205.315   1067.423  16.850  7.11217E-01  7.10494E-01  1.01675E-03
    8211.744   1073.853  16.900  7.10098E-01  7.09039E-01  1.49203E-03
    8218.193   1080.301  16.950  7.08970E-01  7.07584E-01  1.95767E-03
    8224.660   1086.769  17.000  7.07845E-01  7.06129E-01  2.42906E-03
    8231.147   1093.255  17.050  7.06802E-01  7.04661E-01  3.03572E-03
    8237.652   1099.761  17.100  7.05915E-01  7.03194E-01  3.86762E-03
    8244.177   1106.285  17.150  7.05197E-01  7.01726E-01  4.94244E-03
    8250.720   1112.829  17.200  7.04557E-01  7.00258E-01  6.13446E-03
    8257.283   1119.392  17.250  7.03800E-01  6.98791E-01  7.16380E-03
    8263.865   1125.973  17.300  7.02661E-01  6.97323E-01  7.64930E-03
    8270.466   1132.574  17.350  7.00879E-01  6.95856E-01  7.21426E-03
    8277.086   1139.194  17.400  6.98289E-01  6.94388E-01  5.61432E-03
    8283.724   1145.833  17.450  6.94893E-01  6.92920E-01  2.84599E-03
    8290.382   1152.491  17.500  6.90898E-01  6.91453E-01 -8.02726E-04
    8297.059   1159.168  17.550  6.86684E-01  6.89985E-01 -4.78283E-03
    8303.755   1165.864  17.600  6.82735E-01  6.88518E-01 -8.39497E-03
    8310.470   1172.579  17.650  6.79521E-01  6.87050E-01 -1.09541E-02
    8317.205   1179.313  17.700  6.77378E-01  6.85583E-01 -1.19642E-02
    8323.958   1186.066  17.750  6.76415E-01  6.84115E-01 -1.12523E-02
    8330.730   1192.839  17.800  6.76487E-01  6.82647E-01 -9.02278E-03
    8337.521   1199.630  17.850  6.77220E-01  6.81180E-01 -5.81235E-03
    8344.332   1206.440  17.900  6.78111E-01  6.79712E-01 -2.35523E-03
    8351.161   1213.270  17.950  6.78655E-01  6.78245E-01  6.05222E-04
    8358.010   1220.118  18.000  6.78474E-01  6.76777E-01  2.50731E-03
    8364.877   1226.986  18.050  6.77423E-01  6.75309E-01  3.12958E-03
    8371.764   1233.872  18.100  6.75581E-01  6.73841E-01  2.58167E-03
    8378.669   1240.778  18.150  6.73252E-01  6.72374E-01  1.30617E-03
    8385.594   1247.702  18.200  6.70860E-01  6.70906E-01 -6.90256E-05
    8392.537   1254.646  18.250  6.68824E-01  6.69438E-01 -9.16710E-04
    8399.500   1261.609  18.300  6.67441E-01  6.67970E-01 -7.92594E-04
    8406.482   1268.591  18.350  6.66794E-01  6.66503E-01  4.37586E-04
    8413.483   1275.591  18.400  6.66738E-01  6.65035E-01  2.56104E-03
    8420.503   1282.611  18.450  6.66937E-01  6.63567E-01  5.07987E-03
    8427.542   1289.650  18.500  6.66966E-01  6.62099E-01  7.35250E-03
    8434.600   1296.708  18.550  6.66425E-01  6.60631E-01  8.77313E-03
    8441.677   1303.785  18.600  6.65053E-01  6.59164E-01  8.93762E-03
    8448.773   1310.881  18.650  6.62791E-01  6.57696E-01  7.74957E-03
    8455.888   1317.996  18.700  6.59795E-01  6.56228E-01  5.43844E-03
    8463.022   1325.131  18.750  6.56388E-01  6.54760E-01  2.48756E-03
    8470.175   1332.284  18.800  6.52963E-01  6.53292E-01 -5.04612E-04
    8477.348   1339.456  18.850  6.49878E-01  6.51825E-01 -2.98816E-03
    8484.539   1346.648  18.900  6.47365E-01  6.50357E-01 -4.60302E-03
    8491.749   1353.858  18.950  6.45479E-01  6.48889E-01 -5.25857E-03
    8498.979   1361.087  19.000  6.44101E-01  6.47421E-01 -5.13151E-03
    8506.227   1368.336  19.050  6.43006E-01  6.45975E-01 -4.60011E-03
    8513.495   1375.603  19.100  6.41906E-01  6.44529E-01 -4.07191E-03
    8520.781   1382.890  19.150  6.40587E-01  6.43083E-01 -3.88336E-03
    8528.087   1390.196  19.200  6.38957E-01  6.41636E-01 -4.17859E-03
    8535.412   1397.520  19.250  6.37080E-01  6.40190E-01 -4.86238E-03
    8542.756   1404.864  19.300  6.35152E-01  6.38744E-01 -5.62858E-03
    8550.118   1412.227  19.350  6.33443E-01  6.37298E-01 -6.05455E-03
    8557.500   1419.609  19.400  6.32209E-01  6.35851E-01 -5.73333E-03
    8564.901   1427.010  19.450  6.31613E-01  6.34405E-01 -4.40521E-03
    8572.321   1434.430  19.500  6.31662E-01  6.32959E-01 -2.05114E-03
    8579.760   1441.869  19.550  6.32193E-01  6.31513E-01  1.07823E-03
    8587.218   1449.327  19.600  6.32902E-01  6.30067E-01  4.50595E-03
    8594.695   1456.804  19.650  6.33413E-01  6.28620E-01  7.63285E-03
    8602.191   1464.300  19.700  6.33360E-01  6.27174E-01  9.87478E-03
    8609.706   1471.815  19.750  6.32476E-01  6.25728E-01  1.07978E-02
    8617.241   1479.349  19.800  6.30652E-01  6.24282E-01  1.02173E-02
    8624.794   1486.903  19.850  6.27960E-01  6.22835E-01  8.23903E-03
    8632.366   1494.475  19.900  6.24636E-01  6.21389E-01  5.23232E-03
    8639.958   1502.066  19.950  6.21025E-01  6.19943E-01  1.74718E-03
    8647.568   1509.677  20.000  6.17506E-01  6.18497E-01 -1.60459E-03
