ATOMS
  *       x          y          z    ipot  Atom      Distance    Number
**********-  ********-  ********-  ******  ******  **********  ********
   0          0          0              0  Fe         0               0
  -1.16808    2.02305   -0.826082       1  Fe         2.47781        59
   1.16808   -2.02305    0.826082       1  Fe         2.47781       108
  -2.33615   -0.000112   0.825823       1  Fe         2.47781        31
   2.33615    0.000112  -0.825823       1  Fe         2.47781       138
  -1.16907   -2.02523   -0.829211       1  Fe         2.4811         15
   1.16907    2.02523    0.829212       1  Fe         2.4811        157
  -0.001003  -0.002073  -2.48112        1  Fe         2.48112         5
   0.001003   0.002073   2.48112        1  Fe         2.48112       165
  -1.16807   -2.02316    1.6519         1  Fe         2.86118        32
   1.16807    2.02316   -1.6519         1  Fe         2.86118       137
  -2.33715   -0.002185  -1.65529        1  Fe         2.86396        12
   2.33715    0.002184   1.65529        1  Fe         2.86396       160
  -1.16707    2.02512    1.65504        1  Fe         2.86397        72
   1.16708   -2.02512   -1.65503        1  Fe         2.86397        99
  -3.50422    2.02294   -0.000259       1  Fe         4.04621        64
   3.50422   -2.02294    0.000259       1  Fe         4.04621       104
  -3.50522   -2.02534   -0.003388       1  Fe         4.04828        25
   3.50522    2.02534    0.003389       1  Fe         4.04828       148
   0.000993   4.04828    0.003129       1  Fe         4.04828       154
  -0.000992  -4.04828   -0.003129       1  Fe         4.04828        18
  -1.16908    2.02097   -3.3072         1  Fe         4.04829        58
   1.16908   -2.02097    3.3072         1  Fe         4.04829       114
  -2.33514    0.001961   3.30694        1  Fe         4.0483         81
   2.33514   -0.001962  -3.30694        1  Fe         4.0483         91
  -1.17007   -2.02731   -3.31033        1  Fe         4.05429         7
   1.17007    2.02731    3.31033        1  Fe         4.05429       158
  -1.1e-05    4.04621   -2.47799        1  Fe         4.7447         51
   1.1e-05   -4.04621    2.47799        1  Fe         4.7447        116
  -3.50421   -2.02327    2.47773        1  Fe         4.74471        34
   3.50421    2.02327   -2.47773        1  Fe         4.74471       131
  -4.67329   -0.002297  -0.82947        1  Fe         4.74634        22
   4.67329    0.002296   0.829471       1  Fe         4.74634       151
  -3.50523    2.02086   -2.48138        1  Fe         4.74634        63
   3.50523   -2.02086    2.48138        1  Fe         4.74634       109
  -2.33515    4.04817    0.828952       1  Fe         4.74634        70
   2.33515   -4.04817   -0.828952       1  Fe         4.74634       100
  -3.50322    2.02501    2.48086        1  Fe         4.74635        78
   3.50322   -2.02501   -2.48086        1  Fe         4.74635        94
   2.33714    4.04839   -0.822693       1  Fe         4.74642       135
  -2.33714   -4.04839    0.822694       1  Fe         4.74642        37
  -1.16706   -2.02109    4.13302        1  Fe         4.74644        35
   1.16706    2.02109   -4.13302        1  Fe         4.74644       136
  -3.50622   -2.02742   -2.4845         1  Fe         4.7515         14
   3.50622    2.02742    2.4845         1  Fe         4.7515        149
  -0.001996  -4.05035   -2.48425        1  Fe         4.75151         9
   0.001996   4.05035    2.48425        1  Fe         4.75151       155
  -2.33815   -0.004258  -4.13641        1  Fe         4.75151         4
   2.33815    0.004258   4.13641        1  Fe         4.75151       161
  -1.16607    2.02719    4.13615        1  Fe         4.75152        73
   1.16607   -2.02719   -4.13615        1  Fe         4.75152        93
  -2.33616    4.04609   -1.65216        1  Fe         4.95562        56
   2.33616   -4.04609    1.65216        1  Fe         4.95562       111
  -4.67229   -0.000223   1.65165        1  Fe         4.95563        33
   4.67229    0.000223  -1.65165        1  Fe         4.95563       133
  -2.33814   -4.05046   -1.65842        1  Fe         4.96221        17
   2.33814    4.05046    1.65842        1  Fe         4.96221       146
  -0.002007  -0.004146  -4.96223        1  Fe         4.96223         2
   0.002007   0.004146   4.96223        1  Fe         4.96223       166
  -2.33613   -4.04632    3.30381        1  Fe         5.72236        38
   2.33613    4.04632   -3.30381        1  Fe         5.72236       127
  -4.6743    -0.004369  -3.31059        1  Fe         5.72792        11
   4.6743     0.004369   3.31059        1  Fe         5.72792       152
  -2.33415    4.05024    3.31007        1  Fe         5.72794        71
   2.33415   -4.05024   -3.31007        1  Fe         5.72794        96
  -4.6723     4.04598   -0.826341       1  Fe         6.23564        61
   4.6723    -4.04598    0.826341       1  Fe         6.23564       107
  -5.84037    2.02282    0.825564       1  Fe         6.23564        76
   5.84037   -2.02282   -0.825564       1  Fe         6.23564        89
  -1.16708    6.07133   -0.822953       1  Fe         6.23701        54
   1.16709   -6.07133    0.822953       1  Fe         6.23701       118
  -5.84136   -2.02546    0.822435       1  Fe         6.23702        42
   5.84136    2.02546   -0.822434       1  Fe         6.23702       132
  -2.33716    4.04402   -4.13328        1  Fe         6.23702        55
   2.33716   -4.04402    4.13328        1  Fe         6.23702       117
   4.67129   -0.00185   -4.13276        1  Fe         6.23704        86
  -4.67129    0.001849   4.13276        1  Fe         6.23704        84
  -4.67429   -4.05058   -0.8326         1  Fe         6.24094        27
   4.67429    4.05058    0.8326         1  Fe         6.24094       140
  -1.17006   -6.07351   -0.832341       1  Fe         6.24094        20
   1.17006    6.07351    0.832341       1  Fe         6.24094       144
  -1.17009    2.0189    -5.78831        1  Fe         6.24097        52
   1.17009   -2.0189     5.78831        1  Fe         6.24097       115
  -2.33414    0.004034   5.78806        1  Fe         6.24098        82
   2.33414   -0.004034  -5.78806        1  Fe         6.24098        85
  -2.33914   -4.05254   -4.13954        1  Fe         6.24744        16
   2.33914    4.05254    4.13954        1  Fe         6.24744       156
  -1.17108   -2.02938   -5.79144        1  Fe         6.24745         6
   1.17108    2.02938    5.79145        1  Fe         6.24745       164
  -5.84137    2.02075   -1.65555        1  Fe         6.3989         65
   5.84137   -2.02075    1.65555        1  Fe         6.3989        105
  -4.6713     4.04806    1.65478        1  Fe         6.39891        74
   4.6713    -4.04806   -1.65478        1  Fe         6.39891        97
  -1.16906   -6.07144    1.64878        1  Fe         6.39902        39
   1.16906    6.07144   -1.64878        1  Fe         6.39902       134
   4.67328    4.0485    -1.64852        1  Fe         6.39903       129
  -4.67328   -4.0485     1.64852        1  Fe         6.39903        45
  -0.001014   4.04413   -4.9591         1  Fe         6.39904        50
   0.001014  -4.04413    4.9591         1  Fe         6.39904       120
  -3.50321   -2.0212     4.95885        1  Fe         6.39905        44
   3.50321    2.0212    -4.95884        1  Fe         6.39905       130
  -5.84236   -2.02753   -1.65868        1  Fe         6.40276        24
   5.84236    2.02753    1.65868        1  Fe         6.40276       141
  -1.16608    6.0734     1.65816        1  Fe         6.40277        66
   1.16608   -6.0734    -1.65816        1  Fe         6.40277       102
  -3.50623    2.01879   -4.96249        1  Fe         6.40277        57
   3.50623   -2.01879    4.96249        1  Fe         6.40277       110
  -3.50222    2.02708    4.96197        1  Fe         6.40279        79
   3.50222   -2.02708   -4.96197        1  Fe         6.40279        87
  -3.50722   -2.02949   -4.96562        1  Fe         6.40912        13
   3.50722    2.02949    4.96562        1  Fe         6.40912       159
  -0.002999  -4.05243   -4.96536        1  Fe         6.40913         8
   0.002999   4.05243    4.96536        1  Fe         6.40913       163
  -1.16809    6.06925   -3.30407        1  Fe         7.00836        49
   1.16809   -6.06925    3.30407        1  Fe         7.00836       119
  -5.84036   -2.02338    3.30355        1  Fe         7.00837        43
   5.84036    2.02338   -3.30355        1  Fe         7.00837       122
  -7.00944   -0.002408  -0.003648       1  Fe         7.00944        30
  -4.6733     4.04391   -3.30746        1  Fe         7.00944        60
   7.00944    0.002408   0.003648       1  Fe         7.00944       142
   4.67331   -4.04391    3.30746        1  Fe         7.00944       112
  -3.50323    6.07121    0.00287        1  Fe         7.00944        67
   3.50323   -6.07121   -0.00287        1  Fe         7.00944       103
  -5.83936    2.0249     3.30668        1  Fe         7.00946        83
   5.83936   -2.0249    -3.30668        1  Fe         7.00946        88
  -3.50621   -6.07362   -0.006518       1  Fe         7.01302        29
   3.50621    6.07362    0.006518       1  Fe         7.01302       139
  -1.16606   -2.01901    6.61414        1  Fe         7.01305        36
   1.16606    2.01901   -6.61414        1  Fe         7.01305       128
  -4.67529   -4.05265   -3.31372        1  Fe         7.01876        26
   4.67529    4.05265    3.31372        1  Fe         7.01876       147
  -1.17107   -6.07558   -3.31346        1  Fe         7.01877        19
   1.17107    6.07558    3.31346        1  Fe         7.01877       153
  -2.33915   -0.006331  -6.61753        1  Fe         7.01879         3
   2.33915    0.006331   6.61753        1  Fe         7.01879       167
   1.16507   -2.02927   -6.61727        1  Fe         7.0188         92
  -1.16507    2.02927    6.61727        1  Fe         7.0188         80
  -3.50423    6.06914   -2.47825        1  Fe         7.43343        53
   3.50423   -6.06914    2.47825        1  Fe         7.43343       113
  -7.00844   -0.000335   2.47747        1  Fe         7.43344        41
   7.00844    0.000335  -2.47747        1  Fe         7.43344       123
  -1.16806   -6.06937    4.12989        1  Fe         7.43354        40
   1.16806    6.06937   -4.12989        1  Fe         7.43354       124
  -4.67228   -4.04643    4.12963        1  Fe         7.43355        46
   4.67228    4.04643   -4.12963        1  Fe         7.43355       121
   3.50521    6.07155   -2.4746         1  Fe         7.43464       125
  -3.50521   -6.07155    2.4746         1  Fe         7.43464        48
   2.33513    4.04424   -5.78493        1  Fe         7.43466       126
  -2.33513   -4.04425    5.78493        1  Fe         7.43466        47
  -7.01044   -0.004481  -2.48476        1  Fe         7.43777        21
   7.01044    0.004481   2.48476        1  Fe         7.43777       143
  -5.84237    2.01868   -4.13667        1  Fe         7.43777        62
   5.84237   -2.01868    4.13667        1  Fe         7.43777       106
  -3.50223    6.07329    2.48399        1  Fe         7.43778        68
   3.50223   -6.07329   -2.48399        1  Fe         7.43778        98
  -4.67029    4.05013    4.13589        1  Fe         7.4378         75
   4.67029   -4.05013   -4.13589        1  Fe         7.4378         90
  -5.84337   -2.0296    -4.1398         1  Fe         7.44326        23
   5.84337    2.0296     4.1398         1  Fe         7.44326       150
  -4.6753    -0.006443  -5.7917         1  Fe         7.44327        10
   4.6753     0.006442   5.7917         1  Fe         7.44327       162
  -1.16508    6.07547    4.13928        1  Fe         7.44328        69
   1.16508   -6.07547   -4.13928        1  Fe         7.44328       101
  -2.33315    4.05231    5.79118        1  Fe         7.44329        77
   2.33315   -4.05231   -5.79118        1  Fe         7.44329        95
  -3.50721   -6.0757    -2.48763        1  Fe         7.44332        28
   3.50721    6.0757     2.48763        1  Fe         7.44332       145
  -0.00301   -0.006219  -7.44335        1  Fe         7.44335         1
   0.00301    0.006219   7.44335        1  Fe         7.44335       168
END
