# comment: None given                          Feff8L (EXAFS)       0.1      
# Source:
# Structure Summary:  Fe2
# Reduced formula:  Fe
# space group: (Im-3m), space number:  (229)
# abc:  2.477813   2.477809   4.054295
# angles: 90.000038  90.000320 109.469837
# sites: 2
# mp-13
# POT  Non-SCF, core-hole, AFOLP (folp(0)= 1.150)
# Abs   Z=26 Rmt= 1.346 Rnm= 1.393 K  shell
# Pot 1 Z=26 Rmt= 1.354 Rnm= 1.403
# Gam_ch=1.309E+00 H-L exch
# Mu=-1.199E+01 kf=2.042E+00 Vint=-2.788E+01 Rs_int= 1.776
# PATH  Rmax= 6.000,  Keep_limit= 0.00, Heap_limit 0.00  Pwcrit= 2.50%
#  S02=1.000                                        Global_sig2= 0.00000
#  Curved wave amplitude ratio filter   4.000%
#     file         sig2 tot  cw amp ratio   deg  nlegs   reff  inp sig2
#           1       0.00000    100.00      4.00     2   2.4778
#           2       0.00000     99.72      4.00     2   2.4811
#           3       0.00000     36.51      2.00     2   2.8612
#           4       0.00000     72.85      4.00     2   2.8640
#           5       0.00000      6.15      8.00     3   3.9084
#           6       0.00000      6.40     16.00     3   3.9114
#           7       0.00000     12.23     16.00     3   3.9114
#           8       0.00000     12.30     16.00     3   3.9114
#           9       0.00000      6.12      8.00     3   3.9117
#          10       0.00000     16.15      2.00     2   4.0462
#          11       0.00000     64.53      8.00     2   4.0483
#          12       0.00000     16.07      2.00     2   4.0543
#          13       0.00000      6.76      8.00     3   4.5009
#          14       0.00000      9.34     16.00     3   4.5036
#          15       0.00000     13.50     16.00     3   4.5036
#          16       0.00000     13.50     16.00     3   4.5036
#          17       0.00000      6.73      8.00     3   4.5083
#          18       0.00000     21.64      4.00     2   4.7447
#          19       0.00000     64.87     12.00     2   4.7463
#          20       0.00000     43.13      8.00     2   4.7515
#          21       0.00000      6.24     16.00     3   4.8867
#          22       0.00000      6.24     16.00     3   4.8867
#          23       0.00000     19.34      4.00     2   4.9556
#          24       0.00000      9.28      4.00     3   4.9556
#          25       0.00000     54.35      8.00     3   4.9556
#          26       0.00000     11.63      4.00     4   4.9556
#          27       0.00000      4.52      4.00     4   4.9556
#          28       0.00000     45.11      4.00     4   4.9556
#          29       0.00000     19.27      4.00     2   4.9622
#          30       0.00000      9.24      4.00     3   4.9622
#          31       0.00000     54.11      8.00     3   4.9622
#          32       0.00000     11.56      4.00     4   4.9622
#          33       0.00000      4.49      4.00     4   4.9622
#          34       0.00000     44.86      4.00     4   4.9622
#          35       0.00000      5.16      8.00     3   5.0418
#          36       0.00000      6.91      8.00     3   5.0419
#          37       0.00000      7.12      8.00     3   5.0418
#          38       0.00000     10.29     16.00     3   5.0441
#          39       0.00000      5.14      8.00     3   5.0444
#          40       0.00000     13.77     16.00     3   5.0441
#          41       0.00000      6.88      8.00     3   5.0444
#          42       0.00000      7.09      8.00     3   5.0444
#          43       0.00000     14.20     16.00     3   5.0441
#          44       0.00000     10.30     16.00     3   5.0483
#          45       0.00000     13.78     16.00     3   5.0483
#          46       0.00000     14.21     16.00     3   5.0483
#          51       0.00000      9.26     32.00     3   5.6363
#          52       0.00000      6.59      2.00     2   5.7224
#          54       0.00000     16.58      4.00     3   5.7224
#          56       0.00000     12.30      2.00     4   5.7224
#          57       0.00000     13.14      4.00     2   5.7279
#          58       0.00000      5.52      4.00     3   5.7279
#          59       0.00000     33.05      8.00     3   5.7279
#          60       0.00000      6.05      4.00     4   5.7279
#          62       0.00000     24.49      4.00     4   5.7279
#          63       0.00000      4.05     16.00     4   5.9339
#          64       0.00000      4.05     16.00     4   5.9372
#    57/  63 paths used
#  -----------------------------------------------------------------------
#       k          chi          mag           phase @#
     0.0000   -5.850966E-01  5.902901E-01 -1.703545E+00
     0.0500   -5.853865E-01  5.899101E-01 -1.694717E+00
     0.1000   -5.856138E-01  5.895140E-01 -1.685891E+00
     0.1500   -5.860108E-01  5.883319E-01 -1.659653E+00
     0.2000   -5.858584E-01  5.870093E-01 -1.633428E+00
     0.2500   -5.846662E-01  5.847796E-01 -1.590498E+00
     0.3000   -5.820282E-01  5.821848E-01 -1.547598E+00
     0.3500   -5.765951E-01  5.785263E-01 -1.489065E+00
     0.4000   -5.685845E-01  5.742194E-01 -1.430588E+00
     0.4500   -5.558025E-01  5.686727E-01 -1.357639E+00
     0.5000   -5.393514E-01  5.621886E-01 -1.284790E+00
     0.5500   -5.164205E-01  5.543389E-01 -1.198782E+00
     0.6000   -4.891409E-01  5.453044E-01 -1.112947E+00
     0.6500   -4.543897E-01  5.348366E-01 -1.015200E+00
     0.7000   -4.154030E-01  5.230197E-01 -9.177551E-01
     0.7500   -3.690806E-01  5.097854E-01 -8.095722E-01
     0.8000   -3.197047E-01  4.951484E-01 -7.019063E-01
     0.8500   -2.644649E-01  4.792043E-01 -5.846210E-01
     0.9000   -2.084557E-01  4.619303E-01 -4.681889E-01
     0.9500   -1.492789E-01  4.435613E-01 -3.432467E-01
     1.0000   -9.240208E-02  4.240664E-01 -2.196574E-01
     1.0500   -3.578332E-02  4.037945E-01 -8.873406E-02
     1.1000    1.535281E-02  3.827287E-01  4.012485E-02
     1.1500    6.290426E-02  3.613148E-01  1.749899E-01
     1.2000    1.025587E-01  3.395565E-01  3.068290E-01
     1.2500    1.363735E-01  3.180336E-01  4.431664E-01
     1.3000    1.614307E-01  2.967090E-01  5.752812E-01
     1.3500    1.800676E-01  2.761731E-01  7.102325E-01
     1.4000    1.909250E-01  2.564421E-01  8.398084E-01
     1.4500    1.966538E-01  2.382393E-01  9.709928E-01
     1.5000    1.969653E-01  2.214171E-01  1.096396E+00
     1.5500    1.944249E-01  2.067523E-01  1.223733E+00
     1.6000    1.890170E-01  1.938528E-01  1.346964E+00
     1.6500    1.826627E-01  1.834955E-01  1.475488E+00
     1.7000    1.747746E-01  1.748741E-01  1.604538E+00
     1.7500    1.661558E-01  1.687213E-01  1.745406E+00
     1.8000    1.553478E-01  1.637645E-01  1.892793E+00
     1.8500    1.420254E-01  1.608019E-01  2.058882E+00
     1.9000    1.245200E-01  1.581984E-01  2.235478E+00
     1.9500    1.019223E-01  1.570333E-01  2.435259E+00
     2.0000    7.391745E-02  1.554457E-01  2.646038E+00
     2.0500    3.878016E-02  1.561137E-01  2.890554E+00
     2.1000   -3.162604E-04  1.557283E-01  3.143624E+00
     2.1500   -3.997369E-02  1.541946E-01  3.403830E+00
     2.2000   -7.636375E-02  1.514801E-01  3.669952E+00
     2.2500   -1.123746E-01  1.505462E-01  3.984297E+00
     2.3000   -1.352094E-01  1.477384E-01  4.297583E+00
     2.3500   -1.424750E-01  1.432464E-01  4.608560E+00
     2.4000   -1.344612E-01  1.372971E-01  4.915990E+00
     2.4500   -1.163448E-01  1.326743E-01  5.213769E+00
     2.5000   -8.880832E-02  1.266508E-01  5.506097E+00
     2.5500   -5.646825E-02  1.194572E-01  5.790825E+00
     2.6000   -2.407554E-02  1.113619E-01  6.065273E+00
     2.6500    5.609835E-03  1.059394E-01  6.336163E+00
     2.7000    3.138782E-02  1.000561E-01  6.602275E+00
     2.7500    5.135763E-02  9.387004E-02  6.862098E+00
     2.8000    6.461509E-02  8.752062E-02  7.113708E+00
     2.8500    7.123449E-02  8.092381E-02  7.359608E+00
     2.9000    7.139784E-02  7.387335E-02  7.594370E+00
     2.9500    6.649380E-02  6.654607E-02  7.814344E+00
     3.0000    5.840283E-02  5.916144E-02  8.014295E+00
     3.0500    4.838770E-02  5.139177E-02  8.197589E+00
     3.1000    3.878988E-02  4.390528E-02  8.341517E+00
     3.1500    3.130397E-02  3.728375E-02  8.428205E+00
     3.2000    2.698829E-02  3.240660E-02  8.440627E+00
     3.2500    2.533491E-02  2.925581E-02  8.377674E+00
     3.3000    2.717885E-02  2.987194E-02  8.281867E+00
     3.3500    3.154356E-02  3.405255E-02  8.240253E+00
     3.4000    3.687627E-02  4.059440E-02  8.285318E+00
     3.4500    4.121119E-02  4.816536E-02  8.398032E+00
     3.5000    4.292923E-02  5.630585E-02  8.557719E+00
     3.5500    4.040578E-02  6.455532E-02  8.748481E+00
     3.6000    3.253728E-02  7.260740E-02  8.960110E+00
     3.6500    1.891922E-02  7.980562E-02  9.185433E+00
     3.7000    1.558204E-04  8.653281E-02  9.422977E+00
     3.7500   -2.250420E-02  9.262604E-02  9.670192E+00
     3.8000   -4.701131E-02  9.794301E-02  9.925417E+00
     3.8500   -7.052026E-02  1.018938E-01  1.018917E+01
     3.9000   -9.011492E-02  1.047747E-01  1.046021E+01
     3.9500   -1.029712E-01  1.064744E-01  1.073834E+01
     4.0000   -1.068575E-01  1.068999E-01  1.102375E+01
     4.0500   -1.000995E-01  1.055919E-01  1.131953E+01
     4.1000   -8.317563E-02  1.028757E-01  1.162476E+01
     4.1500   -5.779327E-02  9.875862E-02  1.194125E+01
     4.2000   -2.708399E-02  9.330675E-02  1.227186E+01
     4.2500    5.141693E-03  8.634235E-02  1.262596E+01
     4.3000    3.345830E-02  7.850760E-02  1.300664E+01
     4.3500    5.323175E-02  7.033512E-02  1.342482E+01
     4.4000    6.089947E-02  6.272672E-02  1.389520E+01
     4.4500    5.441747E-02  5.698671E-02  1.443859E+01
     4.5000    3.421664E-02  5.525258E-02  1.504014E+01
     4.5500    3.317808E-03  5.894186E-02  1.565164E+01
     4.6000   -3.310545E-02  6.792048E-02  1.621709E+01
     4.6500   -6.870636E-02  8.086505E-02  1.672327E+01
     4.7000   -9.578886E-02  9.633238E-02  1.717248E+01
     4.7500   -1.080465E-01  1.131828E-01  1.758117E+01
     4.8000   -1.012620E-01  1.306031E-01  1.796230E+01
     4.8500   -7.367849E-02  1.479858E-01  1.832841E+01
     4.9000   -2.765322E-02  1.647714E-01  1.868093E+01
     4.9500    3.126643E-02  1.805452E-01  1.902361E+01
     5.0000    9.505894E-02  1.949533E-01  1.935889E+01
     5.0500    1.547299E-01  2.074356E-01  1.969147E+01
     5.1000    2.006041E-01  2.179051E-01  2.001918E+01
     5.1500    2.254721E-01  2.261529E-01  2.034274E+01
     5.2000    2.252420E-01  2.320173E-01  2.066261E+01
     5.2500    1.989645E-01  2.350075E-01  2.098153E+01
     5.3000    1.506066E-01  2.353950E-01  2.129691E+01
     5.3500    8.702678E-02  2.331799E-01  2.160867E+01
     5.4000    1.701073E-02  2.284123E-01  2.191661E+01
     5.4500   -5.050692E-02  2.208575E-01  2.222188E+01
     5.5000   -1.068540E-01  2.110080E-01  2.252215E+01
     5.5500   -1.462795E-01  1.990710E-01  2.281654E+01
     5.6000   -1.661847E-01  1.852981E-01  2.310375E+01
     5.6500   -1.670081E-01  1.697251E-01  2.338277E+01
     5.7000   -1.524480E-01  1.530376E-01  2.364975E+01
     5.7500   -1.279638E-01  1.356642E-01  2.390049E+01
     5.8000   -9.966827E-02  1.181303E-01  2.412858E+01
     5.8500   -7.316528E-02  1.011447E-01  2.432407E+01
     5.9000   -5.256783E-02  8.574343E-02  2.447278E+01
     5.9500   -3.981879E-02  7.332326E-02  2.455867E+01
     6.0000   -3.465312E-02  6.569103E-02  2.457707E+01
     6.0500   -3.479301E-02  6.454914E-02  2.456347E+01
     6.1000   -3.664562E-02  6.945068E-02  2.457691E+01
     6.1500   -3.635456E-02  7.863116E-02  2.465211E+01
     6.2000   -3.053448E-02  9.014579E-02  2.478718E+01
     6.2500   -1.693902E-02  1.025971E-01  2.496688E+01
     6.3000    5.113762E-03  1.151176E-01  2.517718E+01
     6.3500    3.459709E-02  1.271793E-01  2.540825E+01
     6.4000    6.890578E-02  1.384483E-01  2.565369E+01
     6.4500    1.042213E-01  1.486985E-01  2.590939E+01
     6.5000    1.360507E-01  1.577629E-01  2.617268E+01
     6.5500    1.594551E-01  1.648965E-01  2.644593E+01
     6.6000    1.704670E-01  1.704999E-01  2.672318E+01
     6.6500    1.666807E-01  1.744806E-01  2.700367E+01
     6.7000    1.475230E-01  1.767484E-01  2.728684E+01
     6.7500    1.144574E-01  1.772158E-01  2.757218E+01
     6.8000    7.089862E-02  1.758013E-01  2.785923E+01
     6.8500    2.182017E-02  1.724338E-01  2.814745E+01
     6.9000   -2.692368E-02  1.670588E-01  2.843620E+01
     6.9500   -6.948055E-02  1.596464E-01  2.872461E+01
     7.0000   -1.009570E-01  1.501993E-01  2.901145E+01
     7.0500   -1.180833E-01  1.385148E-01  2.929508E+01
     7.1000   -1.203761E-01  1.250243E-01  2.957159E+01
     7.1500   -1.099347E-01  1.099394E-01  2.983587E+01
     7.2000   -9.106626E-02  9.360883E-02  3.007873E+01
     7.2500   -6.942371E-02  7.664046E-02  3.028258E+01
     7.3000   -5.081281E-02  6.022465E-02  3.041175E+01
     7.3500   -3.990110E-02  4.697863E-02  3.040118E+01
     7.4000   -3.910715E-02  4.197604E-02  3.021699E+01
     7.4500   -4.793412E-02  4.889988E-02  3.004420E+01
     7.5000   -6.293361E-02  6.430070E-02  3.005171E+01
     7.5500   -7.831006E-02  8.357821E-02  3.020208E+01
     7.6000   -8.697103E-02  1.040142E-01  3.042571E+01
     7.6500   -8.265273E-02  1.243855E-01  3.068912E+01
     7.7000   -6.131968E-02  1.439538E-01  3.097590E+01
     7.7500   -2.238022E-02  1.621912E-01  3.127750E+01
     7.8000    3.079428E-02  1.786805E-01  3.158913E+01
     7.8500    9.120953E-02  1.930794E-01  3.190793E+01
     7.9000    1.494224E-01  2.051068E-01  3.223207E+01
     7.9500    1.953311E-01  2.145385E-01  3.256035E+01
     8.0000    2.202139E-01  2.212069E-01  3.289194E+01
     8.0500    2.183586E-01  2.248271E-01  3.322718E+01
     8.1000    1.889051E-01  2.255153E-01  3.356453E+01
     8.1500    1.358017E-01  2.232798E-01  3.390371E+01
     8.2000    6.718338E-02  2.181846E-01  3.424451E+01
     8.2500   -6.162067E-03  2.103471E-01  3.458682E+01
     8.3000   -7.287005E-02  1.999352E-01  3.493058E+01
     8.3500   -1.231763E-01  1.871627E-01  3.527584E+01
     8.4000   -1.507331E-01  1.722846E-01  3.562276E+01
     8.4500   -1.536860E-01  1.555910E-01  3.597167E+01
     8.5000   -1.348005E-01  1.374008E-01  3.632317E+01
     8.5500   -1.007402E-01  1.181216E-01  3.667769E+01
     8.6000   -6.022059E-02  9.801560E-02  3.703749E+01
     8.6500   -2.233053E-02  7.745348E-02  3.740665E+01
     8.7000    5.446478E-03  5.683298E-02  3.779509E+01
     8.7500    1.867188E-02  3.664761E-02  3.823371E+01
     8.8000    1.665133E-02  1.802864E-02  3.887649E+01
     8.8500    2.285971E-03  1.058514E-02  4.062303E+01
     8.9000   -1.883982E-02  2.445918E-02  4.171995E+01
     8.9500   -3.988687E-02  4.058149E-02  4.222621E+01
     9.0000   -5.436134E-02  5.569835E-02  4.263105E+01
     9.0500   -5.750536E-02  6.935236E-02  4.300466E+01
     9.1000   -4.724429E-02  8.133516E-02  4.336251E+01
     9.1500   -2.450920E-02  9.153345E-02  4.371123E+01
     9.2000    7.127797E-03  9.989482E-02  4.405371E+01
     9.2500    4.232748E-02  1.064150E-01  4.439137E+01
     9.3000    7.514876E-02  1.111312E-01  4.472491E+01
     9.3500    1.002342E-01  1.141175E-01  4.505468E+01
     9.4000    1.137696E-01  1.154790E-01  4.538082E+01
     9.4500    1.140474E-01  1.153470E-01  4.570335E+01
     9.5000    1.015698E-01  1.138726E-01  4.602223E+01
     9.5500    7.882855E-02  1.114295E-01  4.633803E+01
     9.6000    4.928821E-02  1.079835E-01  4.664990E+01
     9.6500    1.715081E-02  1.036996E-01  4.695774E+01
     9.7000   -1.354342E-02  9.873719E-02  4.726149E+01
     9.7500   -3.948272E-02  9.324462E-02  4.756112E+01
     9.8000   -5.843079E-02  8.735417E-02  4.785661E+01
     9.8500   -6.934495E-02  8.117849E-02  4.814795E+01
     9.9000   -7.230240E-02  7.480884E-02  4.843510E+01
     9.9500   -6.829683E-02  6.831520E-02  4.871787E+01
    10.0000   -5.896942E-02  6.174886E-02  4.899586E+01
    10.0500   -4.645227E-02  5.532883E-02  4.926900E+01
    10.1000   -3.262492E-02  4.887579E-02  4.953463E+01
    10.1500   -1.943812E-02  4.242253E-02  4.978951E+01
    10.2000   -8.486770E-03  3.602476E-02  5.002767E+01
    10.2500   -8.196070E-04  2.979043E-02  5.023797E+01
    10.3000    3.198879E-03  2.393893E-02  5.039951E+01
    10.3500    3.943252E-03  1.892887E-02  5.047534E+01
    10.4000    2.466664E-03  1.566026E-02  5.042365E+01
    10.4500    3.073244E-04  1.527209E-02  5.028561E+01
    10.5000   -8.274648E-04  1.782793E-02  5.021905E+01
    10.5500    5.469152E-04  2.213690E-02  5.029019E+01
    10.6000    5.303700E-03  2.712891E-02  5.046225E+01
    10.6500    1.341455E-02  3.220377E-02  5.069513E+01
    10.7000    2.384527E-02  3.702558E-02  5.096523E+01
    10.7500    3.469014E-02  4.138049E-02  5.125968E+01
    10.8000    4.354218E-02  4.511647E-02  5.157133E+01
    10.8500    4.803380E-02  4.811973E-02  5.189605E+01
    10.9000    4.642945E-02  5.030588E-02  5.223142E+01
    10.9500    3.812463E-02  5.161709E-02  5.257608E+01
    11.0000    2.391524E-02  5.202169E-02  5.292940E+01
    11.0500    5.938810E-03  5.174072E-02  5.329204E+01
    11.1000   -1.284498E-02  5.057803E-02  5.366385E+01
    11.1500   -2.896689E-02  4.857428E-02  5.404601E+01
    11.2000   -3.934882E-02  4.580282E-02  5.444057E+01
    11.2500   -4.203320E-02  4.237490E-02  5.485079E+01
    11.3000   -3.668722E-02  3.844919E-02  5.528178E+01
    11.3500   -2.474444E-02  3.424890E-02  5.574127E+01
    11.4000   -9.130459E-03  3.009140E-02  5.624038E+01
    11.4500    6.379101E-03  2.642869E-02  5.679245E+01
    11.5000    1.802541E-02  2.386021E-02  5.740502E+01
    11.5500    2.295419E-02  2.299232E-02  5.806186E+01
    11.6000    1.990849E-02  2.407405E-02  5.871657E+01
    11.6500    9.553171E-03  2.678371E-02  5.932555E+01
    11.7000   -5.655241E-03  3.049835E-02  5.987677E+01
    11.7500   -2.202893E-02  3.463957E-02  6.037950E+01
    11.8000   -3.550908E-02  3.878379E-02  6.084717E+01
    11.8500   -4.262094E-02  4.263965E-02  6.129068E+01
    11.9000   -4.129437E-02  4.600709E-02  6.171764E+01
    11.9500   -3.135336E-02  4.874882E-02  6.213323E+01
    12.0000   -1.455935E-02  5.077371E-02  6.254102E+01
    12.0500    5.903668E-03  5.221107E-02  6.294517E+01
    12.1000    2.599389E-02  5.287363E-02  6.334581E+01
    12.1500    4.173561E-02  5.275728E-02  6.374444E+01
    12.2000    5.013458E-02  5.188212E-02  6.414237E+01
    12.2500    4.981118E-02  5.029054E-02  6.454083E+01
    12.3000    4.124637E-02  4.804539E-02  6.494113E+01
    12.3500    2.659763E-02  4.522835E-02  6.534477E+01
    12.4000    9.145900E-03  4.193863E-02  6.575360E+01
    12.4500   -7.480259E-03  3.829221E-02  6.617006E+01
    12.5000   -2.011197E-02  3.442208E-02  6.659743E+01
    12.5500   -2.669044E-02  3.048031E-02  6.704025E+01
    12.6000   -2.662143E-02  2.664236E-02  6.750460E+01
    12.6500   -2.077400E-02  2.311322E-02  6.799803E+01
    12.7000   -1.115312E-02  2.012967E-02  6.852780E+01
    12.7500   -3.499900E-04  1.793994E-02  6.909553E+01
    12.8000    9.081708E-03  1.673087E-02  6.968882E+01
    12.8500    1.517255E-02  1.651532E-02  7.027980E+01
    12.9000    1.688955E-02  1.709158E-02  7.083974E+01
    12.9500    1.423607E-02  1.814519E-02  7.135464E+01
    13.0000    8.109401E-03  1.938325E-02  7.182498E+01
    13.0500   -4.751514E-05  2.063174E-02  7.225893E+01
    13.1000   -8.571433E-03  2.173808E-02  7.266194E+01
    13.1500   -1.597038E-02  2.263916E-02  7.303966E+01
    13.2000   -2.118351E-02  2.331798E-02  7.339622E+01
    13.2500   -2.368766E-02  2.379006E-02  7.373461E+01
    13.3000   -2.345962E-02  2.409269E-02  7.405717E+01
    13.3500   -2.083895E-02  2.427554E-02  7.436601E+01
    13.4000   -1.635505E-02  2.439165E-02  7.466332E+01
    13.4500   -1.057882E-02  2.448852E-02  7.495152E+01
    13.5000   -4.037515E-03  2.460021E-02  7.523335E+01
    13.5500    2.799752E-03  2.474153E-02  7.551163E+01
    13.6000    9.486945E-03  2.490565E-02  7.578901E+01
    13.6500    1.555536E-02  2.506553E-02  7.606772E+01
    13.7000    2.049649E-02  2.517865E-02  7.634930E+01
    13.7500    2.379775E-02  2.519352E-02  7.663459E+01
    13.8000    2.503090E-02  2.505663E-02  7.692370E+01
    13.8500    2.396769E-02  2.471860E-02  7.721614E+01
    13.9000    2.068137E-02  2.413912E-02  7.751087E+01
    13.9500    1.559153E-02  2.329055E-02  7.780637E+01
    14.0000    9.423845E-03  2.216054E-02  7.810057E+01
    14.0500    3.078540E-03  2.084287E-02  7.839157E+01
    14.1000   -2.599926E-03  1.927229E-02  7.867513E+01
    14.1500   -6.913277E-03  1.749084E-02  7.894616E+01
    14.2000   -9.513266E-03  1.556853E-02  7.919721E+01
    14.2500   -1.047192E-02  1.361354E-02  7.941745E+01
    14.3000   -1.023989E-02  1.178932E-02  7.959213E+01
    14.3500   -9.500478E-03  1.033243E-02  7.970658E+01
    14.4000   -8.958366E-03  9.531331E-03  7.976211E+01
    14.4500   -9.122785E-03  9.591052E-03  7.979684E+01
    14.5000   -1.014862E-02  1.045653E-02  7.986733E+01
    14.5500   -1.178330E-02  1.185395E-02  8.000138E+01
    14.6000   -1.343731E-02  1.348388E-02  8.019374E+01
    14.6500   -1.435969E-02  1.511841E-02  8.042876E+01
    14.7000   -1.386853E-02  1.660129E-02  8.069257E+01
    14.7500   -1.156905E-02  1.782657E-02  8.097517E+01
    14.8000   -7.494339E-03  1.872266E-02  8.126958E+01
    14.8500   -2.125608E-03  1.924358E-02  8.157073E+01
    14.9000    3.716254E-03  1.936474E-02  8.187452E+01
    14.9500    9.078274E-03  1.908119E-02  8.217725E+01
    15.0000    1.312288E-02  1.840776E-02  8.247503E+01
    15.0500    1.536960E-02  1.740557E-02  8.276368E+01
    15.1000    1.573066E-02  1.610643E-02  8.303577E+01
    15.1500    1.460190E-02  1.460854E-02  8.328236E+01
    15.2000    1.268995E-02  1.306134E-02  8.349124E+01
    15.2500    1.078063E-02  1.168667E-02  8.364856E+01
    15.3000    9.485410E-03  1.078417E-02  8.374805E+01
    15.3500    9.042550E-03  1.065600E-02  8.380969E+01
    15.4000    9.234509E-03  1.142621E-02  8.388194E+01
    15.4500    9.449744E-03  1.295064E-02  8.400516E+01
    15.5000    8.874624E-03  1.495043E-02  8.418747E+01
    15.5500    6.761964E-03  1.716430E-02  8.441807E+01
    15.6000    2.698414E-03  1.939417E-02  8.468341E+01
    15.6500   -3.209223E-03  2.149592E-02  8.497286E+01
    15.7000   -1.028764E-02  2.336315E-02  8.527897E+01
    15.7500   -1.741104E-02  2.491613E-02  8.559670E+01
    15.8000   -2.325076E-02  2.609555E-02  8.592251E+01
    15.8500   -2.659669E-02  2.685921E-02  8.625387E+01
    15.9000   -2.666497E-02  2.718026E-02  8.658883E+01
    15.9500   -2.330834E-02  2.704617E-02  8.692579E+01
    16.0000   -1.707080E-02  2.645808E-02  8.726331E+01
    16.0500   -9.095510E-03  2.550736E-02  8.759999E+01
    16.1000   -7.321870E-04  2.413965E-02  8.793426E+01
    16.1500    6.605372E-03  2.239167E-02  8.826404E+01
    16.2000    1.183307E-02  2.031297E-02  8.858644E+01
    16.2500    1.442935E-02  1.796707E-02  8.889707E+01
    16.3000    1.451704E-02  1.543504E-02  8.918877E+01
    16.3500    1.277691E-02  1.282476E-02  8.944898E+01
    16.4000    1.022124E-02  1.029455E-02  8.965480E+01
    16.4500    7.892870E-03  8.108593E-03  8.976657E+01
    16.5000    6.573430E-03  6.718026E-03  8.974324E+01
    16.5500    6.579749E-03  6.615872E-03  8.963994E+01
    16.6000    7.700793E-03  7.727829E-03  8.961906E+01
    16.6500    9.287406E-03  9.470802E-03  8.973251E+01
    16.7000    1.046466E-02  1.137672E-02  8.993854E+01
    16.7500    1.040368E-02  1.319437E-02  9.019783E+01
    16.8000    8.575387E-03  1.479016E-02  9.048770E+01
    16.8500    4.915642E-03  1.608750E-02  9.079566E+01
    16.9000   -1.417015E-04  1.704117E-02  9.111450E+01
    16.9500   -5.770019E-03  1.762645E-02  9.143968E+01
    17.0000   -1.096098E-02  1.783423E-02  9.176807E+01
    17.0500   -1.479107E-02  1.766762E-02  9.209830E+01
    17.1000   -1.660682E-02  1.714093E-02  9.242669E+01
    17.1500   -1.623663E-02  1.628091E-02  9.275075E+01
    17.2000   -1.398717E-02  1.512538E-02  9.306741E+01
    17.2500   -1.053734E-02  1.372394E-02  9.337237E+01
    17.3000   -6.740267E-03  1.214031E-02  9.365918E+01
    17.3500   -3.390971E-03  1.045814E-02  9.391757E+01
    17.4000   -1.024843E-03  8.793910E-03  9.413097E+01
    17.4500    1.996820E-04  7.321720E-03  9.427506E+01
    17.5000    5.062907E-04  6.299178E-03  9.432824E+01
    17.5500    3.981577E-04  6.008082E-03  9.431410E+01
    17.6000    4.814589E-04  6.518152E-03  9.432171E+01
    17.6500    1.267781E-03  7.592667E-03  9.441554E+01
    17.7000    3.011526E-03  8.928817E-03  9.459181E+01
    17.7500    5.626125E-03  1.031513E-02  9.482468E+01
    17.8000    8.699157E-03  1.162575E-02  9.509322E+01
    17.8500    1.159847E-02  1.278624E-02  9.538414E+01
    17.9000    1.363713E-02  1.375203E-02  9.568922E+01
    17.9500    1.425094E-02  1.449762E-02  9.600331E+01
    18.0000    1.314131E-02  1.501095E-02  9.632301E+01
    18.0500    1.035924E-02  1.532541E-02  9.664712E+01
    18.1000    6.234883E-03  1.541121E-02  9.697287E+01
    18.1500    1.380464E-03  1.528088E-02  9.729891E+01
    18.2000   -3.478667E-03  1.495270E-02  9.762417E+01
    18.2500   -7.655414E-03  1.444941E-02  9.794775E+01
    18.3000   -1.062953E-02  1.379690E-02  9.826889E+01
    18.3500   -1.212629E-02  1.302280E-02  9.858695E+01
    18.4000   -1.213413E-02  1.215509E-02  9.890143E+01
    18.4500   -1.086688E-02  1.122066E-02  9.921195E+01
    18.5000   -8.689102E-03  1.024389E-02  9.951834E+01
    18.5500   -6.028627E-03  9.245368E-03  9.982065E+01
    18.6000   -3.298258E-03  8.240851E-03  1.001192E+02
    18.6500   -8.408516E-04  7.240562E-03  1.004146E+02
    18.7000    1.098473E-03  6.249015E-03  1.007077E+02
    18.7500    2.378104E-03  5.265457E-03  1.009996E+02
    18.8000    2.953502E-03  4.284935E-03  1.012915E+02
    18.8500    2.867906E-03  3.299877E-03  1.015843E+02
    18.9000    2.244863E-03  2.301975E-03  1.018785E+02
    18.9500    1.280997E-03  1.284093E-03  1.021712E+02
    19.0000    2.326273E-04  2.427073E-04  1.023910E+02
    19.0500   -6.236401E-04  8.371975E-04  9.969056E+01
    19.1000   -9.957470E-04  1.941726E-03  9.999250E+01
    19.1500   -6.653770E-04  3.064250E-03  1.003121E+02
    19.2000    4.551180E-04  4.191645E-03  1.006398E+02
    19.2500    2.274077E-03  5.307036E-03  1.009738E+02
    19.3000    4.505753E-03  6.390575E-03  1.013135E+02
    19.3500    6.702705E-03  7.420417E-03  1.016583E+02
    19.4000    8.336946E-03  8.373756E-03  1.020080E+02
    19.4500    8.916823E-03  9.227862E-03  1.023621E+02
    19.5000    8.113639E-03  9.961078E-03  1.027206E+02
    19.5500    5.864985E-03  1.055373E-02  1.030833E+02
    19.6000    2.423720E-03  1.098898E-02  1.034502E+02
    19.6500   -1.667158E-03  1.125351E-02  1.038213E+02
    19.7000   -5.675137E-03  1.133815E-02  1.041968E+02
    19.7500   -8.835176E-03  1.123837E-02  1.045771E+02
    19.8000   -1.052685E-02  1.095467E-02  1.049630E+02
    19.8500   -1.042726E-02  1.049289E-02  1.053553E+02
    19.9000   -8.598614E-03  9.864525E-03  1.057555E+02
    19.9500   -5.484442E-03  9.087163E-03  1.061662E+02
    20.0000   -1.811202E-03  8.185290E-03  1.065910E+02
