 comment: None given                            Feff8L (EXAFS)       0.1
 Source:
 Structure Summary:  Fe2
 Reduced formula:  Fe
 space group: (Im-3m), space number:  (229)
 abc:  2.477813   2.477809   4.054295
 angles: 90.000038  90.000320 109.469837
 sites: 2
 mp-13
 POT  Non-SCF, core-hole, AFOLP (folp(0)= 1.150)
 Abs   Z=26 Rmt= 1.346 Rnm= 1.393 K  shell
 Pot 1 Z=26 Rmt= 1.354 Rnm= 1.403
 Gam_ch=1.309E+00 H-L exch
 Mu=-1.199E+01 kf=2.042E+00 Vint=-2.788E+01 Rs_int= 1.776
 PATH  Rmax= 6.000,  Keep_limit= 0.00, Heap_limit 0.00  Pwcrit= 2.50%
 Path   30      icalc       2
 -----------------------------------------------------------------------
   3   4.000   4.9622    2.6511  -11.98877 nleg, deg, reff, rnrmav(bohr), edge
        x         y         z   pot at#
    -0.0000   -0.0000   -0.0000  0  26 Fe       absorbing atom
     0.0010    0.0021    2.4811  1  26 Fe
    -0.0010   -0.0021   -2.4811  1  26 Fe
    k   real[2*phc]   mag[feff]  phase[feff] red factor   lambda     real[p]@#
 -0.000  3.0297E+00  8.2234E-05 -7.1872E-01  1.009E+00  2.3783E+01  2.0426E+00
  0.100  3.0292E+00  3.3802E-02 -1.6920E+00  1.009E+00  2.3810E+01  2.0450E+00
  0.200  3.0278E+00  6.6050E-02 -2.6200E+00  1.009E+00  2.3888E+01  2.0520E+00
  0.300  3.0253E+00  9.5398E-02 -3.5057E+00  1.009E+00  2.4010E+01  2.0636E+00
  0.400  3.0219E+00  1.2086E-01 -4.3501E+00  1.009E+00  2.4162E+01  2.0798E+00
  0.500  3.0174E+00  1.4188E-01 -5.1544E+00  1.009E+00  2.4325E+01  2.1005E+00
  0.600  3.0119E+00  1.5830E-01 -5.9199E+00  1.009E+00  2.4477E+01  2.1255E+00
  0.700  3.0051E+00  1.7031E-01 -6.6476E+00  1.010E+00  2.4592E+01  2.1547E+00
  0.800  2.9971E+00  1.7828E-01 -7.3387E+00  1.010E+00  2.4646E+01  2.1880E+00
  0.900  2.9878E+00  1.8270E-01 -7.9940E+00  1.011E+00  2.4611E+01  2.2251E+00
  1.000  2.9770E+00  1.8409E-01 -8.6142E+00  1.012E+00  2.4468E+01  2.2661E+00
  1.100  2.9646E+00  1.8291E-01 -9.1997E+00  1.013E+00  2.4201E+01  2.3108E+00
  1.200  2.9505E+00  1.7958E-01 -9.7508E+00  1.015E+00  2.3806E+01  2.3590E+00
  1.300  2.9344E+00  1.7439E-01 -1.0268E+01  1.017E+00  2.3284E+01  2.4106E+00
  1.400  2.9162E+00  1.6766E-01 -1.0749E+01  1.019E+00  2.2650E+01  2.4656E+00
  1.500  2.8955E+00  1.5959E-01 -1.1195E+01  1.022E+00  2.1924E+01  2.5239E+00
  1.600  2.8721E+00  1.5035E-01 -1.1604E+01  1.025E+00  2.1133E+01  2.5854E+00
  1.700  2.8458E+00  1.4012E-01 -1.1974E+01  1.028E+00  2.0308E+01  2.6502E+00
  1.800  2.8160E+00  1.2907E-01 -1.2303E+01  1.032E+00  1.9479E+01  2.7182E+00
  1.900  2.7824E+00  1.1740E-01 -1.2586E+01  1.036E+00  1.8675E+01  2.7895E+00
  2.000  2.7446E+00  1.0537E-01 -1.2818E+01  1.041E+00  1.7925E+01  2.8641E+00
  2.200  2.6543E+00  8.1623E-02 -1.3095E+01  1.050E+00  1.6685E+01  3.0237E+00
  2.400  2.5183E+00  5.5892E-02 -1.2955E+01  1.048E+00  1.5937E+01  3.2092E+00
  2.600  2.4031E+00  4.6433E-02 -1.2886E+01  1.189E+00  8.3564E+00  3.3863E+00
  2.800  2.3922E+00  5.0511E-02 -1.2967E+01  1.238E+00  6.8748E+00  3.5200E+00
  3.000  2.3677E+00  6.8548E-02 -1.3032E+01  1.259E+00  6.2205E+00  3.6564E+00
  3.200  2.3197E+00  1.0018E-01 -1.3157E+01  1.265E+00  5.9138E+00  3.8021E+00
  3.400  2.2579E+00  1.4683E-01 -1.3358E+01  1.255E+00  5.7852E+00  3.9534E+00
  3.600  2.1869E+00  2.0529E-01 -1.3580E+01  1.246E+00  5.7623E+00  4.1099E+00
  3.800  2.1086E+00  2.7197E-01 -1.3812E+01  1.227E+00  5.8093E+00  4.2710E+00
  4.000  2.0245E+00  3.4302E-01 -1.4040E+01  1.210E+00  5.9063E+00  4.4362E+00
  4.200  1.9370E+00  4.1350E-01 -1.4259E+01  1.192E+00  6.0412E+00  4.6050E+00
  4.400  1.8472E+00  4.7797E-01 -1.4464E+01  1.174E+00  6.2061E+00  4.7771E+00
  4.600  1.7552E+00  5.3696E-01 -1.4663E+01  1.158E+00  6.3957E+00  4.9519E+00
  4.800  1.6629E+00  5.8586E-01 -1.4847E+01  1.141E+00  6.6062E+00  5.1292E+00
  5.000  1.5704E+00  6.2696E-01 -1.5023E+01  1.127E+00  6.8348E+00  5.3088E+00
  5.200  1.4781E+00  6.5984E-01 -1.5191E+01  1.112E+00  7.0793E+00  5.4903E+00
  5.400  1.3862E+00  6.8281E-01 -1.5348E+01  1.099E+00  7.3381E+00  5.6735E+00
  5.600  1.2945E+00  6.9732E-01 -1.5498E+01  1.086E+00  7.6099E+00  5.8582E+00
  5.800  1.2035E+00  7.0270E-01 -1.5639E+01  1.074E+00  7.8937E+00  6.0443E+00
  6.000  1.1130E+00  7.0013E-01 -1.5776E+01  1.064E+00  8.1885E+00  6.2316E+00
  6.500  8.9010E-01  6.5685E-01 -1.6092E+01  1.040E+00  8.9696E+00  6.7042E+00
  7.000  6.7413E-01  5.8209E-01 -1.6390E+01  1.021E+00  9.8073E+00  7.1820E+00
  7.500  4.6787E-01  4.9912E-01 -1.6678E+01  1.007E+00  1.0696E+01  7.6636E+00
  8.000  2.7271E-01  4.1935E-01 -1.6958E+01  9.945E-01  1.1631E+01  8.1482E+00
  8.500  8.5590E-02  3.4425E-01 -1.7239E+01  9.810E-01  1.2610E+01  8.6352E+00
  9.000 -9.7372E-02  2.7917E-01 -1.7523E+01  9.673E-01  1.3629E+01  9.1241E+00
  9.500 -2.7686E-01  2.2515E-01 -1.7808E+01  9.560E-01  1.4688E+01  9.6146E+00
 10.000 -4.5011E-01  1.8262E-01 -1.8088E+01  9.472E-01  1.5784E+01  1.0106E+01
 11.000 -7.7409E-01  1.2223E-01 -1.8630E+01  9.361E-01  1.8082E+01  1.1093E+01
 12.000 -1.0720E+00  8.2247E-02 -1.9159E+01  9.299E-01  2.0515E+01  1.2082E+01
 13.000 -1.3468E+00  5.7056E-02 -1.9666E+01  9.266E-01  2.3076E+01  1.3073E+01
 14.000 -1.5993E+00  3.9876E-02 -2.0164E+01  9.256E-01  2.5759E+01  1.4066E+01
 15.000 -1.8337E+00  2.7736E-02 -2.0656E+01  9.254E-01  2.8557E+01  1.5060E+01
 16.000 -2.0507E+00  1.8453E-02 -2.1134E+01  9.262E-01  3.1468E+01  1.6055E+01
 17.000 -2.2525E+00  1.1500E-02 -2.1576E+01  9.273E-01  3.4486E+01  1.7051E+01
 18.000 -2.4410E+00  6.8125E-03 -2.1928E+01  9.285E-01  3.7609E+01  1.8047E+01
 19.000 -2.6167E+00  3.7342E-03 -2.2152E+01  9.299E-01  4.0833E+01  1.9044E+01
 20.000 -2.7818E+00  1.9487E-03 -2.1915E+01  9.308E-01  4.4154E+01  2.0041E+01
