 comment: None given                            Feff8L (EXAFS)       0.1
 Source:
 Structure Summary:  Fe2
 Reduced formula:  Fe
 space group: (Im-3m), space number:  (229)
 abc:  2.477813   2.477809   4.054295
 angles: 90.000038  90.000320 109.469837
 sites: 2
 mp-13
 POT  Non-SCF, core-hole, AFOLP (folp(0)= 1.150)
 Abs   Z=26 Rmt= 1.346 Rnm= 1.393 K  shell
 Pot 1 Z=26 Rmt= 1.354 Rnm= 1.403
 Gam_ch=1.309E+00 H-L exch
 Mu=-1.199E+01 kf=2.042E+00 Vint=-2.788E+01 Rs_int= 1.776
 PATH  Rmax= 6.000,  Keep_limit= 0.00, Heap_limit 0.00  Pwcrit= 2.50%
 Path   55      icalc       2
 -----------------------------------------------------------------------
   4   2.000   5.7224    2.6511  -11.98877 nleg, deg, reff, rnrmav(bohr), edge
        x         y         z   pot at#
    -0.0000   -0.0000   -0.0000  0  26 Fe       absorbing atom
    -1.1681   -2.0232    1.6519  1  26 Fe
    -0.0000   -0.0000   -0.0000  0  26 Fe
     1.1681    2.0232   -1.6519  1  26 Fe
    k   real[2*phc]   mag[feff]  phase[feff] red factor   lambda     real[p]@#
 -0.000  3.0297E+00  3.8437E-05 -3.4771E-01  1.009E+00  2.3783E+01  2.0426E+00
  0.100  3.0292E+00  1.5784E-02 -1.4713E+00  1.009E+00  2.3810E+01  2.0450E+00
  0.200  3.0278E+00  3.0757E-02 -2.5453E+00  1.009E+00  2.3888E+01  2.0520E+00
  0.300  3.0253E+00  4.4228E-02 -3.5730E+00  1.009E+00  2.4010E+01  2.0636E+00
  0.400  3.0219E+00  5.5710E-02 -4.5554E+00  1.009E+00  2.4162E+01  2.0798E+00
  0.500  3.0174E+00  6.4955E-02 -5.4936E+00  1.009E+00  2.4325E+01  2.1005E+00
  0.600  3.0119E+00  7.1937E-02 -6.3890E+00  1.009E+00  2.4477E+01  2.1255E+00
  0.700  3.0051E+00  7.6788E-02 -7.2427E+00  1.010E+00  2.4592E+01  2.1547E+00
  0.800  2.9971E+00  7.9745E-02 -8.0556E+00  1.010E+00  2.4646E+01  2.1880E+00
  0.900  2.9878E+00  8.1083E-02 -8.8287E+00  1.011E+00  2.4611E+01  2.2251E+00
  1.000  2.9770E+00  8.1073E-02 -9.5626E+00  1.012E+00  2.4468E+01  2.2661E+00
  1.100  2.9646E+00  7.9954E-02 -1.0258E+01  1.013E+00  2.4201E+01  2.3108E+00
  1.200  2.9505E+00  7.7926E-02 -1.0914E+01  1.015E+00  2.3806E+01  2.3590E+00
  1.300  2.9344E+00  7.5143E-02 -1.1531E+01  1.017E+00  2.3284E+01  2.4106E+00
  1.400  2.9162E+00  7.1727E-02 -1.2109E+01  1.019E+00  2.2650E+01  2.4656E+00
  1.500  2.8955E+00  6.7795E-02 -1.2646E+01  1.022E+00  2.1924E+01  2.5239E+00
  1.600  2.8721E+00  6.3429E-02 -1.3141E+01  1.025E+00  2.1133E+01  2.5854E+00
  1.700  2.8458E+00  5.8722E-02 -1.3592E+01  1.028E+00  2.0308E+01  2.6502E+00
  1.800  2.8160E+00  5.3777E-02 -1.3994E+01  1.032E+00  1.9479E+01  2.7182E+00
  1.900  2.7824E+00  4.8728E-02 -1.4343E+01  1.036E+00  1.8675E+01  2.7895E+00
  2.000  2.7446E+00  4.3740E-02 -1.4632E+01  1.041E+00  1.7925E+01  2.8641E+00
  2.200  2.6543E+00  3.4789E-02 -1.4997E+01  1.050E+00  1.6685E+01  3.0237E+00
  2.400  2.5183E+00  2.7130E-02 -1.4916E+01  1.048E+00  1.5937E+01  3.2092E+00
  2.600  2.4031E+00  2.6031E-02 -1.4852E+01  1.189E+00  8.3564E+00  3.3863E+00
  2.800  2.3922E+00  2.8908E-02 -1.5144E+01  1.238E+00  6.8748E+00  3.5200E+00
  3.000  2.3677E+00  3.9199E-02 -1.5434E+01  1.259E+00  6.2205E+00  3.6564E+00
  3.200  2.3197E+00  5.9882E-02 -1.5761E+01  1.265E+00  5.9138E+00  3.8021E+00
  3.400  2.2579E+00  9.4262E-02 -1.6165E+01  1.255E+00  5.7852E+00  3.9534E+00
  3.600  2.1869E+00  1.4328E-01 -1.6575E+01  1.246E+00  5.7623E+00  4.1099E+00
  3.800  2.1086E+00  2.0632E-01 -1.6974E+01  1.227E+00  5.8093E+00  4.2710E+00
  4.000  2.0245E+00  2.8147E-01 -1.7342E+01  1.210E+00  5.9063E+00  4.4362E+00
  4.200  1.9370E+00  3.6453E-01 -1.7679E+01  1.192E+00  6.0412E+00  4.6050E+00
  4.400  1.8472E+00  4.4944E-01 -1.7982E+01  1.174E+00  6.2061E+00  4.7771E+00
  4.600  1.7552E+00  5.3454E-01 -1.8263E+01  1.158E+00  6.3957E+00  4.9519E+00
  4.800  1.6629E+00  6.1346E-01 -1.8517E+01  1.141E+00  6.6062E+00  5.1292E+00
  5.000  1.5704E+00  6.8652E-01 -1.8753E+01  1.127E+00  6.8348E+00  5.3088E+00
  5.200  1.4781E+00  7.5140E-01 -1.8972E+01  1.112E+00  7.0793E+00  5.4903E+00
  5.400  1.3862E+00  8.0494E-01 -1.9173E+01  1.099E+00  7.3381E+00  5.6735E+00
  5.600  1.2945E+00  8.4748E-01 -1.9363E+01  1.086E+00  7.6099E+00  5.8582E+00
  5.800  1.2035E+00  8.7709E-01 -1.9540E+01  1.074E+00  7.8937E+00  6.0443E+00
  6.000  1.1130E+00  8.9484E-01 -1.9708E+01  1.064E+00  8.1885E+00  6.2316E+00
  6.500  8.9010E-01  8.8056E-01 -2.0092E+01  1.040E+00  8.9696E+00  6.7042E+00
  7.000  6.7413E-01  8.0872E-01 -2.0443E+01  1.021E+00  9.8073E+00  7.1820E+00
  7.500  4.6787E-01  7.1246E-01 -2.0771E+01  1.007E+00  1.0696E+01  7.6636E+00
  8.000  2.7271E-01  6.1116E-01 -2.1086E+01  9.945E-01  1.1631E+01  8.1482E+00
  8.500  8.5590E-02  5.0931E-01 -2.1396E+01  9.810E-01  1.2610E+01  8.6352E+00
  9.000 -9.7372E-02  4.1842E-01 -2.1706E+01  9.673E-01  1.3629E+01  9.1241E+00
  9.500 -2.7686E-01  3.4092E-01 -2.2012E+01  9.560E-01  1.4688E+01  9.6146E+00
 10.000 -4.5011E-01  2.7861E-01 -2.2310E+01  9.472E-01  1.5784E+01  1.0106E+01
 11.000 -7.7409E-01  1.8832E-01 -2.2881E+01  9.361E-01  1.8082E+01  1.1093E+01
 12.000 -1.0720E+00  1.2731E-01 -2.3437E+01  9.299E-01  2.0515E+01  1.2082E+01
 13.000 -1.3468E+00  8.8021E-02 -2.3965E+01  9.266E-01  2.3076E+01  1.3073E+01
 14.000 -1.5993E+00  6.1120E-02 -2.4471E+01  9.256E-01  2.5759E+01  1.4066E+01
 15.000 -1.8337E+00  4.2749E-02 -2.4940E+01  9.254E-01  2.8557E+01  1.5060E+01
 16.000 -2.0507E+00  3.0543E-02 -2.5370E+01  9.262E-01  3.1468E+01  1.6055E+01
 17.000 -2.2525E+00  2.2262E-02 -2.5823E+01  9.273E-01  3.4486E+01  1.7051E+01
 18.000 -2.4410E+00  1.5456E-02 -2.6319E+01  9.285E-01  3.7609E+01  1.8047E+01
 19.000 -2.6167E+00  9.4369E-03 -2.6858E+01  9.299E-01  4.0833E+01  1.9044E+01
 20.000 -2.7818E+00  3.7950E-03 -2.7459E+01  9.308E-01  4.4154E+01  2.0041E+01
