# comment: None given                          Feff8L (EXAFS)       0.1      
# Source:
# Structure Summary:  Fe2
# Reduced formula:  Fe
# space group: (Im-3m), space number:  (229)
# abc:  2.477813   2.477809   4.054295
# angles: 90.000038  90.000320 109.469837
# sites: 2
# mp-13
# POT  Non-SCF, core-hole, AFOLP (folp(0)= 1.150)
# Abs   Z=26 Rmt= 1.346 Rnm= 1.393 K  shell
# Pot 1 Z=26 Rmt= 1.354 Rnm= 1.403
# Gam_ch=1.309E+00 H-L exch
# Mu=-1.199E+01 kf=2.042E+00 Vint=-2.788E+01 Rs_int= 1.776
# PATH  Rmax= 6.000,  Keep_limit= 0.00, Heap_limit 0.00  Pwcrit= 2.50%
#  S02=1.000                                        Global_sig2= 0.00000
#  Curved wave amplitude ratio filter   4.000%
#     file         sig2 tot  cw amp ratio   deg  nlegs   reff  inp sig2
#           1       0.00000    100.00      4.00     2   2.4778
#           2       0.00000     99.72      4.00     2   2.4811
#           3       0.00000     36.51      2.00     2   2.8612
#           4       0.00000     72.85      4.00     2   2.8640
#           5       0.00000      6.15      8.00     3   3.9084
#           6       0.00000      6.40     16.00     3   3.9114
#           7       0.00000     12.23     16.00     3   3.9114
#           8       0.00000     12.30     16.00     3   3.9114
#           9       0.00000      6.12      8.00     3   3.9117
#          10       0.00000     16.15      2.00     2   4.0462
#          11       0.00000     64.53      8.00     2   4.0483
#          12       0.00000     16.07      2.00     2   4.0543
#          13       0.00000      6.76      8.00     3   4.5009
#          14       0.00000      9.34     16.00     3   4.5036
#          15       0.00000     13.50     16.00     3   4.5036
#          16       0.00000     13.50     16.00     3   4.5036
#          17       0.00000      6.73      8.00     3   4.5083
#          18       0.00000     21.64      4.00     2   4.7447
#          19       0.00000     64.87     12.00     2   4.7463
#          20       0.00000     43.13      8.00     2   4.7515
#          21       0.00000      6.24     16.00     3   4.8867
#          22       0.00000      6.24     16.00     3   4.8867
#          23       0.00000     19.34      4.00     2   4.9556
#          24       0.00000      9.28      4.00     3   4.9556
#          25       0.00000     54.35      8.00     3   4.9556
#          26       0.00000     11.63      4.00     4   4.9556
#          27       0.00000      4.52      4.00     4   4.9556
#          28       0.00000     45.11      4.00     4   4.9556
#          29       0.00000     19.27      4.00     2   4.9622
#          30       0.00000      9.24      4.00     3   4.9622
#          31       0.00000     54.11      8.00     3   4.9622
#          32       0.00000     11.56      4.00     4   4.9622
#          33       0.00000      4.49      4.00     4   4.9622
#          34       0.00000     44.86      4.00     4   4.9622
#          35       0.00000      5.16      8.00     3   5.0418
#          36       0.00000      6.91      8.00     3   5.0419
#          37       0.00000      7.12      8.00     3   5.0418
#          38       0.00000     10.29     16.00     3   5.0441
#          39       0.00000      5.14      8.00     3   5.0444
#          40       0.00000     13.77     16.00     3   5.0441
#          41       0.00000      6.88      8.00     3   5.0444
#          42       0.00000      7.09      8.00     3   5.0444
#          43       0.00000     14.20     16.00     3   5.0441
#          44       0.00000     10.30     16.00     3   5.0483
#          45       0.00000     13.78     16.00     3   5.0483
#          46       0.00000     14.21     16.00     3   5.0483
#          51       0.00000      9.26     32.00     3   5.6363
#          52       0.00000      6.59      2.00     2   5.7224
#          54       0.00000     16.58      4.00     3   5.7224
#          56       0.00000     12.30      2.00     4   5.7224
#          57       0.00000     13.14      4.00     2   5.7279
#          58       0.00000      5.52      4.00     3   5.7279
#          59       0.00000     33.05      8.00     3   5.7279
#          60       0.00000      6.05      4.00     4   5.7279
#          62       0.00000     24.49      4.00     4   5.7279
#          63       0.00000      4.05     16.00     4   5.9339
#          64       0.00000      4.05     16.00     4   5.9372
#    57/  63 paths used
#  xsedge+50, used to normalize mu           3.2086E-04
#  -----------------------------------------------------------------------
#  omega    e    k    mu    mu0     chi     @#
    7121.299    -11.989   0.000 -4.74845E-02  3.98132E-01 -5.85097E-01
    7121.309    -11.979   0.050 -4.07437E-02  4.05397E-01 -5.85386E-01
    7121.337    -11.951   0.100 -3.39555E-02  4.12662E-01 -5.85614E-01
    7121.385    -11.903   0.150 -1.37730E-02  4.34051E-01 -5.86011E-01
    7121.451    -11.836   0.200  6.82904E-03  4.55441E-01 -5.85858E-01
    7121.537    -11.751   0.250  3.83721E-02  4.87553E-01 -5.84666E-01
    7121.642    -11.646   0.300  7.10356E-02  5.19666E-01 -5.82028E-01
    7121.766    -11.522   0.350  1.07780E-01  5.54225E-01 -5.76595E-01
    7121.909    -11.379   0.400  1.46567E-01  5.88785E-01 -5.68584E-01
    7122.070    -11.217   0.450  1.83690E-01  6.18380E-01 -5.55802E-01
    7122.251    -11.036   0.500  2.23809E-01  6.47974E-01 -5.39351E-01
    7122.451    -10.836   0.550  2.62155E-01  6.70929E-01 -5.16420E-01
    7122.671    -10.617   0.600  3.04200E-01  6.93884E-01 -4.89141E-01
    7122.909    -10.379   0.650  3.47077E-01  7.11706E-01 -4.54390E-01
    7123.166    -10.122   0.700  3.93780E-01  7.29527E-01 -4.15403E-01
    7123.442     -9.846   0.750  4.43340E-01  7.43986E-01 -3.69081E-01
    7123.737     -9.550   0.800  4.95993E-01  7.58445E-01 -3.19705E-01
    7124.052     -9.236   0.850  5.51882E-01  7.70775E-01 -2.64465E-01
    7124.385     -8.903   0.900  6.09160E-01  7.83104E-01 -2.08456E-01
    7124.737     -8.550   0.950  6.68424E-01  7.94040E-01 -1.49279E-01
    7125.109     -8.179   1.000  7.26571E-01  8.04976E-01 -9.24021E-02
    7125.499     -7.788   1.050  7.84310E-01  8.14931E-01 -3.57833E-02
    7125.909     -7.379   1.100  8.38133E-01  8.24885E-01  1.53528E-02
    7126.338     -6.950   1.150  8.88802E-01  8.34070E-01  6.29043E-02
    7126.785     -6.502   1.200  9.33227E-01  8.43256E-01  1.02559E-01
    7127.252     -6.036   1.250  9.72363E-01  8.51768E-01  1.36374E-01
    7127.738     -5.550   1.300  1.00417E+00  8.60280E-01  1.61431E-01
    7128.243     -5.045   1.350  1.02986E+00  8.68146E-01  1.80068E-01
    7128.767     -4.521   1.400  1.04877E+00  8.76012E-01  1.90925E-01
    7129.309     -3.978   1.450  1.06241E+00  8.83220E-01  1.96654E-01
    7129.871     -3.416   1.500  1.07115E+00  8.90429E-01  1.96965E-01
    7130.452     -2.835   1.550  1.07647E+00  8.96952E-01  1.94425E-01
    7131.053     -2.235   1.600  1.07910E+00  9.03475E-01  1.89017E-01
    7131.672     -1.616   1.650  1.07994E+00  9.09278E-01  1.82663E-01
    7132.310     -0.978   1.700  1.07928E+00  9.15082E-01  1.74775E-01
    7132.967     -0.321   1.750  1.07697E+00  9.20131E-01  1.66156E-01
    7133.643      0.356   1.800  1.07251E+00  9.25180E-01  1.55348E-01
    7134.339      1.051   1.850  1.06465E+00  9.29443E-01  1.42025E-01
    7135.053      1.765   1.900  1.05271E+00  9.33706E-01  1.24520E-01
    7135.786      2.499   1.950  1.03482E+00  9.37126E-01  1.01922E-01
    7136.539      3.251   2.000  1.01160E+00  9.40545E-01  7.39174E-02
    7137.310      4.023   2.050  9.79946E-01  9.42609E-01  3.87802E-02
    7138.101      4.813   2.100  9.44369E-01  9.44673E-01 -3.16260E-04
    7138.911      5.623   2.150  9.08135E-01  9.46738E-01 -3.99737E-02
    7139.739      6.452   2.200  8.74946E-01  9.48802E-01 -7.63638E-02
    7140.587      7.299   2.250  8.40556E-01  9.49113E-01 -1.12375E-01
    7141.454      8.166   2.300  8.18961E-01  9.49424E-01 -1.35209E-01
    7142.340      9.052   2.350  8.12423E-01  9.49735E-01 -1.42475E-01
    7143.244      9.957   2.400  8.20610E-01  9.50046E-01 -1.34461E-01
    7144.168     10.881   2.450  8.42410E-01  9.54660E-01 -1.16345E-01
    7145.111     11.824   2.500  8.73398E-01  9.59274E-01 -8.88083E-02
    7146.073     12.786   2.550  9.09161E-01  9.63888E-01 -5.64683E-02
    7147.054     13.767   2.600  9.45116E-01  9.68501E-01 -2.40755E-02
    7148.055     14.767   2.650  9.76894E-01  9.71431E-01  5.60983E-03
    7149.074     15.786   2.700  1.00501E+00  9.74361E-01  3.13878E-02
    7150.112     16.824   2.750  1.02756E+00  9.77291E-01  5.13576E-02
    7151.169     17.881   2.800  1.04363E+00  9.80221E-01  6.46151E-02
    7152.246     18.958   2.850  1.05177E+00  9.81737E-01  7.12345E-02
    7153.341     20.053   2.900  1.05357E+00  9.83253E-01  7.13978E-02
    7154.455     21.168   2.950  1.05037E+00  9.84769E-01  6.64938E-02
    7155.589     22.301   3.000  1.04401E+00  9.86286E-01  5.84028E-02
    7156.741     23.454   3.050  1.03520E+00  9.87305E-01  4.83877E-02
    7157.913     24.625   3.100  1.02677E+00  9.88325E-01  3.87899E-02
    7159.104     25.816   3.150  1.02041E+00  9.89345E-01  3.13040E-02
    7160.313     27.025   3.200  1.01719E+00  9.90364E-01  2.69883E-02
    7161.542     28.254   3.250  1.01565E+00  9.90448E-01  2.53349E-02
    7162.790     29.502   3.300  1.01760E+00  9.90531E-01  2.71788E-02
    7164.057     30.769   3.350  1.02206E+00  9.90615E-01  3.15436E-02
    7165.342     32.055   3.400  1.02750E+00  9.90698E-01  3.68763E-02
    7166.647     33.360   3.450  1.03202E+00  9.90873E-01  4.12112E-02
    7167.971     34.684   3.500  1.03393E+00  9.91048E-01  4.29292E-02
    7169.314     36.027   3.550  1.03160E+00  9.91223E-01  4.04058E-02
    7170.676     37.389   3.600  1.02393E+00  9.91398E-01  3.25373E-02
    7172.057     38.770   3.650  1.00996E+00  9.91032E-01  1.89192E-02
    7173.458     40.170   3.700  9.90822E-01  9.90666E-01  1.55820E-04
    7174.877     41.589   3.750  9.67767E-01  9.90300E-01 -2.25042E-02
    7176.315     43.027   3.800  9.42838E-01  9.89934E-01 -4.70113E-02
    7177.772     44.485   3.850  9.19289E-01  9.89963E-01 -7.05203E-02
    7179.249     45.961   3.900  8.99646E-01  9.89992E-01 -9.01149E-02
    7180.744     47.456   3.950  8.86746E-01  9.90021E-01 -1.02971E-01
    7182.259     48.971   4.000  8.82836E-01  9.90050E-01 -1.06858E-01
    7183.792     50.504   4.050  8.89512E-01  9.89983E-01 -1.00099E-01
    7185.345     52.057   4.100  9.06400E-01  9.89915E-01 -8.31756E-02
    7186.916     53.629   4.150  9.31797E-01  9.89848E-01 -5.77933E-02
    7188.507     55.219   4.200  9.62566E-01  9.89781E-01 -2.70840E-02
    7190.117     56.829   4.250  9.94980E-01  9.89811E-01  5.14169E-03
    7191.746     58.458   4.300  1.02349E+00  9.89841E-01  3.34583E-02
    7193.393     60.106   4.350  1.04342E+00  9.89871E-01  5.32318E-02
    7195.060     61.772   4.400  1.05118E+00  9.89901E-01  6.08995E-02
    7196.746     63.458   4.450  1.04484E+00  9.90067E-01  5.44175E-02
    7198.451     65.163   4.500  1.02469E+00  9.90232E-01  3.42166E-02
    7200.175     66.887   4.550  9.93739E-01  9.90397E-01  3.31781E-03
    7201.918     68.630   4.600  9.57208E-01  9.90563E-01 -3.31054E-02
    7203.680     70.393   4.650  9.21381E-01  9.90616E-01 -6.87064E-02
    7205.461     72.174   4.700  8.94130E-01  9.90670E-01 -9.57889E-02
    7207.262     73.974   4.750  8.81813E-01  9.90724E-01 -1.08047E-01
    7209.081     75.793   4.800  8.88690E-01  9.90777E-01 -1.01262E-01
    7210.919     77.632   4.850  9.16516E-01  9.90792E-01 -7.36785E-02
    7212.777     79.489   4.900  9.62931E-01  9.90808E-01 -2.76532E-02
    7214.653     81.365   4.950  1.02234E+00  9.90823E-01  3.12664E-02
    7216.549     83.261   5.000  1.08666E+00  9.90838E-01  9.50589E-02
    7218.463     85.175   5.050  1.14664E+00  9.90695E-01  1.54730E-01
    7220.397     87.109   5.100  1.19270E+00  9.90551E-01  2.00604E-01
    7222.349     89.061   5.150  1.21758E+00  9.90407E-01  2.25472E-01
    7224.321     91.033   5.200  1.21717E+00  9.90263E-01  2.25242E-01
    7226.312     93.024   5.250  1.19029E+00  9.89940E-01  1.98965E-01
    7228.321     95.034   5.300  1.14120E+00  9.89617E-01  1.50607E-01
    7230.350     97.062   5.350  1.07685E+00  9.89294E-01  8.70268E-02
    7232.398     99.110   5.400  1.00608E+00  9.88971E-01  1.70107E-02
    7234.465    101.177   5.450  9.37691E-01  9.88446E-01 -5.05069E-02
    7236.551    103.263   5.500  8.80615E-01  9.87920E-01 -1.06854E-01
    7238.656    105.368   5.550  8.40597E-01  9.87395E-01 -1.46280E-01
    7240.780    107.492   5.600  8.20209E-01  9.86869E-01 -1.66185E-01
    7242.923    109.635   5.650  8.18779E-01  9.86124E-01 -1.67008E-01
    7245.085    111.798   5.700  8.32753E-01  9.85379E-01 -1.52448E-01
    7247.267    113.979   5.750  8.56629E-01  9.84634E-01 -1.27964E-01
    7249.467    116.179   5.800  8.84272E-01  9.83888E-01 -9.96683E-02
    7251.686    118.398   5.850  9.09985E-01  9.83034E-01 -7.31653E-02
    7253.924    120.637   5.900  9.29752E-01  9.82179E-01 -5.25678E-02
    7256.182    122.894   5.950  9.41655E-01  9.81325E-01 -3.98188E-02
    7258.458    125.171   6.000  9.45984E-01  9.80470E-01 -3.46531E-02
    7260.754    127.466   6.050  9.44854E-01  9.79436E-01 -3.47930E-02
    7263.068    129.781   6.100  9.42025E-01  9.78401E-01 -3.66456E-02
    7265.402    132.114   6.150  9.41326E-01  9.77367E-01 -3.63546E-02
    7267.755    134.467   6.200  9.46101E-01  9.76333E-01 -3.05345E-02
    7270.126    136.839   6.250  9.58549E-01  9.75299E-01 -1.69390E-02
    7272.517    139.229   6.300  9.79314E-01  9.74264E-01  5.11376E-03
    7274.927    141.639   6.350  1.00735E+00  9.73230E-01  3.45971E-02
    7277.356    144.068   6.400  1.04007E+00  9.72196E-01  6.89058E-02
    7279.804    146.516   6.450  1.07369E+00  9.71162E-01  1.04221E-01
    7282.271    148.983   6.500  1.10379E+00  9.70127E-01  1.36051E-01
    7284.757    151.469   6.550  1.12551E+00  9.69071E-01  1.59455E-01
    7287.262    153.974   6.600  1.13502E+00  9.68015E-01  1.70467E-01
    7289.786    156.498   6.650  1.13003E+00  9.66959E-01  1.66681E-01
    7292.329    159.041   6.700  1.11003E+00  9.65903E-01  1.47523E-01
    7294.891    161.604   6.750  1.07651E+00  9.64847E-01  1.14457E-01
    7297.473    164.185   6.800  1.03286E+00  9.63791E-01  7.08986E-02
    7300.073    166.785   6.850  9.83963E-01  9.62735E-01  2.18202E-02
    7302.692    169.404   6.900  9.35524E-01  9.61679E-01 -2.69237E-02
    7305.331    172.043   6.950  8.93221E-01  9.60623E-01 -6.94805E-02
    7307.988    174.700   7.000  8.61769E-01  9.59567E-01 -1.00957E-01
    7310.665    177.377   7.050  8.44380E-01  9.58607E-01 -1.18083E-01
    7313.360    180.072   7.100  8.41366E-01  9.57647E-01 -1.20376E-01
    7316.075    182.787   7.150  8.50642E-01  9.56687E-01 -1.09935E-01
    7318.808    185.521   7.200  8.68007E-01  9.55727E-01 -9.10663E-02
    7321.561    188.273   7.250  8.87989E-01  9.54767E-01 -6.94237E-02
    7324.333    191.045   7.300  9.05000E-01  9.53808E-01 -5.08128E-02
    7327.124    193.836   7.350  9.14575E-01  9.52848E-01 -3.99011E-02
    7329.934    196.646   7.400  9.14430E-01  9.51888E-01 -3.91072E-02
    7332.763    199.475   7.450  9.05081E-01  9.50928E-01 -4.79341E-02
    7335.610    202.323   7.500  8.89861E-01  9.49968E-01 -6.29336E-02
    7338.477    205.190   7.550  8.74356E-01  9.49043E-01 -7.83101E-02
    7341.364    208.076   7.600  8.65289E-01  9.48119E-01 -8.69710E-02
    7344.269    210.981   7.650  8.68589E-01  9.47195E-01 -8.26527E-02
    7347.193    213.905   7.700  8.88036E-01  9.46271E-01 -6.13197E-02
    7350.136    216.848   7.750  9.24122E-01  9.45347E-01 -2.23802E-02
    7353.098    219.811   7.800  9.73585E-01  9.44422E-01  3.07943E-02
    7356.080    222.792   7.850  1.02975E+00  9.43498E-01  9.12095E-02
    7359.080    225.792   7.900  1.08367E+00  9.42574E-01  1.49422E-01
    7362.099    228.812   7.950  1.12584E+00  9.41650E-01  1.95331E-01
    7365.138    231.850   8.000  1.14808E+00  9.40726E-01  2.20214E-01
    7368.195    234.908   8.050  1.14508E+00  9.39726E-01  2.18359E-01
    7371.272    237.984   8.100  1.11615E+00  9.38726E-01  1.88905E-01
    7374.368    241.080   8.150  1.06512E+00  9.37727E-01  1.35802E-01
    7377.482    244.194   8.200  9.99670E-01  9.36727E-01  6.71834E-02
    7380.616    247.328   8.250  9.29962E-01  9.35728E-01 -6.16207E-03
    7383.769    250.481   8.300  8.66630E-01  9.34728E-01 -7.28700E-02
    7386.940    253.653   8.350  8.18765E-01  9.33728E-01 -1.23176E-01
    7390.131    256.844   8.400  7.92224E-01  9.32729E-01 -1.50733E-01
    7393.341    260.053   8.450  7.88654E-01  9.31729E-01 -1.53686E-01
    7396.570    263.282   8.500  8.05396E-01  9.30730E-01 -1.34801E-01
    7399.818    266.530   8.550  8.36093E-01  9.29657E-01 -1.00740E-01
    7403.085    269.798   8.600  8.72714E-01  9.28585E-01 -6.02206E-02
    7406.371    273.084   8.650  9.06818E-01  9.27513E-01 -2.23305E-02
    7409.677    276.389   8.700  9.31483E-01  9.26441E-01  5.44648E-03
    7413.001    279.713   8.750  9.42635E-01  9.25368E-01  1.86719E-02
    7416.344    283.056   8.800  9.39678E-01  9.24296E-01  1.66513E-02
    7419.706    286.419   8.850  9.25333E-01  9.23224E-01  2.28597E-03
    7423.088    289.800   8.900  9.04786E-01  9.22152E-01 -1.88398E-02
    7426.488    293.200   8.950  8.84353E-01  9.21079E-01 -3.98869E-02
    7429.908    296.620   9.000  8.70008E-01  9.20007E-01 -5.43613E-02
    7433.346    300.058   9.050  8.66088E-01  9.18924E-01 -5.75054E-02
    7436.804    303.516   9.100  8.74477E-01  9.17841E-01 -4.72443E-02
    7440.280    306.992   9.150  8.94285E-01  9.16757E-01 -2.45092E-02
    7443.776    310.488   9.200  9.22203E-01  9.15674E-01  7.12780E-03
    7447.291    314.003   9.250  9.53320E-01  9.14591E-01  4.23275E-02
    7450.824    317.537   9.300  9.82197E-01  9.13508E-01  7.51488E-02
    7454.377    321.089   9.350  1.00395E+00  9.12424E-01  1.00234E-01
    7457.949    324.661   9.400  1.01512E+00  9.11341E-01  1.13770E-01
    7461.540    328.252   9.450  1.01418E+00  9.10258E-01  1.14047E-01
    7465.150    331.862   9.500  1.00163E+00  9.09175E-01  1.01570E-01
    7468.779    335.491   9.550  9.79761E-01  9.08085E-01  7.88286E-02
    7472.427    339.139   9.600  9.51764E-01  9.06996E-01  4.92882E-02
    7476.094    342.806   9.650  9.21468E-01  9.05907E-01  1.71508E-02
    7479.780    346.492   9.700  8.92544E-01  9.04818E-01 -1.35434E-02
    7483.485    350.198   9.750  8.67985E-01  9.03729E-01 -3.94827E-02
    7487.210    353.922   9.800  8.49799E-01  9.02640E-01 -5.84308E-02
    7490.953    357.665   9.850  8.38908E-01  9.01551E-01 -6.93449E-02
    7494.715    361.428   9.900  8.35219E-01  9.00462E-01 -7.23024E-02
    7498.497    365.209   9.950  8.37812E-01  8.99373E-01 -6.82968E-02
    7502.297    369.009  10.000  8.45188E-01  8.98284E-01 -5.89694E-02
    7506.117    372.829  10.050  8.55371E-01  8.97145E-01 -4.64523E-02
    7509.955    376.668  10.100  8.66704E-01  8.96007E-01 -3.26249E-02
    7513.813    380.525  10.150  8.77431E-01  8.94869E-01 -1.94381E-02
    7517.690    384.402  10.200  8.86127E-01  8.93731E-01 -8.48677E-03
    7521.585    388.297  10.250  8.91859E-01  8.92593E-01 -8.19607E-04
    7525.500    392.212  10.300  8.94314E-01  8.91455E-01  3.19888E-03
    7529.434    396.146  10.350  8.93837E-01  8.90317E-01  3.94325E-03
    7533.387    400.099  10.400  8.91378E-01  8.89179E-01  2.46666E-03
    7537.359    404.071  10.450  8.88314E-01  8.88040E-01  3.07324E-04
    7541.350    408.062  10.500  8.86166E-01  8.86902E-01 -8.27465E-04
    7545.360    412.072  10.550  8.86250E-01  8.85764E-01  5.46915E-04
    7549.389    416.101  10.600  8.89331E-01  8.84626E-01  5.30370E-03
    7553.437    420.149  10.650  8.95375E-01  8.83488E-01  1.34145E-02
    7557.504    424.216  10.700  9.03453E-01  8.82350E-01  2.38453E-02
    7561.590    428.302  10.750  9.11874E-01  8.81212E-01  3.46901E-02
    7565.695    432.408  10.800  9.18513E-01  8.80074E-01  4.35422E-02
    7569.820    436.532  10.850  9.21287E-01  8.78935E-01  4.80338E-02
    7573.963    440.675  10.900  9.18683E-01  8.77797E-01  4.64295E-02
    7578.125    444.838  10.950  9.10190E-01  8.76659E-01  3.81246E-02
    7582.307    449.019  11.000  8.96528E-01  8.75521E-01  2.39152E-02
    7586.507    453.220  11.050  8.79447E-01  8.74238E-01  5.93881E-03
    7590.727    457.439  11.100  8.61704E-01  8.72954E-01 -1.28450E-02
    7594.965    461.678  11.150  8.46336E-01  8.71671E-01 -2.89669E-02
    7599.223    465.935  11.200  8.36023E-01  8.70387E-01 -3.93488E-02
    7603.500    470.212  11.250  8.32448E-01  8.69104E-01 -4.20332E-02
    7607.796    474.508  11.300  8.35874E-01  8.67821E-01 -3.66872E-02
    7612.110    478.823  11.350  8.45021E-01  8.66537E-01 -2.47444E-02
    7616.444    483.157  11.400  8.57326E-01  8.65254E-01 -9.13046E-03
    7620.797    487.509  11.450  8.69501E-01  8.63970E-01  6.37910E-03
    7625.169    491.881  11.500  8.78292E-01  8.62687E-01  1.80254E-02
    7629.560    496.272  11.550  8.81246E-01  8.61404E-01  2.29542E-02
    7633.970    500.682  11.600  8.77305E-01  8.60120E-01  1.99085E-02
    7638.399    505.112  11.650  8.67071E-01  8.58837E-01  9.55317E-03
    7642.847    509.560  11.700  8.52686E-01  8.57553E-01 -5.65524E-03
    7647.315    514.027  11.750  8.37339E-01  8.56270E-01 -2.20289E-02
    7651.801    518.513  11.800  8.24516E-01  8.54987E-01 -3.55091E-02
    7656.306    523.018  11.850  8.17184E-01  8.53703E-01 -4.26209E-02
    7660.831    527.543  11.900  8.17090E-01  8.52420E-01 -4.12944E-02
    7665.374    532.086  11.950  8.24351E-01  8.51137E-01 -3.13534E-02
    7669.936    536.649  12.000  8.37434E-01  8.49853E-01 -1.45593E-02
    7674.518    541.230  12.050  8.53558E-01  8.48530E-01  5.90367E-03
    7679.118    545.831  12.100  8.69311E-01  8.47207E-01  2.59939E-02
    7683.738    550.450  12.150  8.81319E-01  8.45884E-01  4.17356E-02
    7688.377    555.089  12.200  8.87060E-01  8.44560E-01  5.01346E-02
    7693.034    559.747  12.250  8.85397E-01  8.43237E-01  4.98112E-02
    7697.711    564.423  12.300  8.76770E-01  8.41914E-01  4.12464E-02
    7702.407    569.119  12.350  8.63032E-01  8.40591E-01  2.65976E-02
    7707.122    573.834  12.400  8.46972E-01  8.39268E-01  9.14590E-03
    7711.856    578.568  12.450  8.31653E-01  8.37944E-01 -7.48026E-03
    7716.609    583.321  12.500  8.19732E-01  8.36621E-01 -2.01120E-02
    7721.381    588.093  12.550  8.12920E-01  8.35298E-01 -2.66904E-02
    7726.172    592.884  12.600  8.11690E-01  8.33975E-01 -2.66214E-02
    7730.982    597.694  12.650  8.15289E-01  8.32652E-01 -2.07740E-02
    7735.811    602.523  12.700  8.22022E-01  8.31328E-01 -1.11531E-02
    7740.659    607.371  12.750  8.29714E-01  8.30005E-01 -3.49990E-04
    7745.526    612.239  12.800  8.36236E-01  8.28682E-01  9.08171E-03
    7750.413    617.125  12.850  8.39959E-01  8.27359E-01  1.51726E-02
    7755.318    622.030  12.900  8.40039E-01  8.26036E-01  1.68896E-02
    7760.243    626.955  12.950  8.36497E-01  8.24712E-01  1.42361E-02
    7765.186    631.898  13.000  8.30091E-01  8.23389E-01  8.10940E-03
    7770.148    636.861  13.050  8.21981E-01  8.22020E-01 -4.75151E-05
    7775.130    641.842  13.100  8.13591E-01  8.20651E-01 -8.57143E-03
    7780.131    646.843  13.150  8.06150E-01  8.19282E-01 -1.59704E-02
    7785.150    651.863  13.200  8.00523E-01  8.17912E-01 -2.11835E-02
    7790.189    656.901  13.250  7.97132E-01  8.16543E-01 -2.36877E-02
    7795.247    661.959  13.300  7.95982E-01  8.15174E-01 -2.34596E-02
    7800.324    667.036  13.350  7.96786E-01  8.13805E-01 -2.08390E-02
    7805.419    672.132  13.400  7.99101E-01  8.12436E-01 -1.63550E-02
    7810.534    677.247  13.450  8.02456E-01  8.11066E-01 -1.05788E-02
    7815.668    682.380  13.500  8.06417E-01  8.09697E-01 -4.03751E-03
    7820.821    687.533  13.550  8.10599E-01  8.08328E-01  2.79975E-03
    7825.993    692.706  13.600  8.14640E-01  8.06959E-01  9.48694E-03
    7831.184    697.897  13.650  8.18163E-01  8.05590E-01  1.55554E-02
    7836.395    703.107  13.700  8.20759E-01  8.04220E-01  2.04965E-02
    7841.624    708.336  13.750  8.22021E-01  8.02851E-01  2.37977E-02
    7846.872    713.584  13.800  8.21610E-01  8.01482E-01  2.50309E-02
    7852.139    718.852  13.850  8.19352E-01  8.00113E-01  2.39677E-02
    7857.426    724.138  13.900  8.15316E-01  7.98744E-01  2.06814E-02
    7862.731    729.443  13.950  8.09847E-01  7.97374E-01  1.55915E-02
    7868.055    734.768  14.000  8.03530E-01  7.96005E-01  9.42384E-03
    7873.399    740.111  14.050  7.97026E-01  7.94572E-01  3.07854E-03
    7878.762    745.474  14.100  7.91070E-01  7.93138E-01 -2.59993E-03
    7884.143    750.855  14.150  7.86215E-01  7.91705E-01 -6.91328E-03
    7889.544    756.256  14.200  7.82731E-01  7.90272E-01 -9.51327E-03
    7894.963    761.676  14.250  7.80553E-01  7.88838E-01 -1.04719E-02
    7900.402    767.114  14.300  7.79318E-01  7.87405E-01 -1.02399E-02
    7905.860    772.572  14.350  7.78482E-01  7.85972E-01 -9.50048E-03
    7911.337    778.049  14.400  7.77490E-01  7.84538E-01 -8.95837E-03
    7916.833    783.545  14.450  7.75940E-01  7.83105E-01 -9.12279E-03
    7922.348    789.060  14.500  7.73716E-01  7.81672E-01 -1.01486E-02
    7927.882    794.594  14.550  7.71018E-01  7.80238E-01 -1.17833E-02
    7933.435    800.147  14.600  7.68310E-01  7.78805E-01 -1.34373E-02
    7939.007    805.719  14.650  7.66178E-01  7.77372E-01 -1.43597E-02
    7944.598    811.310  14.700  7.65147E-01  7.75938E-01 -1.38685E-02
    7950.208    816.920  14.750  7.65520E-01  7.74505E-01 -1.15691E-02
    7955.837    822.550  14.800  7.67262E-01  7.73072E-01 -7.49434E-03
    7961.486    828.198  14.850  7.69994E-01  7.71638E-01 -2.12561E-03
    7967.153    833.865  14.900  7.73075E-01  7.70205E-01  3.71625E-03
    7972.840    839.552  14.950  7.75769E-01  7.68772E-01  9.07827E-03
    7978.545    845.257  15.000  7.77434E-01  7.67338E-01  1.31229E-02
    7984.269    850.982  15.050  7.77699E-01  7.65897E-01  1.53696E-02
    7990.013    856.725  15.100  7.76512E-01  7.64456E-01  1.57307E-02
    7995.776    862.488  15.150  7.74184E-01  7.63015E-01  1.46019E-02
    8001.557    868.270  15.200  7.71262E-01  7.61574E-01  1.26900E-02
    8007.358    874.070  15.250  7.68348E-01  7.60133E-01  1.07806E-02
    8013.178    879.890  15.300  7.65906E-01  7.58692E-01  9.48541E-03
    8019.017    885.729  15.350  7.64114E-01  7.57251E-01  9.04255E-03
    8024.874    891.587  15.400  7.62805E-01  7.55810E-01  9.23451E-03
    8030.751    897.464  15.450  7.61514E-01  7.54369E-01  9.44974E-03
    8036.647    903.359  15.500  7.59625E-01  7.52928E-01  8.87462E-03
    8042.562    909.274  15.550  7.56579E-01  7.51487E-01  6.76196E-03
    8048.496    915.209  15.600  7.52074E-01  7.50046E-01  2.69841E-03
    8054.449    921.162  15.650  7.46197E-01  7.48605E-01 -3.20922E-03
    8060.421    927.134  15.700  7.39462E-01  7.47164E-01 -1.02876E-02
    8066.413    933.125  15.750  7.32713E-01  7.45723E-01 -1.74110E-02
    8072.423    939.135  15.800  7.26943E-01  7.44282E-01 -2.32508E-02
    8078.452    945.164  15.850  7.23046E-01  7.42841E-01 -2.65967E-02
    8084.501    951.213  15.900  7.21593E-01  7.41400E-01 -2.66650E-02
    8090.568    957.280  15.950  7.22680E-01  7.39959E-01 -2.33083E-02
    8096.654    963.367  16.000  7.25888E-01  7.38518E-01 -1.70708E-02
    8102.760    969.472  16.050  7.30327E-01  7.37042E-01 -9.09551E-03
    8108.884    975.597  16.100  7.35027E-01  7.35567E-01 -7.32187E-04
    8115.028    981.740  16.150  7.38948E-01  7.34091E-01  6.60537E-03
    8121.191    987.903  16.200  7.41299E-01  7.32616E-01  1.18331E-02
    8127.372    994.085  16.250  7.41707E-01  7.31140E-01  1.44294E-02
    8133.573   1000.285  16.300  7.40273E-01  7.29665E-01  1.45170E-02
    8139.793   1006.505  16.350  7.37507E-01  7.28189E-01  1.27769E-02
    8146.032   1012.744  16.400  7.34152E-01  7.26714E-01  1.02212E-02
    8152.290   1019.002  16.450  7.30971E-01  7.25238E-01  7.89287E-03
    8158.567   1025.279  16.500  7.28527E-01  7.23763E-01  6.57343E-03
    8164.863   1031.575  16.550  7.27046E-01  7.22288E-01  6.57975E-03
    8171.178   1037.890  16.600  7.26370E-01  7.20812E-01  7.70079E-03
    8177.512   1044.224  16.650  7.26025E-01  7.19337E-01  9.28741E-03
    8183.865   1050.577  16.700  7.25382E-01  7.17861E-01  1.04647E-02
    8190.237   1056.949  16.750  7.23847E-01  7.16386E-01  1.04037E-02
    8196.628   1063.341  16.800  7.21047E-01  7.14910E-01  8.57539E-03
    8203.039   1069.751  16.850  7.16945E-01  7.13435E-01  4.91564E-03
    8209.468   1076.180  16.900  7.11858E-01  7.11959E-01 -1.41702E-04
    8215.916   1082.629  16.950  7.06381E-01  7.10484E-01 -5.77002E-03
    8222.384   1089.096  17.000  7.01230E-01  7.09008E-01 -1.09610E-02
    8228.870   1095.583  17.050  6.97067E-01  7.07541E-01 -1.47911E-02
    8235.376   1102.088  17.100  6.94338E-01  7.06073E-01 -1.66068E-02
    8241.900   1108.613  17.150  6.93157E-01  7.04605E-01 -1.62366E-02
    8248.444   1115.156  17.200  6.93296E-01  7.03138E-01 -1.39872E-02
    8255.007   1121.719  17.250  6.94271E-01  7.01670E-01 -1.05373E-02
    8261.589   1128.301  17.300  6.95480E-01  7.00203E-01 -6.74027E-03
    8268.189   1134.902  17.350  6.96364E-01  6.98735E-01 -3.39097E-03
    8274.809   1141.521  17.400  6.96552E-01  6.97267E-01 -1.02484E-03
    8281.448   1148.160  17.450  6.95939E-01  6.95800E-01  1.99682E-04
    8288.106   1154.818  17.500  6.94684E-01  6.94332E-01  5.06291E-04
    8294.783   1161.495  17.550  6.93140E-01  6.92864E-01  3.98158E-04
    8301.479   1168.191  17.600  6.91730E-01  6.91397E-01  4.81459E-04
    8308.194   1174.906  17.650  6.90804E-01  6.89929E-01  1.26778E-03
    8314.928   1181.641  17.700  6.90535E-01  6.88461E-01  3.01153E-03
    8321.681   1188.394  17.750  6.90860E-01  6.86994E-01  5.62613E-03
    8328.454   1195.166  17.800  6.91491E-01  6.85526E-01  8.69916E-03
    8335.245   1201.957  17.850  6.91994E-01  6.84059E-01  1.15985E-02
    8342.055   1208.768  17.900  6.91901E-01  6.82591E-01  1.36371E-02
    8348.885   1215.597  17.950  6.90831E-01  6.81123E-01  1.42509E-02
    8355.733   1222.445  18.000  6.88588E-01  6.79656E-01  1.31413E-02
    8362.601   1229.313  18.050  6.85208E-01  6.78182E-01  1.03592E-02
    8369.487   1236.200  18.100  6.80928E-01  6.76709E-01  6.23488E-03
    8376.393   1243.105  18.150  6.76168E-01  6.75236E-01  1.38046E-03
    8383.317   1250.030  18.200  6.71419E-01  6.73762E-01 -3.47867E-03
    8390.261   1256.973  18.250  6.67143E-01  6.72289E-01 -7.65541E-03
    8397.224   1263.936  18.300  6.63686E-01  6.70816E-01 -1.06295E-02
    8404.206   1270.918  18.350  6.61227E-01  6.69343E-01 -1.21263E-02
    8411.207   1277.919  18.400  6.59767E-01  6.67869E-01 -1.21341E-02
    8418.226   1284.939  18.450  6.59156E-01  6.66396E-01 -1.08669E-02
    8425.265   1291.978  18.500  6.59147E-01  6.64923E-01 -8.68910E-03
    8432.323   1299.036  18.550  6.59451E-01  6.63450E-01 -6.02863E-03
    8439.400   1306.113  18.600  6.59794E-01  6.61976E-01 -3.29826E-03
    8446.497   1313.209  18.650  6.59948E-01  6.60503E-01 -8.40852E-04
    8453.612   1320.324  18.700  6.59753E-01  6.59030E-01  1.09847E-03
    8460.746   1327.458  18.750  6.59119E-01  6.57556E-01  2.37810E-03
    8467.899   1334.611  18.800  6.58020E-01  6.56083E-01  2.95350E-03
    8475.071   1341.784  18.850  6.56486E-01  6.54610E-01  2.86791E-03
    8482.263   1348.975  18.900  6.54602E-01  6.53137E-01  2.24486E-03
    8489.473   1356.185  18.950  6.52497E-01  6.51663E-01  1.28100E-03
    8496.703   1363.415  19.000  6.50341E-01  6.50190E-01  2.32627E-04
    8503.951   1370.663  19.050  6.48329E-01  6.48733E-01 -6.23640E-04
    8511.219   1377.931  19.100  6.46632E-01  6.47276E-01 -9.95747E-04
    8518.505   1385.217  19.150  6.45390E-01  6.45819E-01 -6.65377E-04
    8525.811   1392.523  19.200  6.44656E-01  6.44363E-01  4.55118E-04
    8533.136   1399.848  19.250  6.44366E-01  6.42906E-01  2.27408E-03
    8540.479   1407.192  19.300  6.44336E-01  6.41449E-01  4.50575E-03
    8547.842   1414.554  19.350  6.44278E-01  6.39992E-01  6.70270E-03
    8555.224   1421.936  19.400  6.43853E-01  6.38535E-01  8.33695E-03
    8562.625   1429.337  19.450  6.42753E-01  6.37078E-01  8.91682E-03
    8570.045   1436.757  19.500  6.40773E-01  6.35621E-01  8.11364E-03
    8577.484   1444.196  19.550  6.37880E-01  6.34164E-01  5.86499E-03
    8584.942   1451.654  19.600  6.34239E-01  6.32708E-01  2.42372E-03
    8592.419   1459.131  19.650  6.30200E-01  6.31251E-01 -1.66716E-03
    8599.915   1466.627  19.700  6.26224E-01  6.29794E-01 -5.67514E-03
    8607.430   1474.142  19.750  6.22792E-01  6.28337E-01 -8.83518E-03
    8614.964   1481.677  19.800  6.20289E-01  6.26880E-01 -1.05269E-02
    8622.518   1489.230  19.850  6.18910E-01  6.25423E-01 -1.04273E-02
    8630.090   1496.802  19.900  6.18608E-01  6.23966E-01 -8.59861E-03
    8637.681   1504.394  19.950  6.19100E-01  6.22510E-01 -5.48444E-03
    8645.292   1512.004  20.000  6.19929E-01  6.21053E-01 -1.81120E-03
