# comment: None given                          Feff8L (EXAFS)       0.1      
# Source:
# Structure Summary:  Eu1 Ti1 O3
# Reduced formula:  EuTiO3
# space group: (Pm-3m), space number:  (221)
# abc:  3.903878   3.903887   3.903878
# angles: 90.000000  90.000000  90.000000
# sites: 5
# mp-22246
# POT  Non-SCF, core-hole, AFOLP (folp(0)= 1.150)
# Abs   Z=22 Rmt= 1.248 Rnm= 1.365 K  shell
# Pot 1 Z=63 Rmt= 1.790 Rnm= 1.818
# Pot 2 Z= 8 Rmt= 1.038 Rnm= 1.091
# Gam_ch=9.030E-01 H-L exch
# Mu=-5.871E+00 kf=1.993E+00 Vint=-2.101E+01 Rs_int= 1.819
# PATH  Rmax= 6.000,  Keep_limit= 0.00, Heap_limit 0.00  Pwcrit= 2.50%
#  S02=1.000                                        Global_sig2= 0.00000
#  Curved wave amplitude ratio filter   4.000%
#     file         sig2 tot  cw amp ratio   deg  nlegs   reff  inp sig2
#           1       0.00000    100.00      6.00     2   1.9519
#           2       0.00000     18.61     24.00     3   3.3322
#           3       0.00000     54.93      8.00     2   3.3809
#           4       0.00000     17.29      6.00     3   3.9039
#           5       0.00000     27.78      6.00     4   3.9039
#           6       0.00000     10.27      6.00     4   3.9039
#           8       0.00000     21.69     48.00     3   4.0466
#           9       0.00000     57.56     24.00     2   4.3647
#          10       0.00000     58.21     48.00     3   4.5385
#          11       0.00000      7.25     24.00     4   4.7124
#          12       0.00000     14.73     24.00     4   4.7124
#          13       0.00000      8.01     24.00     4   4.7124
#          14       0.00000     22.91     24.00     4   4.7124
#          16       0.00000     20.73     48.00     3   5.0570
#          17       0.00000     12.08     48.00     3   5.1103
#          18       0.00000     48.78     96.00     3   5.2530
#          20       0.00000      5.10     48.00     5   5.2841
#          21       0.00000     15.75     48.00     5   5.2841
#          22       0.00000     16.89     48.00     5   5.2841
#          25       0.00000      8.79     48.00     4   5.3328
#          26       0.00000     12.27     48.00     4   5.3328
#          27       0.00000      7.76     96.00     4   5.4269
#          28       0.00000     14.11     96.00     4   5.4269
#          29       0.00000     22.88     96.00     4   5.4269
#          30       0.00000     13.41     96.00     3   5.5489
#          31       0.00000      5.19     48.00     4   5.7228
#          32       0.00000      4.95     96.00     4   5.7228
#          33       0.00000      7.58     96.00     4   5.7228
#          34       0.00000      8.60     72.00     3   5.7449
#          35       0.00000     32.55     30.00     2   5.8558
#          37       0.00000     13.88     12.00     3   5.8558
#          39       0.00000      7.38      6.00     4   5.8558
#          40       0.00000      5.94     12.00     6   5.8558
#          42       0.00000     10.09     12.00     5   5.8558
#          43       0.00000      8.04      6.00     6   5.8558
#          44       0.00000      8.85     48.00     3   5.9188
#          45       0.00000      9.30     48.00     4   5.9188
#          46       0.00000     10.11     96.00     4   5.9188
#          47       0.00000      4.12     96.00     4   5.9188
#          48       0.00000     10.90     96.00     4   5.9188
#          49       0.00000     52.91     48.00     3   5.9986
#          50       0.00000      4.52     48.00     4   5.9986
#          51       0.00000      8.44     96.00     4   5.9986
#          52       0.00000      8.02     48.00     5   5.9986
#    44/  48 paths used
#  -----------------------------------------------------------------------
#       k          chi          mag           phase @#
     0.0000   -8.100245E-01  8.100558E-01 -1.561996E+00
     0.0500   -8.117208E-01  8.117581E-01 -1.561222E+00
     0.1000   -8.134606E-01  8.135045E-01 -1.560405E+00
     0.1500   -8.189691E-01  8.190409E-01 -1.557548E+00
     0.2000   -8.248334E-01  8.249460E-01 -1.554277E+00
     0.2500   -8.353938E-01  8.356228E-01 -1.547386E+00
     0.3000   -8.467301E-01  8.471521E-01 -1.539230E+00
     0.3500   -8.636476E-01  8.645598E-01 -1.524855E+00
     0.4000   -8.814010E-01  8.831477E-01 -1.507892E+00
     0.4500   -9.044383E-01  9.080762E-01 -1.481255E+00
     0.5000   -9.272052E-01  9.339466E-01 -1.450573E+00
     0.5500   -9.522031E-01  9.652069E-01 -1.406462E+00
     0.6000   -9.736691E-01  9.962863E-01 -1.357311E+00
     0.6500   -9.904975E-01  1.030141E+00 -1.292470E+00
     0.7000   -9.980808E-01  1.061901E+00 -1.222338E+00
     0.7500   -9.906597E-01  1.092423E+00 -1.135740E+00
     0.8000   -9.669733E-01  1.118467E+00 -1.044259E+00
     0.8500   -9.175703E-01  1.138713E+00 -9.370184E-01
     0.9000   -8.467886E-01  1.152110E+00 -8.256509E-01
     0.9500   -7.446022E-01  1.155598E+00 -7.001647E-01
     1.0000   -6.221417E-01  1.150348E+00 -5.714226E-01
     1.0500   -4.728885E-01  1.132398E+00 -4.308015E-01
     1.1000   -3.136191E-01  1.104693E+00 -2.878560E-01
     1.1500   -1.436698E-01  1.063102E+00 -1.355568E-01
     1.2000    1.818249E-02  1.011854E+00  1.797044E-02
     1.2500    1.678012E-01  9.474124E-01  1.780546E-01
     1.3000    2.897086E-01  8.746102E-01  3.376208E-01
     1.3500    3.790746E-01  7.910568E-01  4.997432E-01
     1.4000    4.289483E-01  7.016717E-01  6.577317E-01
     1.4500    4.389307E-01  6.054537E-01  8.109787E-01
     1.5000    4.127638E-01  5.073276E-01  9.503243E-01
     1.5500    3.570737E-01  4.081703E-01  1.065055E+00
     1.6000    2.840847E-01  3.140584E-01  1.130346E+00
     1.6500    2.057288E-01  2.315003E-01  1.094449E+00
     1.7000    1.360486E-01  1.763305E-01  8.812806E-01
     1.7500    8.623157E-02  1.696143E-01  5.333234E-01
     1.8000    6.441257E-02  2.064745E-01  3.172593E-01
     1.8500    7.453939E-02  2.615373E-01  2.890115E-01
     1.9000    1.139481E-01  3.166791E-01  3.680772E-01
     1.9500    1.770015E-01  3.668164E-01  5.035459E-01
     2.0000    2.523388E-01  4.060952E-01  6.705007E-01
     2.0500    3.306729E-01  4.335776E-01  8.674179E-01
     2.1000    3.921758E-01  4.462828E-01  1.073259E+00
     2.1500    4.258927E-01  4.442924E-01  1.281997E+00
     2.2000    4.269749E-01  4.284174E-01  1.488712E+00
     2.2500    3.857301E-01  3.888340E-01  1.697235E+00
     2.3000    3.225315E-01  3.383469E-01  1.877756E+00
     2.3500    2.556377E-01  2.824586E-01  2.010107E+00
     2.4000    2.022649E-01  2.292272E-01  2.060702E+00
     2.4500    1.944024E-01  2.121010E-01  1.982211E+00
     2.5000    2.098676E-01  2.216086E-01  1.897770E+00
     2.5500    2.400735E-01  2.523863E-01  1.884444E+00
     2.6000    2.722350E-01  2.937980E-01  1.956308E+00
     2.6500    2.742483E-01  3.162594E-01  2.092116E+00
     2.7000    2.623490E-01  3.360367E-01  2.245783E+00
     2.7500    2.349220E-01  3.524482E-01  2.412031E+00
     2.8000    1.921826E-01  3.651578E-01  2.587349E+00
     2.8500    1.416708E-01  3.777705E-01  2.757176E+00
     2.9000    7.994106E-02  3.869859E-01  2.933521E+00
     2.9500    1.040057E-02  3.927595E-01  3.115109E+00
     3.0000   -6.277622E-02  3.950296E-01  3.301184E+00
     3.0500   -1.347367E-01  3.954957E-01  3.489231E+00
     3.1000   -2.012563E-01  3.924710E-01  3.680027E+00
     3.1500   -2.578381E-01  3.861216E-01  3.872793E+00
     3.2000   -3.008980E-01  3.766711E-01  4.066949E+00
     3.2500   -3.297114E-01  3.661424E-01  4.262512E+00
     3.3000   -3.415278E-01  3.528481E-01  4.458398E+00
     3.3500   -3.366980E-01  3.372760E-01  4.653831E+00
     3.4000   -3.169547E-01  3.199013E-01  4.848220E+00
     3.4500   -2.852334E-01  3.015761E-01  5.043108E+00
     3.5000   -2.442093E-01  2.819227E-01  5.235583E+00
     3.5500   -1.977397E-01  2.613877E-01  5.425241E+00
     3.6000   -1.495271E-01  2.403723E-01  5.611809E+00
     3.6500   -1.026030E-01  2.191237E-01  5.795885E+00
     3.7000   -5.992491E-02  1.979321E-01  5.975603E+00
     3.7500   -2.339919E-02  1.770374E-01  6.150627E+00
     3.8000    5.842444E-03  1.566060E-01  6.320501E+00
     3.8500    2.674289E-02  1.364476E-01  6.480456E+00
     3.9000    3.969592E-02  1.170051E-01  6.629322E+00
     3.9500    4.541708E-02  9.841267E-02  6.762866E+00
     4.0000    4.498706E-02  8.083163E-02  6.873416E+00
     4.0500    3.896327E-02  6.445939E-02  6.932276E+00
     4.1000    2.989173E-02  5.048157E-02  6.916887E+00
     4.1500    1.954308E-02  4.046484E-02  6.787222E+00
     4.2000    9.629801E-03  3.672925E-02  6.548469E+00
     4.2500    1.757026E-03  4.127109E-02  6.325771E+00
     4.3000   -2.256854E-03  5.080737E-02  6.238751E+00
     4.3500   -1.376102E-03  6.252676E-02  6.261175E+00
     4.4000    4.968486E-03  7.490578E-02  6.349564E+00
     4.4500    1.759867E-02  8.793538E-02  6.484678E+00
     4.5000    3.546022E-02  1.004224E-01  6.644079E+00
     4.5500    5.729243E-02  1.121127E-01  6.819562E+00
     4.6000    8.128518E-02  1.228140E-01  7.006477E+00
     4.6500    1.061180E-01  1.330679E-01  7.206280E+00
     4.7000    1.284748E-01  1.420602E-01  7.413082E+00
     4.7500    1.457598E-01  1.496449E-01  7.625617E+00
     4.8000    1.556835E-01  1.556930E-01  7.842960E+00
     4.8500    1.570449E-01  1.607022E-01  8.067733E+00
     4.9000    1.481875E-01  1.639650E-01  8.296269E+00
     4.9500    1.292366E-01  1.654028E-01  8.527960E+00
     5.0000    1.014786E-01  1.649740E-01  8.762242E+00
     5.0500    6.702413E-02  1.630970E-01  9.001286E+00
     5.1000    2.897317E-02  1.592757E-01  9.241854E+00
     5.1500   -8.970084E-03  1.535835E-01  9.483216E+00
     5.2000   -4.315651E-02  1.461455E-01  9.724546E+00
     5.2500   -7.087309E-02  1.373868E-01  9.966795E+00
     5.3000   -8.951538E-02  1.271082E-01  1.020614E+01
     5.3500   -9.823711E-02  1.155904E-01  1.044052E+01
     5.4000   -9.765370E-02  1.031693E-01  1.066711E+01
     5.4500   -8.965416E-02  9.022434E-02  1.088309E+01
     5.5000   -7.694527E-02  7.720939E-02  1.107831E+01
     5.5500   -6.278415E-02  6.473854E-02  1.124192E+01
     5.6000   -5.009542E-02  5.358757E-02  1.135858E+01
     5.6500   -4.087509E-02  4.465909E-02  1.141020E+01
     5.7000   -3.611585E-02  3.920223E-02  1.139504E+01
     5.7500   -3.539725E-02  3.781796E-02  1.135531E+01
     5.8000   -3.721461E-02  3.977927E-02  1.135662E+01
     5.8500   -3.986372E-02  4.384761E-02  1.142515E+01
     5.9000   -4.072727E-02  4.825890E-02  1.156180E+01
     5.9500   -3.799111E-02  5.197381E-02  1.174663E+01
     6.0000   -3.084502E-02  5.441189E-02  1.196366E+01
     6.0500   -1.975262E-02  5.557276E-02  1.220299E+01
     6.1000   -5.989513E-03  5.496053E-02  1.245718E+01
     6.1500    8.105184E-03  5.256177E-02  1.272119E+01
     6.2000    1.998524E-02  4.846320E-02  1.299144E+01
     6.2500    2.754317E-02  4.282874E-02  1.326491E+01
     6.3000    2.963987E-02  3.588252E-02  1.353839E+01
     6.3500    2.638718E-02  2.789553E-02  1.380682E+01
     6.4000    1.911751E-02  1.917782E-02  1.405784E+01
     6.4500    1.005467E-02  1.010558E-02  1.423758E+01
     6.5000    1.773680E-03  2.383612E-03  1.340558E+01
     6.5500   -3.320239E-03  9.518081E-03  1.221004E+01
     6.6000   -3.364665E-03  1.859254E-02  1.238440E+01
     6.6500    2.009448E-03  2.707536E-02  1.264066E+01
     6.7000    1.187362E-02  3.464896E-02  1.291614E+01
     6.7500    2.425932E-02  4.109915E-02  1.319776E+01
     6.8000    3.665214E-02  4.627244E-02  1.348060E+01
     6.8500    4.659122E-02  5.007414E-02  1.376200E+01
     6.9000    5.222217E-02  5.247021E-02  1.403990E+01
     6.9500    5.267041E-02  5.348897E-02  1.431234E+01
     7.0000    4.815366E-02  5.322215E-02  1.457713E+01
     7.0500    3.993512E-02  5.222328E-02  1.483739E+01
     7.1000    2.937417E-02  5.026033E-02  1.508377E+01
     7.1500    1.833860E-02  4.761241E-02  1.531258E+01
     7.2000    8.347592E-03  4.462684E-02  1.551980E+01
     7.2500    2.393855E-04  4.170901E-02  1.570222E+01
     7.3000   -5.934822E-03  3.928864E-02  1.585960E+01
     7.3500   -1.077743E-02  3.774454E-02  1.599753E+01
     7.4000   -1.522472E-02  3.729359E-02  1.612849E+01
     7.4500   -2.014371E-02  3.790493E-02  1.626825E+01
     7.5000   -2.596772E-02  3.931547E-02  1.642944E+01
     7.5500   -3.264420E-02  4.121980E-02  1.662197E+01
     7.6000   -3.906649E-02  4.313105E-02  1.684114E+01
     7.6500   -4.387323E-02  4.471722E-02  1.708416E+01
     7.7000   -4.562021E-02  4.572861E-02  1.734763E+01
     7.7500   -4.321229E-02  4.599872E-02  1.762861E+01
     7.8000   -3.627172E-02  4.543727E-02  1.792512E+01
     7.8500   -2.533837E-02  4.402196E-02  1.823624E+01
     7.9000   -1.184271E-02  4.179178E-02  1.856225E+01
     7.9500    2.147263E-03  3.884267E-02  1.890487E+01
     8.0000    1.434490E-02  3.532690E-02  1.926770E+01
     8.0500    2.285652E-02  3.149303E-02  1.966170E+01
     8.1000    2.609502E-02  2.757040E-02  2.009173E+01
     8.1500    2.368905E-02  2.395951E-02  2.057075E+01
     8.2000    1.635254E-02  2.118371E-02  2.110926E+01
     8.2500    5.712437E-03  1.980329E-02  2.169853E+01
     8.3000   -6.048647E-03  2.012300E-02  2.229645E+01
     8.3500   -1.664312E-02  2.193320E-02  2.285263E+01
     8.4000   -2.411580E-02  2.468765E-02  2.334629E+01
     8.4500   -2.717446E-02  2.785559E-02  2.378354E+01
     8.5000   -2.535518E-02  3.106560E-02  2.417797E+01
     8.5500   -1.913919E-02  3.416776E-02  2.453817E+01
     8.6000   -9.390509E-03  3.698870E-02  2.487606E+01
     8.6500    2.538521E-03  3.948398E-02  2.519708E+01
     8.7000    1.515412E-02  4.165042E-02  2.550513E+01
     8.7500    2.703506E-02  4.350997E-02  2.580321E+01
     8.8000    3.697100E-02  4.509657E-02  2.609384E+01
     8.8500    4.402448E-02  4.644506E-02  2.637927E+01
     8.9000    4.754056E-02  4.758239E-02  2.666160E+01
     8.9500    4.713929E-02  4.852159E-02  2.694281E+01
     9.0000    4.272061E-02  4.925908E-02  2.722465E+01
     9.0500    3.462628E-02  4.988299E-02  2.750710E+01
     9.1000    2.327049E-02  5.027858E-02  2.779315E+01
     9.1500    9.543341E-03  5.039701E-02  2.808382E+01
     9.2000   -5.285371E-03  5.018815E-02  2.837984E+01
     9.2500   -1.965465E-02  4.960773E-02  2.868171E+01
     9.3000   -3.189457E-02  4.862354E-02  2.898977E+01
     9.3500   -4.048080E-02  4.722010E-02  2.930429E+01
     9.4000   -4.431137E-02  4.540170E-02  2.962553E+01
     9.4500   -4.293909E-02  4.319385E-02  2.995379E+01
     9.5000   -3.669581E-02  4.064319E-02  3.028951E+01
     9.5500   -2.667623E-02  3.780448E-02  3.063261E+01
     9.6000   -1.453035E-02  3.473701E-02  3.098436E+01
     9.6500   -2.208111E-03  3.153512E-02  3.134585E+01
     9.7000    8.432218E-03  2.830515E-02  3.171842E+01
     9.7500    1.597001E-02  2.516066E-02  3.210357E+01
     9.8000    1.966311E-02  2.221622E-02  3.250259E+01
     9.8500    1.952941E-02  1.957863E-02  3.291580E+01
     9.9000    1.625621E-02  1.733472E-02  3.334133E+01
     9.9500    1.096892E-02  1.553619E-02  3.377365E+01
    10.0000    4.925738E-03  1.418693E-02  3.420293E+01
    10.0500   -8.078563E-04  1.304268E-02  3.461950E+01
    10.1000   -5.348504E-03  1.223729E-02  3.500985E+01
    10.1500   -8.446362E-03  1.171465E-02  3.536278E+01
    10.2000   -1.028319E-02  1.145607E-02  3.567186E+01
    10.2500   -1.128946E-02  1.149776E-02  3.593768E+01
    10.3000   -1.190779E-02  1.191781E-02  3.616933E+01
    10.3500   -1.238067E-02  1.279372E-02  3.638311E+01
    10.4000   -1.262998E-02  1.415514E-02  3.659680E+01
    10.4500   -1.226504E-02  1.596454E-02  3.682298E+01
    10.5000   -1.071541E-02  1.813145E-02  3.706683E+01
    10.5500   -7.446174E-03  2.053884E-02  3.732812E+01
    10.6000   -2.187673E-03  2.306340E-02  3.760411E+01
    10.6500    4.892791E-03  2.558683E-02  3.789152E+01
    10.7000    1.313354E-02  2.800143E-02  3.818731E+01
    10.7500    2.145834E-02  3.021312E-02  3.848894E+01
    10.8000    2.857708E-02  3.214346E-02  3.879437E+01
    10.8500    3.325651E-02  3.373125E-02  3.910193E+01
    10.9000    3.459047E-02  3.493381E-02  3.941023E+01
    10.9500    3.219999E-02  3.572772E-02  3.971803E+01
    11.0000    2.631314E-02  3.610922E-02  4.002427E+01
    11.0500    1.762357E-02  3.604139E-02  4.032978E+01
    11.1000    7.386692E-03  3.559343E-02  4.063166E+01
    11.1500   -3.059658E-03  3.481302E-02  4.092871E+01
    11.2000   -1.249571E-02  3.376511E-02  4.121980E+01
    11.2500   -2.002648E-02  3.252915E-02  4.150391E+01
    11.3000   -2.518453E-02  3.119506E-02  4.178031E+01
    11.3500   -2.791463E-02  2.985756E-02  4.204876E+01
    11.4000   -2.846073E-02  2.860846E-02  4.230983E+01
    11.4500   -2.720267E-02  2.752715E-02  4.256519E+01
    11.5000   -2.450057E-02  2.667066E-02  4.281769E+01
    11.5500   -2.059758E-02  2.606577E-02  4.307114E+01
    11.6000   -1.560861E-02  2.570655E-02  4.332979E+01
    11.6500   -9.591992E-03  2.555868E-02  4.359758E+01
    11.7000   -2.672117E-03  2.556981E-02  4.387760E+01
    11.7500    4.836978E-03  2.568211E-02  4.417177E+01
    11.8000    1.235878E-02  2.584347E-02  4.448092E+01
    11.8500    1.906919E-02  2.601505E-02  4.480503E+01
    11.9000    2.400890E-02  2.617469E-02  4.514343E+01
    11.9500    2.627243E-02  2.631679E-02  4.549502E+01
    12.0000    2.522708E-02  2.644950E-02  4.585831E+01
    12.0500    2.070505E-02  2.655253E-02  4.622958E+01
    12.1000    1.312989E-02  2.666889E-02  4.660913E+01
    12.1500    3.455353E-03  2.681847E-02  4.699469E+01
    12.2000   -6.943369E-03  2.701614E-02  4.738381E+01
    12.2500   -1.650423E-02  2.726805E-02  4.777398E+01
    12.3000   -2.376063E-02  2.756999E-02  4.816276E+01
    12.3500   -2.760800E-02  2.790789E-02  4.854796E+01
    12.4000   -2.749609E-02  2.826021E-02  4.892776E+01
    12.4500   -2.350743E-02  2.860155E-02  4.930076E+01
    12.5000   -1.631126E-02  2.890651E-02  4.966593E+01
    12.5500   -7.011241E-03  2.915329E-02  5.002261E+01
    12.6000    3.071762E-03  2.932638E-02  5.037042E+01
    12.6500    1.262987E-02  2.941821E-02  5.070922E+01
    12.7000    2.056297E-02  2.942968E-02  5.103908E+01
    12.7500    2.610429E-02  2.936959E-02  5.136025E+01
    12.8000    2.886479E-02  2.925306E-02  5.167317E+01
    12.8500    2.880539E-02  2.909924E-02  5.197851E+01
    12.9000    2.616206E-02  2.892835E-02  5.227716E+01
    12.9500    2.135425E-02  2.875863E-02  5.257023E+01
    13.0000    1.490389E-02  2.860347E-02  5.285899E+01
    13.0500    7.323329E-03  2.843827E-02  5.314662E+01
    13.1000   -7.095954E-04  2.829482E-02  5.343216E+01
    13.1500   -8.587370E-03  2.816622E-02  5.371689E+01
    13.2000   -1.571365E-02  2.803848E-02  5.400198E+01
    13.2500   -2.152081E-02  2.789232E-02  5.428838E+01
    13.3000   -2.550658E-02  2.770569E-02  5.457676E+01
    13.3500   -2.728940E-02  2.745635E-02  5.486754E+01
    13.4000   -2.667141E-02  2.712443E-02  5.516089E+01
    13.4500   -2.369133E-02  2.669443E-02  5.545677E+01
    13.5000   -1.864830E-02  2.615677E-02  5.575498E+01
    13.5500   -1.208353E-02  2.550856E-02  5.605517E+01
    13.6000   -4.717088E-03  2.475402E-02  5.635694E+01
    13.6500    2.650902E-03  2.390420E-02  5.665979E+01
    13.7000    9.255084E-03  2.297643E-02  5.696325E+01
    13.7500    1.447159E-02  2.199336E-02  5.726682E+01
    13.8000    1.789427E-02  2.098177E-02  5.757008E+01
    13.8500    1.936617E-02  1.997119E-02  5.787269E+01
    13.9000    1.896361E-02  1.899233E-02  5.817446E+01
    13.9500    1.694229E-02  1.807551E-02  5.847544E+01
    14.0000    1.366368E-02  1.724901E-02  5.877595E+01
    14.0500    9.544620E-03  1.654736E-02  5.907545E+01
    14.1000    4.936560E-03  1.598402E-02  5.937628E+01
    14.1500    1.629350E-04  1.557135E-02  5.967980E+01
    14.2000   -4.483349E-03  1.531535E-02  5.998735E+01
    14.2500   -8.714790E-03  1.521624E-02  6.030009E+01
    14.3000   -1.222670E-02  1.526940E-02  6.061878E+01
    14.3500   -1.469367E-02  1.546643E-02  6.094361E+01
    14.4000   -1.579458E-02  1.579596E-02  6.127426E+01
    14.4500   -1.526557E-02  1.624417E-02  6.160994E+01
    14.5000   -1.296927E-02  1.679503E-02  6.194954E+01
    14.5500   -8.961524E-03  1.743038E-02  6.229186E+01
    14.6000   -3.534261E-03  1.813016E-02  6.263566E+01
    14.6500    2.782635E-03  1.887276E-02  6.297983E+01
    14.7000    9.268411E-03  1.963566E-02  6.332343E+01
    14.7500    1.510353E-02  2.039617E-02  6.366568E+01
    14.8000    1.949136E-02  2.113233E-02  6.400597E+01
    14.8500    2.178604E-02  2.182378E-02  6.434383E+01
    14.9000    2.160107E-02  2.245259E-02  6.467894E+01
    14.9500    1.887648E-02  2.300395E-02  6.501103E+01
    15.0000    1.389183E-02  2.346664E-02  6.533993E+01
    15.0500    7.218676E-03  2.381785E-02  6.566552E+01
    15.1000   -3.428489E-04  2.407156E-02  6.598769E+01
    15.1500   -7.919272E-03  2.422938E-02  6.630641E+01
    15.2000   -1.467075E-02  2.429638E-02  6.662174E+01
    15.2500   -1.989525E-02  2.428064E-02  6.693379E+01
    15.3000   -2.310133E-02  2.419245E-02  6.724276E+01
    15.3500   -2.404325E-02  2.404352E-02  6.754895E+01
    15.4000   -2.272030E-02  2.384603E-02  6.785274E+01
    15.4500   -1.934853E-02  2.361180E-02  6.815460E+01
    15.5000   -1.431581E-02  2.335138E-02  6.845511E+01
    15.5500   -8.130847E-03  2.307342E-02  6.875491E+01
    15.6000   -1.373522E-03  2.278425E-02  6.905472E+01
    15.6500    5.349960E-03  2.248766E-02  6.935525E+01
    15.7000    1.144774E-02  2.218502E-02  6.965723E+01
    15.7500    1.638121E-02  2.187565E-02  6.996134E+01
    15.8000    1.970454E-02  2.155741E-02  7.026820E+01
    15.8500    2.110478E-02  2.122733E-02  7.057833E+01
    15.9000    2.043948E-02  2.088235E-02  7.089215E+01
    15.9500    1.776527E-02  2.051995E-02  7.120997E+01
    16.0000    1.334945E-02  2.013872E-02  7.153198E+01
    16.0500    7.638591E-03  1.974891E-02  7.185949E+01
    16.1000    1.266004E-03  1.934034E-02  7.219112E+01
    16.1500   -5.047482E-03  1.891561E-02  7.252675E+01
    16.2000   -1.057766E-02  1.847867E-02  7.286609E+01
    16.2500   -1.469214E-02  1.803455E-02  7.320878E+01
    16.3000   -1.693705E-02  1.758891E-02  7.355433E+01
    16.3500   -1.709983E-02  1.714761E-02  7.390210E+01
    16.4000   -1.523648E-02  1.671629E-02  7.425137E+01
    16.4500   -1.165801E-02  1.629995E-02  7.460129E+01
    16.5000   -6.878217E-03  1.590279E-02  7.495094E+01
    16.5500   -1.532739E-03  1.552803E-02  7.529935E+01
    16.6000    3.715690E-03  1.517807E-02  7.564554E+01
    16.6500    8.268700E-03  1.485465E-02  7.598856E+01
    16.7000    1.166501E-02  1.455922E-02  7.632754E+01
    16.7500    1.362385E-02  1.429329E-02  7.666175E+01
    16.8000    1.405540E-02  1.405869E-02  7.699065E+01
    16.8500    1.304164E-02  1.385772E-02  7.731392E+01
    16.9000    1.079680E-02  1.369313E-02  7.763148E+01
    16.9500    7.619127E-03  1.356777E-02  7.794355E+01
    17.0000    3.845570E-03  1.348411E-02  7.825061E+01
    17.0500   -2.018899E-04  1.346184E-02  7.855481E+01
    17.1000   -4.192075E-03  1.348240E-02  7.885599E+01
    17.1500   -7.816881E-03  1.354316E-02  7.915509E+01
    17.2000   -1.079548E-02  1.363911E-02  7.945309E+01
    17.2500   -1.288191E-02  1.376289E-02  7.975087E+01
    17.3000   -1.387892E-02  1.390515E-02  8.004918E+01
    17.3500   -1.365911E-02  1.405515E-02  8.034857E+01
    17.4000   -1.218969E-02  1.420149E-02  8.064939E+01
    17.4500   -9.554062E-03  1.433285E-02  8.095179E+01
    17.5000   -5.961917E-03  1.443883E-02  8.125576E+01
    17.5500   -1.740988E-03  1.451058E-02  8.156114E+01
    17.6000    2.692403E-03  1.454136E-02  8.186764E+01
    17.6500    6.881556E-03  1.452697E-02  8.217491E+01
    17.7000    1.038866E-02  1.446600E-02  8.248254E+01
    17.7500    1.285392E-02  1.435995E-02  8.279012E+01
    17.8000    1.404279E-02  1.421313E-02  8.309723E+01
    17.8500    1.387211E-02  1.403247E-02  8.340353E+01
    17.9000    1.241096E-02  1.382713E-02  8.370875E+01
    17.9500    9.858392E-03  1.360792E-02  8.401275E+01
    18.0000    6.505083E-03  1.338661E-02  8.431556E+01
    18.0500    2.689451E-03  1.320772E-02  8.461794E+01
    18.1000   -1.259400E-03  1.304923E-02  8.491966E+01
    18.1500   -5.012316E-03  1.291976E-02  8.522142E+01
    18.2000   -8.272849E-03  1.282557E-02  8.552406E+01
    18.2500   -1.078391E-02  1.277004E-02  8.582857E+01
    18.3000   -1.233184E-02  1.275344E-02  8.613596E+01
    18.3500   -1.275491E-02  1.277307E-02  8.644713E+01
    18.4000   -1.196021E-02  1.282369E-02  8.676286E+01
    18.4500   -9.948426E-03  1.289815E-02  8.708370E+01
    18.5000   -6.840018E-03  1.298813E-02  8.740996E+01
    18.5500   -2.892725E-03  1.308483E-02  8.774168E+01
    18.6000    1.500636E-03  1.317954E-02  8.807870E+01
    18.6500    5.841901E-03  1.326407E-02  8.842067E+01
    18.7000    9.586110E-03  1.333103E-02  8.876708E+01
    18.7500    1.222192E-02  1.337398E-02  8.911728E+01
    18.8000    1.335935E-02  1.338747E-02  8.947057E+01
    18.8500    1.280597E-02  1.336704E-02  8.982615E+01
    18.9000    1.061290E-02  1.330926E-02  9.018320E+01
    18.9500    7.077540E-03  1.321166E-02  9.054085E+01
    19.0000    2.699467E-03  1.307286E-02  9.089820E+01
    19.0500   -1.908900E-03  1.289534E-02  9.125476E+01
    19.1000   -6.114054E-03  1.267700E-02  9.160946E+01
    19.1500   -9.374213E-03  1.242141E-02  9.196136E+01
    19.2000   -1.132368E-02  1.213374E-02  9.230951E+01
    19.2500   -1.181746E-02  1.182086E-02  9.265299E+01
    19.3000   -1.092982E-02  1.149139E-02  9.299090E+01
    19.3500   -8.911525E-03  1.115574E-02  9.332243E+01
    19.4000   -6.120140E-03  1.082591E-02  9.364695E+01
    19.4500   -2.943159E-03  1.051508E-02  9.396409E+01
    19.5000    2.669591E-04  1.023687E-02  9.427386E+01
    19.5500    3.232376E-03  1.000427E-02  9.457678E+01
    19.6000    5.759735E-03  9.828258E-03  9.487394E+01
    19.6500    7.725456E-03  9.716312E-03  9.516695E+01
    19.7000    9.048652E-03  9.671134E-03  9.545783E+01
    19.7500    9.666326E-03  9.689962E-03  9.574872E+01
    19.8000    9.522870E-03  9.764660E-03  9.604158E+01
    19.8500    8.579234E-03  9.882610E-03  9.633798E+01
    19.9000    6.838658E-03  1.002813E-02  9.663895E+01
    19.9500    4.378656E-03  1.018408E-02  9.694493E+01
    20.0000    1.375233E-03  1.033338E-02  9.725589E+01
