 comment: None given                            Feff8L (EXAFS)       0.1
 Source:
 Structure Summary:  Eu1 Ti1 O3
 Reduced formula:  EuTiO3
 space group: (Pm-3m), space number:  (221)
 abc:  3.903878   3.903887   3.903878
 angles: 90.000000  90.000000  90.000000
 sites: 5
 mp-22246
 POT  Non-SCF, core-hole, AFOLP (folp(0)= 1.150)
 Abs   Z=22 Rmt= 1.248 Rnm= 1.365 K  shell
 Pot 1 Z=63 Rmt= 1.790 Rnm= 1.818
 Pot 2 Z= 8 Rmt= 1.038 Rnm= 1.091
 Gam_ch=9.030E-01 H-L exch
 Mu=-5.871E+00 kf=1.993E+00 Vint=-2.101E+01 Rs_int= 1.819
 PATH  Rmax= 6.000,  Keep_limit= 0.00, Heap_limit 0.00  Pwcrit= 2.50%
 Path   16      icalc       2
 -----------------------------------------------------------------------
   3  96.000   5.2530    2.5561   -5.87105 nleg, deg, reff, rnrmav(bohr), edge
        x         y         z   pot at#
    -0.0000   -0.0000   -0.0000  0  22 Ti       absorbing atom
    -3.9039   -0.0000   -1.9519  2   8 O
    -1.9519   -1.9519   -1.9519  1  63 Eu
    k   real[2*phc]   mag[feff]  phase[feff] red factor   lambda     real[p]@#
 -0.000  2.6009E+00  2.0930E-05 -4.0940E+00  1.014E+00  3.3646E+01  1.9936E+00
  0.100  2.5998E+00  2.0396E-02 -5.1223E+00  1.014E+00  3.3686E+01  1.9960E+00
  0.200  2.5966E+00  4.1147E-02 -6.1027E+00  1.013E+00  3.3801E+01  2.0032E+00
  0.300  2.5911E+00  6.2554E-02 -7.0359E+00  1.013E+00  3.3972E+01  2.0151E+00
  0.400  2.5836E+00  8.4804E-02 -7.9218E+00  1.013E+00  3.4172E+01  2.0317E+00
  0.500  2.5739E+00  1.0790E-01 -8.7602E+00  1.013E+00  3.4361E+01  2.0529E+00
  0.600  2.5622E+00  1.3164E-01 -9.5521E+00  1.014E+00  3.4492E+01  2.0785E+00
  0.700  2.5484E+00  1.5557E-01 -1.0299E+01  1.014E+00  3.4516E+01  2.1083E+00
  0.800  2.5326E+00  1.7904E-01 -1.1002E+01  1.014E+00  3.4382E+01  2.1423E+00
  0.900  2.5149E+00  2.0129E-01 -1.1666E+01  1.015E+00  3.4048E+01  2.1804E+00
  1.000  2.4951E+00  2.2161E-01 -1.2291E+01  1.016E+00  3.3486E+01  2.2222E+00
  1.100  2.4732E+00  2.3938E-01 -1.2882E+01  1.017E+00  3.2687E+01  2.2678E+00
  1.200  2.4493E+00  2.5419E-01 -1.3441E+01  1.019E+00  3.1662E+01  2.3170E+00
  1.300  2.4231E+00  2.6578E-01 -1.3970E+01  1.021E+00  3.0444E+01  2.3697E+00
  1.400  2.3945E+00  2.7403E-01 -1.4469E+01  1.023E+00  2.9080E+01  2.4258E+00
  1.500  2.3633E+00  2.7890E-01 -1.4940E+01  1.026E+00  2.7626E+01  2.4853E+00
  1.600  2.3293E+00  2.8039E-01 -1.5382E+01  1.030E+00  2.6138E+01  2.5481E+00
  1.700  2.2921E+00  2.7844E-01 -1.5796E+01  1.033E+00  2.4672E+01  2.6141E+00
  1.800  2.2514E+00  2.7302E-01 -1.6181E+01  1.038E+00  2.3274E+01  2.6836E+00
  1.900  2.2067E+00  2.6401E-01 -1.6536E+01  1.042E+00  2.1984E+01  2.7563E+00
  2.000  2.1575E+00  2.4827E-01 -1.6854E+01  1.046E+00  2.0833E+01  2.8326E+00
  2.200  2.0432E+00  2.0774E-01 -1.7539E+01  1.054E+00  1.9046E+01  2.9961E+00
  2.400  1.8652E+00  2.1054E-01 -1.8019E+01  1.070E+00  1.6718E+01  3.1898E+00
  2.600  1.8014E+00  2.4939E-01 -1.8576E+01  1.244E+00  8.2523E+00  3.3529E+00
  2.800  1.8006E+00  2.3077E-01 -1.9414E+01  1.259E+00  6.9570E+00  3.4838E+00
  3.000  1.7502E+00  2.0902E-01 -2.0205E+01  1.267E+00  6.3517E+00  3.6237E+00
  3.200  1.6818E+00  1.8872E-01 -2.0957E+01  1.263E+00  6.0746E+00  3.7709E+00
  3.400  1.6026E+00  1.7065E-01 -2.1663E+01  1.253E+00  5.9670E+00  3.9238E+00
  3.600  1.5155E+00  1.5474E-01 -2.2327E+01  1.238E+00  5.9622E+00  4.0818E+00
  3.800  1.4221E+00  1.4130E-01 -2.2951E+01  1.221E+00  6.0263E+00  4.2444E+00
  4.000  1.3249E+00  1.3083E-01 -2.3534E+01  1.204E+00  6.1403E+00  4.4109E+00
  4.200  1.2255E+00  1.2255E-01 -2.4066E+01  1.184E+00  6.2926E+00  4.5810E+00
  4.400  1.1250E+00  1.1516E-01 -2.4548E+01  1.166E+00  6.4755E+00  4.7542E+00
  4.600  1.0247E+00  1.0829E-01 -2.4982E+01  1.147E+00  6.6837E+00  4.9302E+00
  4.800  9.2542E-01  1.0143E-01 -2.5371E+01  1.129E+00  6.9134E+00  5.1086E+00
  5.000  8.2748E-01  9.4549E-02 -2.5717E+01  1.113E+00  7.1620E+00  5.2891E+00
  5.200  7.3141E-01  8.7463E-02 -2.6021E+01  1.098E+00  7.4272E+00  5.4715E+00
  5.400  6.3727E-01  8.0118E-02 -2.6288E+01  1.084E+00  7.7075E+00  5.6555E+00
  5.600  5.4496E-01  7.2708E-02 -2.6519E+01  1.072E+00  8.0015E+00  5.8411E+00
  5.800  4.5422E-01  6.5455E-02 -2.6747E+01  1.061E+00  8.3081E+00  6.0279E+00
  6.000  3.6491E-01  5.8658E-02 -2.6922E+01  1.051E+00  8.6266E+00  6.2158E+00
  6.500  1.4632E-01  4.8094E-02 -2.7241E+01  1.030E+00  9.4701E+00  6.6900E+00
  7.000 -7.2401E-02  4.1975E-02 -2.7501E+01  1.006E+00  1.0375E+01  7.1690E+00
  7.500 -2.9215E-01  3.8205E-02 -2.7763E+01  9.851E-01  1.1335E+01  7.6516E+00
  8.000 -5.0307E-01  3.4123E-02 -2.8078E+01  9.680E-01  1.2346E+01  8.1372E+00
  8.500 -6.9984E-01  2.8814E-02 -2.8421E+01  9.546E-01  1.3405E+01  8.6250E+00
  9.000 -8.8754E-01  2.2593E-02 -2.8756E+01  9.458E-01  1.4510E+01  9.1146E+00
  9.500 -1.0655E+00  1.6322E-02 -2.9055E+01  9.396E-01  1.5659E+01  9.6057E+00
 10.000 -1.2373E+00  1.0841E-02 -2.9292E+01  9.356E-01  1.6850E+01  1.0098E+01
 11.000 -1.5591E+00  4.1774E-03 -2.9329E+01  9.298E-01  1.9351E+01  1.1085E+01
 12.000 -1.8468E+00  2.6366E-03 -2.9113E+01  9.261E-01  2.2006E+01  1.2075E+01
 13.000 -2.1115E+00  1.3589E-03 -2.8773E+01  9.257E-01  2.4807E+01  1.3067E+01
 14.000 -2.3554E+00  1.8989E-03 -2.8219E+01  9.257E-01  2.7749E+01  1.4061E+01
 15.000 -2.5771E+00  2.3272E-03 -2.8473E+01  9.262E-01  3.0826E+01  1.5055E+01
 16.000 -2.7831E+00  2.0723E-03 -2.8682E+01  9.275E-01  3.4033E+01  1.6051E+01
 17.000 -2.9731E+00  2.0152E-03 -2.8794E+01  9.281E-01  3.7367E+01  1.7047E+01
 18.000 -3.1500E+00  1.9678E-03 -2.9026E+01  9.282E-01  4.0824E+01  1.8043E+01
 19.000 -3.3164E+00  1.7425E-03 -2.9291E+01  9.283E-01  4.4401E+01  1.9040E+01
 20.000 -3.4723E+00  1.4125E-03 -2.9492E+01  9.285E-01  4.8094E+01  2.0038E+01
