# comment: None given                          Feff8L (EXAFS)       0.1      
# Source:
# Structure Summary:  Eu1 Ti1 O3
# Reduced formula:  EuTiO3
# space group: (Pm-3m), space number:  (221)
# abc:  3.903878   3.903887   3.903878
# angles: 90.000000  90.000000  90.000000
# sites: 5
# mp-22246
# POT  Non-SCF, core-hole, AFOLP (folp(0)= 1.150)
# Abs   Z=22 Rmt= 1.248 Rnm= 1.365 K  shell
# Pot 1 Z=63 Rmt= 1.790 Rnm= 1.818
# Pot 2 Z= 8 Rmt= 1.038 Rnm= 1.091
# Gam_ch=9.030E-01 H-L exch
# Mu=-5.871E+00 kf=1.993E+00 Vint=-2.101E+01 Rs_int= 1.819
# PATH  Rmax= 6.000,  Keep_limit= 0.00, Heap_limit 0.00  Pwcrit= 2.50%
#  S02=1.000                                        Global_sig2= 0.00000
#  Curved wave amplitude ratio filter   4.000%
#     file         sig2 tot  cw amp ratio   deg  nlegs   reff  inp sig2
#           1       0.00000    100.00      6.00     2   1.9519
#           2       0.00000     18.61     24.00     3   3.3322
#           3       0.00000     54.93      8.00     2   3.3809
#           4       0.00000     17.29      6.00     3   3.9039
#           5       0.00000     27.78      6.00     4   3.9039
#           6       0.00000     10.27      6.00     4   3.9039
#           8       0.00000     21.69     48.00     3   4.0466
#           9       0.00000     57.56     24.00     2   4.3647
#          10       0.00000     58.21     48.00     3   4.5385
#          11       0.00000      7.25     24.00     4   4.7124
#          12       0.00000     14.73     24.00     4   4.7124
#          13       0.00000      8.01     24.00     4   4.7124
#          14       0.00000     22.91     24.00     4   4.7124
#          16       0.00000     20.73     48.00     3   5.0570
#          17       0.00000     12.08     48.00     3   5.1103
#          18       0.00000     48.78     96.00     3   5.2530
#          20       0.00000      5.10     48.00     5   5.2841
#          21       0.00000     15.75     48.00     5   5.2841
#          22       0.00000     16.89     48.00     5   5.2841
#          25       0.00000      8.79     48.00     4   5.3328
#          26       0.00000     12.27     48.00     4   5.3328
#          27       0.00000      7.76     96.00     4   5.4269
#          28       0.00000     14.11     96.00     4   5.4269
#          29       0.00000     22.88     96.00     4   5.4269
#          30       0.00000     13.41     96.00     3   5.5489
#          31       0.00000      5.19     48.00     4   5.7228
#          32       0.00000      4.95     96.00     4   5.7228
#          33       0.00000      7.58     96.00     4   5.7228
#          34       0.00000      8.60     72.00     3   5.7449
#          35       0.00000     32.55     30.00     2   5.8558
#          37       0.00000     13.88     12.00     3   5.8558
#          39       0.00000      7.38      6.00     4   5.8558
#          40       0.00000      5.94     12.00     6   5.8558
#          42       0.00000     10.09     12.00     5   5.8558
#          43       0.00000      8.04      6.00     6   5.8558
#          44       0.00000      8.85     48.00     3   5.9188
#          45       0.00000      9.30     48.00     4   5.9188
#          46       0.00000     10.11     96.00     4   5.9188
#          47       0.00000      4.12     96.00     4   5.9188
#          48       0.00000     10.90     96.00     4   5.9188
#          49       0.00000     52.91     48.00     3   5.9986
#          50       0.00000      4.52     48.00     4   5.9986
#          51       0.00000      8.44     96.00     4   5.9986
#          52       0.00000      8.02     48.00     5   5.9986
#    44/  48 paths used
#  xsedge+50, used to normalize mu           4.7468E-04
#  -----------------------------------------------------------------------
#  omega    e    k    mu    mu0     chi     @#
    4969.821     -5.871   0.000 -2.33627E-01  4.03672E-01 -8.10024E-01
    4969.830     -5.862   0.050 -2.24701E-01  4.14361E-01 -8.11721E-01
    4969.859     -5.833   0.100 -2.15811E-01  4.25049E-01 -8.13461E-01
    4969.907     -5.785   0.150 -1.90684E-01  4.55803E-01 -8.18969E-01
    4969.973     -5.719   0.200 -1.65856E-01  4.86556E-01 -8.24833E-01
    4970.059     -5.633   0.250 -1.34593E-01  5.28329E-01 -8.35394E-01
    4970.164     -5.528   0.300 -1.04002E-01  5.70103E-01 -8.46730E-01
    4970.288     -5.404   0.350 -8.28033E-02  6.07828E-01 -8.63648E-01
    4970.431     -5.261   0.400 -6.23959E-02  6.45553E-01 -8.81401E-01
    4970.592     -5.100   0.450 -5.72358E-02  6.73222E-01 -9.04438E-01
    4970.773     -4.919   0.500 -5.20603E-02  7.00891E-01 -9.27205E-01
    4970.973     -4.719   0.550 -5.74756E-02  7.20751E-01 -9.52203E-01
    4971.193     -4.499   0.600 -6.02471E-02  7.40611E-01 -9.73669E-01
    4971.431     -4.261   0.650 -6.47574E-02  7.55804E-01 -9.90498E-01
    4971.688     -4.004   0.700 -6.17531E-02  7.70996E-01 -9.98081E-01
    4971.964     -3.728   0.750 -4.94424E-02  7.83544E-01 -9.90660E-01
    4972.259     -3.433   0.800 -2.32534E-02  7.96093E-01 -9.66973E-01
    4972.574     -3.118   0.850  2.32638E-02  8.07111E-01 -9.17570E-01
    4972.907     -2.785   0.900  8.88774E-02  8.18130E-01 -8.46789E-01
    4973.259     -2.433   0.950  1.81561E-01  8.28201E-01 -7.44602E-01
    4973.631     -2.061   1.000  2.93478E-01  8.38273E-01 -6.22142E-01
    4974.021     -1.671   1.050  4.30087E-01  8.47684E-01 -4.72888E-01
    4974.431     -1.261   1.100  5.77825E-01  8.57095E-01 -3.13619E-01
    4974.860     -0.832   1.150  7.36969E-01  8.65968E-01 -1.43670E-01
    4975.307     -0.385   1.200  8.91303E-01  8.74842E-01  1.81825E-02
    4975.774      0.082   1.250  1.03634E+00  8.83207E-01  1.67801E-01
    4976.260      0.568   1.300  1.15807E+00  8.91572E-01  2.89709E-01
    4976.765      1.073   1.350  1.25076E+00  8.99408E-01  3.79075E-01
    4977.289      1.597   1.400  1.30783E+00  9.07244E-01  4.28948E-01
    4977.831      2.139   1.450  1.32731E+00  9.14501E-01  4.38931E-01
    4978.393      2.701   1.500  1.31268E+00  9.21759E-01  4.12764E-01
    4978.974      3.282   1.550  1.26872E+00  9.28378E-01  3.57074E-01
    4979.575      3.883   1.600  1.20749E+00  9.34998E-01  2.84085E-01
    4980.194      4.502   1.650  1.13937E+00  9.40922E-01  2.05729E-01
    4980.832      5.140   1.700  1.07882E+00  9.46845E-01  1.36049E-01
    4981.489      5.797   1.750  1.03607E+00  9.52018E-01  8.62316E-02
    4982.165      6.473   1.800  1.02028E+00  9.57192E-01  6.44126E-02
    4982.861      7.169   1.850  1.03486E+00  9.61570E-01  7.45394E-02
    4983.575      7.883   1.900  1.07844E+00  9.65948E-01  1.13948E-01
    4984.308      8.616   1.950  1.14475E+00  9.69475E-01  1.77002E-01
    4985.061      9.369   2.000  1.22364E+00  9.73002E-01  2.52339E-01
    4985.832     10.140   2.050  1.30432E+00  9.75285E-01  3.30673E-01
    4986.623     10.931   2.100  1.36850E+00  9.77567E-01  3.92176E-01
    4987.433     11.741   2.150  1.40515E+00  9.79850E-01  4.25893E-01
    4988.261     12.569   2.200  1.40927E+00  9.82132E-01  4.26975E-01
    4989.109     13.417   2.250  1.36869E+00  9.82997E-01  3.85730E-01
    4989.976     14.284   2.300  1.30621E+00  9.83862E-01  3.22531E-01
    4990.862     15.170   2.350  1.24010E+00  9.84727E-01  2.55638E-01
    4991.766     16.074   2.400  1.18756E+00  9.85593E-01  2.02265E-01
    4992.690     16.998   2.450  1.18109E+00  9.87257E-01  1.94402E-01
    4993.633     17.941   2.500  1.19787E+00  9.88922E-01  2.09868E-01
    4994.595     18.903   2.550  1.22926E+00  9.90587E-01  2.40074E-01
    4995.576     19.884   2.600  1.26251E+00  9.92252E-01  2.72235E-01
    4996.577     20.885   2.650  1.26316E+00  9.90788E-01  2.74248E-01
    4997.596     21.904   2.700  1.24998E+00  9.89324E-01  2.62349E-01
    4998.634     22.942   2.750  1.22137E+00  9.87860E-01  2.34922E-01
    4999.691     23.999   2.800  1.17750E+00  9.86397E-01  1.92183E-01
    5000.768     25.076   2.850  1.12764E+00  9.86563E-01  1.41671E-01
    5001.863     26.171   2.900  1.06645E+00  9.86729E-01  7.99411E-02
    5002.977     27.285   2.950  9.97283E-01  9.86896E-01  1.04006E-02
    5004.111     28.419   3.000  9.24277E-01  9.87062E-01 -6.27762E-02
    5005.263     29.571   3.050  8.52142E-01  9.86970E-01 -1.34737E-01
    5006.435     30.743   3.100  7.85376E-01  9.86879E-01 -2.01256E-01
    5007.626     31.933   3.150  7.28494E-01  9.86788E-01 -2.57838E-01
    5008.835     33.143   3.200  6.85104E-01  9.86696E-01 -3.00898E-01
    5010.064     34.372   3.250  6.55824E-01  9.86224E-01 -3.29711E-01
    5011.312     35.620   3.300  6.43585E-01  9.85753E-01 -3.41528E-01
    5012.578     36.886   3.350  6.48025E-01  9.85281E-01 -3.36698E-01
    5013.864     38.172   3.400  6.67398E-01  9.84809E-01 -3.16955E-01
    5015.169     39.477   3.450  6.98733E-01  9.84290E-01 -2.85233E-01
    5016.493     40.801   3.500  7.39359E-01  9.83771E-01 -2.44209E-01
    5017.836     42.144   3.550  7.85409E-01  9.83252E-01 -1.97740E-01
    5019.198     43.506   3.600  8.33173E-01  9.82733E-01 -1.49527E-01
    5020.579     44.887   3.650  8.79567E-01  9.82142E-01 -1.02603E-01
    5021.980     46.288   3.700  9.21672E-01  9.81552E-01 -5.99249E-02
    5023.399     47.707   3.750  9.57591E-01  9.80961E-01 -2.33992E-02
    5024.837     49.145   3.800  9.86203E-01  9.80371E-01  5.84244E-03
    5026.294     50.602   3.850  1.00657E+00  9.79892E-01  2.67429E-02
    5027.771     52.079   3.900  1.01900E+00  9.79414E-01  3.96959E-02
    5029.266     53.574   3.950  1.02420E+00  9.78935E-01  4.54171E-02
    5030.781     55.089   4.000  1.02327E+00  9.78457E-01  4.49871E-02
    5032.314     56.622   4.050  1.01685E+00  9.78042E-01  3.89633E-02
    5033.867     58.175   4.100  1.00739E+00  9.77626E-01  2.98917E-02
    5035.438     59.746   4.150  9.96664E-01  9.77211E-01  1.95431E-02
    5037.029     61.337   4.200  9.86379E-01  9.76796E-01  9.62980E-03
    5038.639     62.947   4.250  9.78305E-01  9.76557E-01  1.75703E-03
    5040.268     64.576   4.300  9.74073E-01  9.76318E-01 -2.25685E-03
    5041.915     66.223   4.350  9.74710E-01  9.76078E-01 -1.37610E-03
    5043.582     67.890   4.400  9.80779E-01  9.75839E-01  4.96849E-03
    5045.268     69.576   4.450  9.93161E-01  9.75667E-01  1.75987E-02
    5046.973     71.281   4.500  1.01074E+00  9.75494E-01  3.54602E-02
    5048.697     73.005   4.550  1.03226E+00  9.75322E-01  5.72924E-02
    5050.440     74.748   4.600  1.05592E+00  9.75150E-01  8.12852E-02
    5052.202     76.510   4.650  1.08035E+00  9.74928E-01  1.06118E-01
    5053.983     78.291   4.700  1.10231E+00  9.74706E-01  1.28475E-01
    5055.784     80.092   4.750  1.11922E+00  9.74485E-01  1.45760E-01
    5057.603     81.911   4.800  1.12882E+00  9.74263E-01  1.55684E-01
    5059.441     83.749   4.850  1.12981E+00  9.73965E-01  1.57045E-01
    5061.299     85.607   4.900  1.12066E+00  9.73666E-01  1.48188E-01
    5063.175     87.483   4.950  1.10151E+00  9.73368E-01  1.29237E-01
    5065.071     89.379   5.000  1.07365E+00  9.73069E-01  1.01479E-01
    5066.985     91.293   5.050  1.03898E+00  9.72596E-01  6.70241E-02
    5068.919     93.227   5.100  1.00080E+00  9.72124E-01  2.89732E-02
    5070.871     95.179   5.150  9.62779E-01  9.71651E-01 -8.97008E-03
    5072.843     97.151   5.200  9.28524E-01  9.71178E-01 -4.31565E-02
    5074.834     99.142   5.250  9.00473E-01  9.70447E-01 -7.08731E-02
    5076.843    101.151   5.300  8.81430E-01  9.69715E-01 -8.95154E-02
    5078.872    103.180   5.350  8.72200E-01  9.68984E-01 -9.82371E-02
    5080.920    105.228   5.400  8.72147E-01  9.68252E-01 -9.76537E-02
    5082.987    107.295   5.450  8.79214E-01  9.67319E-01 -8.96542E-02
    5085.073    109.381   5.500  8.90880E-01  9.66385E-01 -7.69453E-02
    5087.178    111.486   5.550  9.03933E-01  9.65451E-01 -6.27842E-02
    5089.302    113.610   5.600  9.15504E-01  9.64517E-01 -5.00954E-02
    5091.445    115.753   5.650  9.23383E-01  9.63300E-01 -4.08751E-02
    5093.607    117.915   5.700  9.26879E-01  9.62083E-01 -3.61158E-02
    5095.788    120.096   5.750  9.26428E-01  9.60866E-01 -3.53972E-02
    5097.989    122.297   5.800  9.23511E-01  9.59649E-01 -3.72146E-02
    5100.208    124.516   5.850  9.19615E-01  9.58240E-01 -3.98637E-02
    5102.446    126.754   5.900  9.17456E-01  9.56830E-01 -4.07273E-02
    5104.704    129.012   5.950  9.18774E-01  9.55421E-01 -3.79911E-02
    5106.980    131.288   6.000  9.24324E-01  9.54011E-01 -3.08450E-02
    5109.276    133.584   6.050  9.33480E-01  9.52446E-01 -1.97526E-02
    5111.590    135.898   6.100  9.45143E-01  9.50880E-01 -5.98951E-03
    5113.924    138.232   6.150  9.57059E-01  9.49314E-01  8.10518E-03
    5116.277    140.585   6.200  9.66800E-01  9.47749E-01  1.99852E-02
    5118.648    142.956   6.250  9.72375E-01  9.46183E-01  2.75432E-02
    5121.039    145.347   6.300  9.72735E-01  9.44617E-01  2.96399E-02
    5123.449    147.757   6.350  9.68023E-01  9.43052E-01  2.63872E-02
    5125.878    150.186   6.400  9.59534E-01  9.41486E-01  1.91175E-02
    5128.326    152.634   6.450  9.49389E-01  9.39920E-01  1.00547E-02
    5130.793    155.101   6.500  9.40021E-01  9.38355E-01  1.77368E-03
    5133.279    157.587   6.550  9.33762E-01  9.36875E-01 -3.32024E-03
    5135.784    160.092   6.600  9.32247E-01  9.35396E-01 -3.36466E-03
    5138.308    162.616   6.650  9.35794E-01  9.33917E-01  2.00945E-03
    5140.851    165.159   6.700  9.43511E-01  9.32438E-01  1.18736E-02
    5143.413    167.721   6.750  9.53542E-01  9.30958E-01  2.42593E-02
    5145.995    170.303   6.800  9.63538E-01  9.29479E-01  3.66521E-02
    5148.595    172.903   6.850  9.71215E-01  9.28000E-01  4.65912E-02
    5151.214    175.522   6.900  9.74870E-01  9.26521E-01  5.22222E-02
    5153.853    178.161   6.950  9.73716E-01  9.25042E-01  5.26704E-02
    5156.510    180.818   7.000  9.67981E-01  9.23562E-01  4.81537E-02
    5159.187    183.495   7.050  9.59250E-01  9.22452E-01  3.99351E-02
    5161.882    186.190   7.100  9.48379E-01  9.21342E-01  2.93742E-02
    5164.597    188.905   7.150  9.37093E-01  9.20231E-01  1.83386E-02
    5167.330    191.638   7.200  9.26788E-01  9.19121E-01  8.34759E-03
    5170.083    194.391   7.250  9.18230E-01  9.18010E-01  2.39385E-04
    5172.855    197.163   7.300  9.11461E-01  9.16900E-01 -5.93482E-03
    5175.646    199.954   7.350  9.05923E-01  9.15790E-01 -1.07774E-02
    5178.456    202.764   7.400  9.00756E-01  9.14679E-01 -1.52247E-02
    5181.284    205.592   7.450  8.95166E-01  9.13569E-01 -2.01437E-02
    5184.132    208.440   7.500  8.88761E-01  9.12459E-01 -2.59677E-02
    5186.999    211.307   7.550  8.81729E-01  9.11494E-01 -3.26442E-02
    5189.886    214.194   7.600  8.74939E-01  9.10529E-01 -3.90665E-02
    5192.791    217.099   7.650  8.69630E-01  9.09564E-01 -4.38732E-02
    5195.715    220.023   7.700  8.67112E-01  9.08599E-01 -4.56202E-02
    5198.658    222.966   7.750  8.68371E-01  9.07634E-01 -4.32123E-02
    5201.620    225.928   7.800  8.73741E-01  9.06669E-01 -3.62717E-02
    5204.602    228.910   7.850  8.82722E-01  9.05704E-01 -2.53384E-02
    5207.602    231.910   7.900  8.94007E-01  9.04740E-01 -1.18427E-02
    5210.621    234.929   7.950  9.05719E-01  9.03775E-01  2.14726E-03
    5213.660    237.968   8.000  9.15787E-01  9.02810E-01  1.43449E-02
    5216.717    241.025   8.050  9.22374E-01  9.01715E-01  2.28565E-02
    5219.794    244.102   8.100  9.24186E-01  9.00620E-01  2.60950E-02
    5222.890    247.197   8.150  9.20900E-01  8.99524E-01  2.36891E-02
    5226.004    250.312   8.200  9.13172E-01  8.98429E-01  1.63525E-02
    5229.138    253.446   8.250  9.02480E-01  8.97334E-01  5.71244E-03
    5232.291    256.599   8.300  8.90795E-01  8.96239E-01 -6.04865E-03
    5235.462    259.770   8.350  8.80178E-01  8.95144E-01 -1.66431E-02
    5238.653    262.961   8.400  8.72381E-01  8.94049E-01 -2.41158E-02
    5241.863    266.171   8.450  8.68559E-01  8.92954E-01 -2.71745E-02
    5245.092    269.400   8.500  8.69116E-01  8.91859E-01 -2.53552E-02
    5248.340    272.648   8.550  8.73370E-01  8.90510E-01 -1.91392E-02
    5251.607    275.915   8.600  8.80765E-01  8.89162E-01 -9.39051E-03
    5254.893    279.201   8.650  8.90080E-01  8.87814E-01  2.53852E-03
    5258.199    282.507   8.700  8.99974E-01  8.86465E-01  1.51541E-02
    5261.523    285.831   8.750  9.09178E-01  8.85117E-01  2.70351E-02
    5264.866    289.174   8.800  9.16621E-01  8.83769E-01  3.69710E-02
    5268.228    292.536   8.850  9.21479E-01  8.82420E-01  4.40245E-02
    5271.610    295.918   8.900  9.23185E-01  8.81072E-01  4.75406E-02
    5275.010    299.318   8.950  9.21415E-01  8.79724E-01  4.71393E-02
    5278.430    302.738   9.000  9.16099E-01  8.78375E-01  4.27206E-02
    5281.868    306.176   9.050  9.07314E-01  8.76791E-01  3.46263E-02
    5285.326    309.634   9.100  8.95683E-01  8.75207E-01  2.32705E-02
    5288.802    313.110   9.150  8.82005E-01  8.73623E-01  9.54334E-03
    5292.298    316.606   9.200  8.67404E-01  8.72039E-01 -5.28537E-03
    5295.813    320.121   9.250  8.53252E-01  8.70454E-01 -1.96547E-02
    5299.346    323.654   9.300  8.41004E-01  8.68870E-01 -3.18946E-02
    5302.899    327.207   9.350  8.31982E-01  8.67286E-01 -4.04808E-02
    5306.471    330.779   9.400  8.27126E-01  8.65702E-01 -4.43114E-02
    5310.062    334.370   9.450  8.26803E-01  8.64118E-01 -4.29391E-02
    5313.672    337.980   9.500  8.30702E-01  8.62534E-01 -3.66958E-02
    5317.301    341.609   9.550  8.37832E-01  8.60927E-01 -2.66762E-02
    5320.949    345.257   9.600  8.46765E-01  8.59320E-01 -1.45303E-02
    5324.616    348.924   9.650  8.55809E-01  8.57714E-01 -2.20811E-03
    5328.302    352.610   9.700  8.63365E-01  8.56107E-01  8.43222E-03
    5332.007    356.315   9.750  8.68219E-01  8.54500E-01  1.59700E-02
    5335.732    360.040   9.800  8.69752E-01  8.52894E-01  1.96631E-02
    5339.475    363.783   9.850  8.67998E-01  8.51287E-01  1.95294E-02
    5343.237    367.545   9.900  8.63563E-01  8.49681E-01  1.62562E-02
    5347.019    371.327   9.950  8.57423E-01  8.48074E-01  1.09689E-02
    5350.819    375.127  10.000  8.50657E-01  8.46467E-01  4.92574E-03
    5354.639    378.947  10.050  8.44264E-01  8.44950E-01 -8.07856E-04
    5358.477    382.785  10.100  8.38899E-01  8.43432E-01 -5.34850E-03
    5362.335    386.643  10.150  8.34769E-01  8.41915E-01 -8.44636E-03
    5366.212    390.519  10.200  8.31713E-01  8.40397E-01 -1.02832E-02
    5370.107    394.415  10.250  8.29363E-01  8.38879E-01 -1.12895E-02
    5374.022    398.330  10.300  8.27343E-01  8.37362E-01 -1.19078E-02
    5377.956    402.264  10.350  8.25446E-01  8.35844E-01 -1.23807E-02
    5381.909    406.217  10.400  8.23739E-01  8.34326E-01 -1.26300E-02
    5385.881    410.189  10.450  8.22546E-01  8.32809E-01 -1.22650E-02
    5389.872    414.179  10.500  8.22341E-01  8.31291E-01 -1.07154E-02
    5393.882    418.189  10.550  8.23566E-01  8.29774E-01 -7.44617E-03
    5397.911    422.219  10.600  8.26435E-01  8.28256E-01 -2.18767E-03
    5401.959    426.267  10.650  8.30802E-01  8.26738E-01  4.89279E-03
    5406.026    430.334  10.700  8.36109E-01  8.25221E-01  1.31335E-02
    5410.112    434.420  10.750  8.41460E-01  8.23703E-01  2.14583E-02
    5414.217    438.525  10.800  8.45790E-01  8.22185E-01  2.85771E-02
    5418.342    442.650  10.850  8.48086E-01  8.20668E-01  3.32565E-02
    5422.485    446.793  10.900  8.47615E-01  8.19150E-01  3.45905E-02
    5426.647    450.955  10.950  8.44081E-01  8.17633E-01  3.22000E-02
    5430.829    455.137  11.000  8.37687E-01  8.16115E-01  2.63131E-02
    5435.029    459.337  11.050  8.28920E-01  8.14500E-01  1.76236E-02
    5439.249    463.557  11.100  8.18917E-01  8.12885E-01  7.38669E-03
    5443.487    467.795  11.150  8.08776E-01  8.11270E-01 -3.05966E-03
    5447.745    472.053  11.200  7.99491E-01  8.09655E-01 -1.24957E-02
    5452.022    476.330  11.250  7.91783E-01  8.08040E-01 -2.00265E-02
    5456.318    480.626  11.300  7.86021E-01  8.06425E-01 -2.51845E-02
    5460.632    484.940  11.350  7.82240E-01  8.04810E-01 -2.79146E-02
    5464.966    489.274  11.400  7.80229E-01  8.03195E-01 -2.84607E-02
    5469.319    493.627  11.450  7.79673E-01  8.01580E-01 -2.72027E-02
    5473.691    497.999  11.500  7.80274E-01  7.99965E-01 -2.45006E-02
    5478.082    502.390  11.550  7.81829E-01  7.98350E-01 -2.05976E-02
    5482.492    506.800  11.600  7.84240E-01  7.96735E-01 -1.56086E-02
    5486.921    511.229  11.650  7.87457E-01  7.95120E-01 -9.59199E-03
    5491.369    515.677  11.700  7.91374E-01  7.93505E-01 -2.67212E-03
    5495.837    520.145  11.750  7.95738E-01  7.91890E-01  4.83698E-03
    5500.323    524.631  11.800  8.00088E-01  7.90275E-01  1.23588E-02
    5504.828    529.136  11.850  8.03770E-01  7.88660E-01  1.90692E-02
    5509.353    533.661  11.900  8.06031E-01  7.87045E-01  2.40089E-02
    5513.896    538.204  11.950  8.06163E-01  7.85430E-01  2.62724E-02
    5518.458    542.766  12.000  8.03683E-01  7.83815E-01  2.52271E-02
    5523.040    547.348  12.050  7.98318E-01  7.82049E-01  2.07050E-02
    5527.640    551.948  12.100  7.90576E-01  7.80283E-01  1.31299E-02
    5532.260    556.568  12.150  7.81220E-01  7.78517E-01  3.45535E-03
    5536.899    561.207  12.200  7.71334E-01  7.76752E-01 -6.94337E-03
    5541.556    565.864  12.250  7.62139E-01  7.74986E-01 -1.65042E-02
    5546.233    570.541  12.300  7.54769E-01  7.73220E-01 -2.37606E-02
    5550.929    575.237  12.350  7.50066E-01  7.71454E-01 -2.76080E-02
    5555.644    579.952  12.400  7.48437E-01  7.69689E-01 -2.74961E-02
    5560.378    584.686  12.450  7.49797E-01  7.67923E-01 -2.35074E-02
    5565.131    589.439  12.500  7.53610E-01  7.66157E-01 -1.63113E-02
    5569.903    594.211  12.550  7.59011E-01  7.64391E-01 -7.01124E-03
    5574.694    599.002  12.600  7.64977E-01  7.62626E-01  3.07176E-03
    5579.504    603.812  12.650  7.70506E-01  7.60860E-01  1.26299E-02
    5584.333    608.641  12.700  7.74761E-01  7.59094E-01  2.05630E-02
    5589.181    613.489  12.750  7.77169E-01  7.57329E-01  2.61043E-02
    5594.048    618.356  12.800  7.77448E-01  7.55563E-01  2.88648E-02
    5598.935    623.243  12.850  7.75585E-01  7.53797E-01  2.88054E-02
    5603.840    628.148  12.900  7.71771E-01  7.52031E-01  2.61621E-02
    5608.765    633.072  12.950  7.66339E-01  7.50266E-01  2.13542E-02
    5613.708    638.016  13.000  7.59691E-01  7.48500E-01  1.49039E-02
    5618.670    642.978  13.050  7.52293E-01  7.46807E-01  7.32333E-03
    5623.652    647.960  13.100  7.44583E-01  7.45113E-01 -7.09595E-04
    5628.653    652.961  13.150  7.37017E-01  7.43420E-01 -8.58737E-03
    5633.672    657.980  13.200  7.30037E-01  7.41726E-01 -1.57136E-02
    5638.711    663.019  13.250  7.24061E-01  7.40033E-01 -2.15208E-02
    5643.769    668.077  13.300  7.19454E-01  7.38340E-01 -2.55066E-02
    5648.846    673.154  13.350  7.16488E-01  7.36646E-01 -2.72894E-02
    5653.941    678.249  13.400  7.15297E-01  7.34953E-01 -2.66714E-02
    5659.056    683.364  13.450  7.15841E-01  7.33260E-01 -2.36913E-02
    5664.190    688.498  13.500  7.17888E-01  7.31566E-01 -1.86483E-02
    5669.343    693.651  13.550  7.21031E-01  7.29873E-01 -1.20835E-02
    5674.515    698.823  13.600  7.24736E-01  7.28180E-01 -4.71709E-03
    5679.706    704.014  13.650  7.28417E-01  7.26486E-01  2.65090E-03
    5684.917    709.225  13.700  7.31517E-01  7.24793E-01  9.25508E-03
    5690.146    714.454  13.750  7.33589E-01  7.23100E-01  1.44716E-02
    5695.394    719.702  13.800  7.34345E-01  7.21406E-01  1.78943E-02
    5700.661    724.969  13.850  7.33682E-01  7.19713E-01  1.93662E-02
    5705.948    730.256  13.900  7.31666E-01  7.18020E-01  1.89636E-02
    5711.253    735.561  13.950  7.28488E-01  7.16326E-01  1.69423E-02
    5716.577    740.885  14.000  7.24418E-01  7.14633E-01  1.36637E-02
    5721.921    746.229  14.050  7.19688E-01  7.12870E-01  9.54462E-03
    5727.284    751.592  14.100  7.14625E-01  7.11108E-01  4.93656E-03
    5732.665    756.973  14.150  7.09461E-01  7.09345E-01  1.62935E-04
    5738.066    762.374  14.200  7.04404E-01  7.07583E-01 -4.48335E-03
    5743.485    767.793  14.250  6.99658E-01  7.05820E-01 -8.71479E-03
    5748.924    773.232  14.300  6.95434E-01  7.04058E-01 -1.22267E-02
    5754.382    778.690  14.350  6.91958E-01  7.02295E-01 -1.46937E-02
    5759.859    784.167  14.400  6.89449E-01  7.00533E-01 -1.57946E-02
    5765.355    789.663  14.450  6.88085E-01  6.98770E-01 -1.52656E-02
    5770.870    795.178  14.500  6.87954E-01  6.97008E-01 -1.29693E-02
    5776.404    800.712  14.550  6.89005E-01  6.95245E-01 -8.96152E-03
    5781.957    806.265  14.600  6.91028E-01  6.93483E-01 -3.53426E-03
    5787.529    811.837  14.650  6.93648E-01  6.91720E-01  2.78264E-03
    5793.120    817.428  14.700  6.96362E-01  6.89958E-01  9.26841E-03
    5798.730    823.038  14.750  6.98604E-01  6.88195E-01  1.51035E-02
    5804.359    828.667  14.800  6.99830E-01  6.86433E-01  1.94914E-02
    5810.008    834.316  14.850  6.99606E-01  6.84670E-01  2.17860E-02
    5815.675    839.983  14.900  6.97678E-01  6.82908E-01  2.16011E-02
    5821.362    845.669  14.950  6.94018E-01  6.81145E-01  1.88765E-02
    5827.067    851.375  15.000  6.88832E-01  6.79383E-01  1.38918E-02
    5832.791    857.099  15.050  6.82509E-01  6.77612E-01  7.21868E-03
    5838.535    862.843  15.100  6.75610E-01  6.75842E-01 -3.42849E-04
    5844.298    868.606  15.150  6.68728E-01  6.74071E-01 -7.91927E-03
    5850.079    874.387  15.200  6.62429E-01  6.72301E-01 -1.46708E-02
    5855.880    880.188  15.250  6.57179E-01  6.70530E-01 -1.98953E-02
    5861.700    886.008  15.300  6.53299E-01  6.68760E-01 -2.31013E-02
    5867.538    891.846  15.350  6.50942E-01  6.66989E-01 -2.40432E-02
    5873.396    897.704  15.400  6.50096E-01  6.65218E-01 -2.27203E-02
    5879.273    903.581  15.450  6.50605E-01  6.63448E-01 -1.93485E-02
    5885.169    909.477  15.500  6.52201E-01  6.61677E-01 -1.43158E-02
    5891.084    915.392  15.550  6.54539E-01  6.59907E-01 -8.13085E-03
    5897.018    921.326  15.600  6.57232E-01  6.58136E-01 -1.37352E-03
    5902.971    927.279  15.650  6.59878E-01  6.56366E-01  5.34996E-03
    5908.943    933.251  15.700  6.62090E-01  6.54595E-01  1.14477E-02
    5914.935    939.243  15.750  6.63519E-01  6.52825E-01  1.63812E-02
    5920.945    945.253  15.800  6.63883E-01  6.51054E-01  1.97045E-02
    5926.974    951.282  15.850  6.62985E-01  6.49284E-01  2.11048E-02
    5933.023    957.331  15.900  6.60746E-01  6.47513E-01  2.04395E-02
    5939.090    963.398  15.950  6.57212E-01  6.45742E-01  1.77653E-02
    5945.176    969.484  16.000  6.52566E-01  6.43972E-01  1.33495E-02
    5951.282    975.590  16.050  6.47157E-01  6.42253E-01  7.63859E-03
    5957.406    981.714  16.100  6.41344E-01  6.40534E-01  1.26600E-03
    5963.550    987.858  16.150  6.35591E-01  6.38815E-01 -5.04748E-03
    5969.713    994.021  16.200  6.30359E-01  6.37095E-01 -1.05777E-02
    5975.894   1000.202  16.250  6.26046E-01  6.35376E-01 -1.46921E-02
    5982.095   1006.403  16.300  6.22930E-01  6.33657E-01 -1.69371E-02
    5988.315   1012.623  16.350  6.21138E-01  6.31938E-01 -1.70998E-02
    5994.554   1018.862  16.400  6.20622E-01  6.30219E-01 -1.52365E-02
    6000.812   1025.120  16.450  6.21177E-01  6.28500E-01 -1.16580E-02
    6007.089   1031.397  16.500  6.22473E-01  6.26781E-01 -6.87822E-03
    6013.385   1037.693  16.550  6.24104E-01  6.25062E-01 -1.53274E-03
    6019.700   1044.008  16.600  6.25657E-01  6.23343E-01  3.71569E-03
    6026.034   1050.342  16.650  6.26760E-01  6.21624E-01  8.26870E-03
    6032.387   1056.695  16.700  6.27130E-01  6.19905E-01  1.16650E-02
    6038.759   1063.067  16.750  6.26601E-01  6.18186E-01  1.36239E-02
    6045.150   1069.458  16.800  6.25124E-01  6.16466E-01  1.40554E-02
    6051.561   1075.869  16.850  6.22758E-01  6.14747E-01  1.30416E-02
    6057.990   1082.298  16.900  6.19641E-01  6.13028E-01  1.07968E-02
    6064.438   1088.746  16.950  6.15962E-01  6.11309E-01  7.61913E-03
    6070.906   1095.214  17.000  6.11932E-01  6.09590E-01  3.84557E-03
    6077.392   1101.700  17.050  6.07758E-01  6.07880E-01 -2.01890E-04
    6083.898   1108.206  17.100  6.03632E-01  6.06171E-01 -4.19208E-03
    6090.422   1114.730  17.150  5.99741E-01  6.04461E-01 -7.81688E-03
    6096.966   1121.274  17.200  5.96251E-01  6.02751E-01 -1.07955E-02
    6103.529   1127.837  17.250  5.93308E-01  6.01042E-01 -1.28819E-02
    6110.111   1134.419  17.300  5.91023E-01  5.99332E-01 -1.38789E-02
    6116.711   1141.019  17.350  5.89469E-01  5.97623E-01 -1.36591E-02
    6123.331   1147.639  17.400  5.88657E-01  5.95913E-01 -1.21897E-02
    6129.970   1154.278  17.450  5.88533E-01  5.94203E-01 -9.55406E-03
    6136.628   1160.936  17.500  5.88965E-01  5.92494E-01 -5.96192E-03
    6143.305   1167.613  17.550  5.89757E-01  5.90784E-01 -1.74099E-03
    6150.001   1174.309  17.600  5.90658E-01  5.89074E-01  2.69240E-03
    6156.716   1181.024  17.650  5.91402E-01  5.87365E-01  6.88156E-03
    6163.450   1187.758  17.700  5.91731E-01  5.85655E-01  1.03887E-02
    6170.203   1194.511  17.750  5.91442E-01  5.83945E-01  1.28539E-02
    6176.976   1201.284  17.800  5.90401E-01  5.82236E-01  1.40428E-02
    6183.767   1208.075  17.850  5.88568E-01  5.80526E-01  1.38721E-02
    6190.577   1214.885  17.900  5.85990E-01  5.78816E-01  1.24110E-02
    6197.407   1221.715  17.950  5.82788E-01  5.77107E-01  9.85839E-03
    6204.255   1228.563  18.000  5.79135E-01  5.75397E-01  6.50508E-03
    6211.123   1235.431  18.050  5.75285E-01  5.73744E-01  2.68945E-03
    6218.009   1242.317  18.100  5.71372E-01  5.72092E-01 -1.25940E-03
    6224.915   1249.223  18.150  5.67584E-01  5.70439E-01 -5.01232E-03
    6231.839   1256.147  18.200  5.64087E-01  5.68786E-01 -8.27285E-03
    6238.783   1263.091  18.250  5.61026E-01  5.67134E-01 -1.07839E-02
    6245.746   1270.054  18.300  5.58517E-01  5.65481E-01 -1.23318E-02
    6252.728   1277.036  18.350  5.56647E-01  5.63829E-01 -1.27549E-02
    6259.729   1284.037  18.400  5.55461E-01  5.62176E-01 -1.19602E-02
    6266.748   1291.056  18.450  5.54954E-01  5.60523E-01 -9.94843E-03
    6273.787   1298.095  18.500  5.55053E-01  5.58871E-01 -6.84002E-03
    6280.845   1305.153  18.550  5.55608E-01  5.57218E-01 -2.89273E-03
    6287.922   1312.230  18.600  5.56398E-01  5.55565E-01  1.50064E-03
    6295.018   1319.326  18.650  5.57144E-01  5.53913E-01  5.84190E-03
    6302.134   1326.442  18.700  5.57547E-01  5.52260E-01  9.58611E-03
    6309.268   1333.576  18.750  5.57328E-01  5.50607E-01  1.22219E-02
    6316.421   1340.729  18.800  5.56279E-01  5.48955E-01  1.33593E-02
    6323.593   1347.901  18.850  5.54301E-01  5.47302E-01  1.28060E-02
    6330.785   1355.093  18.900  5.51433E-01  5.45649E-01  1.06129E-02
    6337.995   1362.303  18.950  5.47842E-01  5.43997E-01  7.07754E-03
    6345.225   1369.533  19.000  5.43806E-01  5.42344E-01  2.69947E-03
    6352.473   1376.781  19.050  5.39721E-01  5.40752E-01 -1.90890E-03
    6359.741   1384.049  19.100  5.35868E-01  5.39161E-01 -6.11405E-03
    6367.027   1391.335  19.150  5.32536E-01  5.37569E-01 -9.37421E-03
    6374.333   1398.641  19.200  5.29916E-01  5.35977E-01 -1.13237E-02
    6381.657   1405.965  19.250  5.28079E-01  5.34386E-01 -1.18175E-02
    6389.001   1413.309  19.300  5.26978E-01  5.32794E-01 -1.09298E-02
    6396.364   1420.672  19.350  5.26474E-01  5.31202E-01 -8.91153E-03
    6403.746   1428.054  19.400  5.26373E-01  5.29611E-01 -6.12014E-03
    6411.147   1435.455  19.450  5.26467E-01  5.28019E-01 -2.94316E-03
    6418.567   1442.875  19.500  5.26568E-01  5.26427E-01  2.66959E-04
    6426.006   1450.314  19.550  5.26530E-01  5.24835E-01  3.23238E-03
    6433.464   1457.772  19.600  5.26254E-01  5.23244E-01  5.75973E-03
    6440.941   1465.249  19.650  5.25677E-01  5.21652E-01  7.72546E-03
    6448.437   1472.745  19.700  5.24761E-01  5.20060E-01  9.04865E-03
    6455.952   1480.260  19.750  5.23474E-01  5.18469E-01  9.66633E-03
    6463.486   1487.794  19.800  5.21793E-01  5.16877E-01  9.52287E-03
    6471.040   1495.348  19.850  5.19701E-01  5.15285E-01  8.57923E-03
    6478.612   1502.920  19.900  5.17202E-01  5.13694E-01  6.83866E-03
    6486.203   1510.511  19.950  5.14342E-01  5.12102E-01  4.37866E-03
    6493.814   1518.122  20.000  5.11212E-01  5.10510E-01  1.37523E-03
