ATOMS
  *       x         y         z    ipot  Atom      Distance    Number
**********-  ********  ********  ******  ******  **********  ********
    0         0         0             0  Pt         0               0
   -1.12095  -1.12095  -1.12095       1  O          1.94154         2
   -1.12095   1.12095   1.12095       1  O          1.94154        56
    1.12095  -1.12095   1.12095       1  O          1.94154        85
    1.12095   1.12095  -1.12095       1  O          1.94154       104
   -3.36284  -1.12095   1.12095       1  O          3.71776        18
   -1.12095  -1.12095   3.36284       1  O          3.71776        19
   -1.12095  -3.36284   1.12095       1  O          3.71776        21
   -1.12095   3.36284  -1.12095       1  O          3.71776        34
   -3.36284   1.12095  -1.12095       1  O          3.71776        35
   -1.12095   1.12095  -3.36284       1  O          3.71776        36
    1.12095  -1.12095  -3.36284       1  O          3.71776        65
    3.36284  -1.12095  -1.12095       1  O          3.71776        66
    1.12095  -3.36284  -1.12095       1  O          3.71776        67
    1.12095   3.36284   1.12095       1  O          3.71776       126
    1.12095   1.12095   3.36284       1  O          3.71776       128
    3.36284   1.12095   1.12095       1  O          3.71776       129
   -2.24189  -2.24189  -2.24189       2  Pt         3.88307         5
   -2.24189  -2.24189   2.24189       2  Pt         3.88307        22
   -2.24189   2.24189  -2.24189       2  Pt         3.88307        37
   -2.24189   2.24189   2.24189       2  Pt         3.88307        57
    2.24189  -2.24189  -2.24189       2  Pt         3.88307        69
    2.24189  -2.24189   2.24189       2  Pt         3.88307        89
    2.24189   2.24189  -2.24189       2  Pt         3.88307       106
    2.24189   2.24189   2.24189       2  Pt         3.88307       130
   -4.48378   0         0             2  Pt         4.48378        58
    0        -4.48378   0             2  Pt         4.48378        90
    0         0        -4.48378       2  Pt         4.48378       107
    4.48378   0         0             2  Pt         4.48378       116
    0         4.48378   0             2  Pt         4.48378       121
    0         0         4.48378       2  Pt         4.48378       125
   -3.36284  -1.12095  -3.36284       1  O          4.88609         1
   -3.36284  -3.36284  -1.12095       1  O          4.88609         3
   -1.12095  -3.36284  -3.36284       1  O          4.88609         4
   -3.36284   3.36284   1.12095       1  O          4.88609        53
   -1.12095   3.36284   3.36284       1  O          4.88609        54
   -3.36284   1.12095   3.36284       1  O          4.88609        55
    3.36284  -1.12095   3.36284       1  O          4.88609        86
    1.12095  -3.36284   3.36284       1  O          4.88609        87
    3.36284  -3.36284   1.12095       1  O          4.88609        88
    1.12095   3.36284  -3.36284       1  O          4.88609       102
    3.36284   3.36284  -1.12095       1  O          4.88609       103
    3.36284   1.12095  -3.36284       1  O          4.88609       105
   -1.12095  -1.12095  -5.60473       1  O          5.82461         6
   -1.12095  -5.60473  -1.12095       1  O          5.82461        10
   -5.60473  -1.12095  -1.12095       1  O          5.82461        12
   -3.36284  -3.36284   3.36284       1  O          5.82461        20
   -3.36284   3.36284  -3.36284       1  O          5.82461        33
   -1.12095   5.60473   1.12095       1  O          5.82461        46
   -1.12095   1.12095   5.60473       1  O          5.82461        50
   -5.60473   1.12095   1.12095       1  O          5.82461        60
    3.36284  -3.36284  -3.36284       1  O          5.82461        68
    5.60473  -1.12095   1.12095       1  O          5.82461        77
    1.12095  -1.12095   5.60473       1  O          5.82461        81
    1.12095  -5.60473   1.12095       1  O          5.82461        91
    5.60473   1.12095  -1.12095       1  O          5.82461        95
    1.12095   5.60473  -1.12095       1  O          5.82461        98
    1.12095   1.12095  -5.60473       1  O          5.82461       109
    3.36284   3.36284   3.36284       1  O          5.82461       127
   -4.48378  -4.48378   0             2  Pt         6.34103        23
   -4.48378   0        -4.48378       2  Pt         6.34103        38
   -4.48378   4.48378   0             2  Pt         6.34103        48
   -4.48378   0         4.48378       2  Pt         6.34103        52
    0        -4.48378  -4.48378       2  Pt         6.34103        70
    4.48378  -4.48378   0             2  Pt         6.34103        80
    0        -4.48378   4.48378       2  Pt         6.34103        84
    4.48378   0        -4.48378       2  Pt         6.34103        97
    0         4.48378  -4.48378       2  Pt         6.34103       101
    4.48378   4.48378   0             2  Pt         6.34103       111
    4.48378   0         4.48378       2  Pt         6.34103       112
    0         4.48378   4.48378       2  Pt         6.34103       117
   -3.36284  -1.12095   5.60473       1  O          6.6316         15
   -1.12095  -3.36284   5.60473       1  O          6.6316         16
   -3.36284  -5.60473   1.12095       1  O          6.6316         24
   -1.12095  -5.60473   3.36284       1  O          6.6316         25
   -5.60473  -1.12095   3.36284       1  O          6.6316         27
   -5.60473  -3.36284   1.12095       1  O          6.6316         28
   -3.36284   5.60473  -1.12095       1  O          6.6316         30
   -1.12095   5.60473  -3.36284       1  O          6.6316         31
   -1.12095   3.36284  -5.60473       1  O          6.6316         39
   -3.36284   1.12095  -5.60473       1  O          6.6316         40
   -5.60473   3.36284  -1.12095       1  O          6.6316         42
   -5.60473   1.12095  -3.36284       1  O          6.6316         43
    5.60473  -1.12095  -3.36284       1  O          6.6316         62
    5.60473  -3.36284  -1.12095       1  O          6.6316         63
    3.36284  -1.12095  -5.60473       1  O          6.6316         71
    1.12095  -3.36284  -5.60473       1  O          6.6316         72
    1.12095  -5.60473  -3.36284       1  O          6.6316         74
    3.36284  -5.60473  -1.12095       1  O          6.6316         75
    5.60473   3.36284   1.12095       1  O          6.6316        113
    5.60473   1.12095   3.36284       1  O          6.6316        114
    1.12095   5.60473   3.36284       1  O          6.6316        118
    3.36284   5.60473   1.12095       1  O          6.6316        119
    1.12095   3.36284   5.60473       1  O          6.6316        122
    3.36284   1.12095   5.60473       1  O          6.6316        123
   -3.36284  -3.36284  -5.60473       1  O          7.35053         7
   -3.36284  -5.60473  -3.36284       1  O          7.35053         9
   -5.60473  -3.36284  -3.36284       1  O          7.35053        13
   -3.36284   5.60473   3.36284       1  O          7.35053        45
   -3.36284   3.36284   5.60473       1  O          7.35053        49
   -5.60473   3.36284   3.36284       1  O          7.35053        59
    5.60473  -3.36284   3.36284       1  O          7.35053        78
    3.36284  -3.36284   5.60473       1  O          7.35053        82
    3.36284  -5.60473   3.36284       1  O          7.35053        92
    5.60473   3.36284  -3.36284       1  O          7.35053        94
    3.36284   5.60473  -3.36284       1  O          7.35053        99
    3.36284   3.36284  -5.60473       1  O          7.35053       108
   -2.24189  -2.24189  -6.72567       2  Pt         7.43551         8
   -2.24189  -6.72567  -2.24189       2  Pt         7.43551        11
   -6.72567  -2.24189  -2.24189       2  Pt         7.43551        14
   -2.24189  -2.24189   6.72567       2  Pt         7.43551        17
   -2.24189  -6.72567   2.24189       2  Pt         7.43551        26
   -6.72567  -2.24189   2.24189       2  Pt         7.43551        29
   -2.24189   6.72567  -2.24189       2  Pt         7.43551        32
   -2.24189   2.24189  -6.72567       2  Pt         7.43551        41
   -6.72567   2.24189  -2.24189       2  Pt         7.43551        44
   -2.24189   6.72567   2.24189       2  Pt         7.43551        47
   -2.24189   2.24189   6.72567       2  Pt         7.43551        51
   -6.72567   2.24189   2.24189       2  Pt         7.43551        61
    6.72567  -2.24189  -2.24189       2  Pt         7.43551        64
    2.24189  -2.24189  -6.72567       2  Pt         7.43551        73
    2.24189  -6.72567  -2.24189       2  Pt         7.43551        76
    6.72567  -2.24189   2.24189       2  Pt         7.43551        79
    2.24189  -2.24189   6.72567       2  Pt         7.43551        83
    2.24189  -6.72567   2.24189       2  Pt         7.43551        93
    6.72567   2.24189  -2.24189       2  Pt         7.43551        96
    2.24189   6.72567  -2.24189       2  Pt         7.43551       100
    2.24189   2.24189  -6.72567       2  Pt         7.43551       110
    6.72567   2.24189   2.24189       2  Pt         7.43551       115
    2.24189   6.72567   2.24189       2  Pt         7.43551       120
    2.24189   2.24189   6.72567       2  Pt         7.43551       124
END
