# comment: None given                          Feff8L (EXAFS)       0.1      
# Source:
# Structure Summary:  Pt2 O4
# Reduced formula:  PtO2
# space group: (Pn-3m), space number:  (224)
# abc:  4.483783   4.483783   4.483783
# angles: 90.000000  90.000000  90.000000
# sites: 6
# mp-20119
# POT  Non-SCF, core-hole, AFOLP (folp(0)= 1.150)
# Abs   Z=78 Rmt= 1.262 Rnm= 1.415 L3 shell
# Pot 1 Z= 8 Rmt= 0.968 Rnm= 1.088
# Pot 2 Z=78 Rmt= 1.267 Rnm= 1.427
# Gam_ch=5.171E+00 H-L exch
# Mu= 5.496E+00 kf=2.289E+00 Vint=-1.447E+01 Rs_int= 1.584
# PATH  Rmax= 6.000,  Keep_limit= 0.00, Heap_limit 0.00  Pwcrit= 2.50%
#  S02=1.000                                        Global_sig2= 0.00000
#  Curved wave amplitude ratio filter   4.000%
#     file         sig2 tot  cw amp ratio   deg  nlegs   reff  inp sig2
#           1       0.00000    100.00      4.00     2   1.9415
#           2       0.00000     17.79     12.00     3   3.5268
#           3       0.00000     54.95     12.00     2   3.7178
#           4       0.00000     46.25      8.00     2   3.8831
#           5       0.00000     63.62      8.00     3   3.8831
#           6       0.00000      8.10      4.00     4   3.8831
#           7       0.00000     40.94      4.00     4   3.8831
#           8       0.00000      6.08     12.00     4   3.8831
#           9       0.00000     12.02     48.00     3   4.4149
#          10       0.00000     24.11      6.00     2   4.4838
#          11       0.00000      4.55     24.00     3   4.7712
#          12       0.00000     23.15     12.00     2   4.8861
#          13       0.00000     22.22     24.00     3   4.9991
#          14       0.00000      7.34     24.00     3   5.0715
#          17       0.00000      5.70     12.00     4   5.1121
#          18       0.00000      9.37     12.00     4   5.1121
#          19       0.00000      5.47     24.00     3   5.3554
#          20       0.00000      7.33     24.00     3   5.3553
#          21       0.00000      5.32     24.00     4   5.3554
#          22       0.00000     11.12     24.00     4   5.3553
#          23       0.00000      5.47     24.00     4   5.4683
#          24       0.00000      4.13     24.00     4   5.4683
#          25       0.00000     11.13     24.00     5   5.4683
#          27       0.00000     10.01     24.00     3   5.5754
#          28       0.00000     10.27     24.00     4   5.6593
#          31       0.00000     16.75     16.00     2   5.8246
#          32       0.00000      4.63      8.00     3   5.8246
#          33       0.00000     20.11      8.00     3   5.8246
#          34       0.00000      8.85      8.00     4   5.8246
#          36       0.00000     25.41      4.00     4   5.8246
#    30/  33 paths used
#  -----------------------------------------------------------------------
#       k          chi          mag           phase @#
     0.0500    3.181607E-03  3.850665E-01  3.133330E+00
     0.1000    1.658686E-03  3.848095E-01  3.137282E+00
     0.1500   -2.879276E-03  3.840389E-01  3.149090E+00
     0.2000   -7.406575E-03  3.832506E-01  3.160920E+00
     0.2500   -1.490552E-02  3.819301E-01  3.180629E+00
     0.3000   -2.236651E-02  3.805612E-01  3.200399E+00
     0.3500   -3.296974E-02  3.785746E-01  3.228792E+00
     0.4000   -4.346634E-02  3.764953E-01  3.257301E+00
     0.4500   -5.640158E-02  3.738758E-01  3.293027E+00
     0.5000   -6.912152E-02  3.711055E-01  3.328945E+00
     0.5500   -8.427656E-02  3.676748E-01  3.372864E+00
     0.6000   -9.901517E-02  3.640231E-01  3.417066E+00
     0.6500   -1.157527E-01  3.596332E-01  3.469289E+00
     0.7000   -1.317573E-01  3.549407E-01  3.521904E+00
     0.7500   -1.491580E-01  3.494142E-01  3.582633E+00
     0.8000   -1.653639E-01  3.434909E-01  3.643868E+00
     0.8500   -1.821317E-01  3.366130E-01  3.713303E+00
     0.9000   -1.970815E-01  3.292326E-01  3.783356E+00
     0.9500   -2.115404E-01  3.207633E-01  3.861734E+00
     1.0000   -2.234138E-01  3.116780E-01  3.940809E+00
     1.0500   -2.334840E-01  3.013212E-01  4.028098E+00
     1.1000   -2.401452E-01  2.902339E-01  4.116090E+00
     1.1500   -2.436922E-01  2.777115E-01  4.212219E+00
     1.2000   -2.431314E-01  2.643606E-01  4.308898E+00
     1.2500   -2.383627E-01  2.494308E-01  4.413372E+00
     1.3000   -2.292089E-01  2.336122E-01  4.517924E+00
     1.3500   -2.153707E-01  2.161159E-01  4.629322E+00
     1.4000   -1.976706E-01  1.977438E-01  4.739605E+00
     1.4500   -1.759080E-01  1.776998E-01  4.854516E+00
     1.5000   -1.519275E-01  1.569154E-01  4.965202E+00
     1.5500   -1.258995E-01  1.346311E-01  5.074519E+00
     1.6000   -1.004642E-01  1.119764E-01  5.169819E+00
     1.6500   -7.632320E-02  8.846020E-02  5.242409E+00
     1.7000   -5.626131E-02  6.573396E-02  5.255908E+00
     1.7500   -4.129950E-02  4.506041E-02  5.123853E+00
     1.8000   -3.345984E-02  3.347667E-02  4.680680E+00
     1.8500   -3.355246E-02  3.997599E-02  4.137615E+00
     1.9000   -4.184371E-02  5.841092E-02  3.940175E+00
     1.9500   -5.825538E-02  8.080774E-02  3.946712E+00
     2.0000   -8.067811E-02  1.032523E-01  4.038448E+00
     2.0500   -1.083280E-01  1.258231E-01  4.178736E+00
     2.1000   -1.364418E-01  1.464363E-01  4.340790E+00
     2.1500   -1.614314E-01  1.646330E-01  4.514852E+00
     2.2000   -1.800715E-01  1.800961E-01  4.695871E+00
     2.2500   -1.906072E-01  1.938797E-01  4.896383E+00
     2.3000   -1.890158E-01  2.040955E-01  5.099206E+00
     2.3500   -1.750456E-01  2.106737E-01  5.302490E+00
     2.4000   -1.500261E-01  2.136551E-01  5.504719E+00
     2.4500   -1.134186E-01  2.140016E-01  5.724598E+00
     2.5000   -7.086959E-02  2.103700E-01  5.939583E+00
     2.5500   -2.750574E-02  2.032403E-01  6.147433E+00
     2.6000    1.205356E-02  1.932485E-01  6.345599E+00
     2.6500    4.417217E-02  1.786412E-01  6.533044E+00
     2.7000    6.646655E-02  1.638693E-01  6.700828E+00
     2.7500    8.029693E-02  1.500549E-01  6.847832E+00
     2.8000    8.815125E-02  1.381134E-01  6.975411E+00
     2.8500    9.389889E-02  1.293577E-01  7.095507E+00
     2.9000    9.750372E-02  1.222510E-01  7.206441E+00
     2.9500    1.000963E-01  1.168160E-01  7.312356E+00
     3.0000    1.023048E-01  1.128678E-01  7.417896E+00
     3.0500    1.049675E-01  1.106977E-01  7.530819E+00
     3.1000    1.070938E-01  1.093715E-01  7.649540E+00
     3.1500    1.082022E-01  1.085330E-01  7.775878E+00
     3.2000    1.076636E-01  1.078350E-01  7.910371E+00
     3.2500    1.049674E-01  1.071916E-01  8.058048E+00
     3.3000    9.932192E-02  1.061024E-01  8.213419E+00
     3.3500    9.052151E-02  1.043728E-01  8.375045E+00
     3.4000    7.875455E-02  1.018841E-01  8.541250E+00
     3.4500    6.424601E-02  9.870508E-02  8.716024E+00
     3.5000    4.806287E-02  9.466749E-02  8.892263E+00
     3.5500    3.135972E-02  8.981127E-02  9.068089E+00
     3.6000    1.535602E-02  8.422203E-02  9.241425E+00
     3.6500    9.842737E-04  7.786726E-02  9.412137E+00
     3.7000   -1.059747E-02  7.099253E-02  9.574614E+00
     3.7500   -1.884023E-02  6.379974E-02  9.724550E+00
     3.8000   -2.364184E-02  5.654442E-02  9.856143E+00
     3.8500   -2.521769E-02  4.935907E-02  9.961013E+00
     3.9000   -2.428587E-02  4.288061E-02  1.002686E+01
     3.9500   -2.188966E-02  3.772313E-02  1.004384E+01
     4.0000   -1.920348E-02  3.458009E-02  1.001354E+01
     4.0500   -1.715750E-02  3.400515E-02  9.953646E+00
     4.1000   -1.697718E-02  3.605926E-02  9.914990E+00
     4.1500   -1.931547E-02  4.004654E-02  9.928085E+00
     4.2000   -2.436196E-02  4.509756E-02  9.995459E+00
     4.2500   -3.193493E-02  5.081022E-02  1.010442E+01
     4.3000   -4.133733E-02  5.643885E-02  1.024666E+01
     4.3500   -5.142529E-02  6.162319E-02  1.041202E+01
     4.4000   -6.084594E-02  6.612199E-02  1.059339E+01
     4.4500   -6.856534E-02  7.008884E-02  1.078669E+01
     4.5000   -7.309345E-02  7.309538E-02  1.098832E+01
     4.5500   -7.357407E-02  7.506865E-02  1.119545E+01
     4.6000   -6.967110E-02  7.597924E-02  1.140594E+01
     4.6500   -6.178257E-02  7.609247E-02  1.161890E+01
     4.7000   -5.037180E-02  7.517081E-02  1.183203E+01
     4.7500   -3.658498E-02  7.328648E-02  1.204369E+01
     4.8000   -2.179711E-02  7.054411E-02  1.225224E+01
     4.8500   -7.393049E-03  6.726245E-02  1.245623E+01
     4.9000    5.510988E-03  6.341049E-02  1.265339E+01
     4.9500    1.608523E-02  5.917573E-02  1.284166E+01
     5.0000    2.394541E-02  5.476209E-02  1.301892E+01
     5.0500    2.924923E-02  5.057403E-02  1.318307E+01
     5.1000    3.236185E-02  4.664728E-02  1.333306E+01
     5.1500    3.389131E-02  4.316664E-02  1.346927E+01
     5.2000    3.446786E-02  4.025995E-02  1.359411E+01
     5.2500    3.481575E-02  3.817160E-02  1.371471E+01
     5.3000    3.499203E-02  3.664208E-02  1.383592E+01
     5.3500    3.498079E-02  3.551450E-02  1.396358E+01
     5.4000    3.455962E-02  3.458161E-02  1.410150E+01
     5.4500    3.342975E-02  3.366555E-02  1.425559E+01
     5.5000    3.121850E-02  3.251378E-02  1.442038E+01
     5.5500    2.783092E-02  3.099410E-02  1.459289E+01
     5.6000    2.343264E-02  2.903574E-02  1.476886E+01
     5.6500    1.837880E-02  2.657143E-02  1.494416E+01
     5.7000    1.338503E-02  2.369239E-02  1.510759E+01
     5.7500    9.147734E-03  2.053965E-02  1.524638E+01
     5.8000    6.232928E-03  1.735975E-02  1.534072E+01
     5.8500    5.006362E-03  1.457808E-02  1.535741E+01
     5.9000    5.362194E-03  1.289278E-02  1.527902E+01
     5.9500    6.809955E-03  1.295115E-02  1.515429E+01
     6.0000    8.563534E-03  1.472134E-02  1.508714E+01
     6.0500    9.740517E-03  1.769772E-02  1.512514E+01
     6.1000    9.398176E-03  2.105416E-02  1.524525E+01
     6.1500    6.977471E-03  2.434106E-02  1.541723E+01
     6.2000    2.373109E-03  2.728378E-02  1.562087E+01
     6.2500   -4.028190E-03  2.970977E-02  1.584397E+01
     6.3000   -1.142434E-02  3.151159E-02  1.607896E+01
     6.3500   -1.877002E-02  3.262985E-02  1.632086E+01
     6.4000   -2.500181E-02  3.304503E-02  1.656606E+01
     6.4500   -2.926161E-02  3.277281E-02  1.681163E+01
     6.5000   -3.106583E-02  3.186080E-02  1.705490E+01
     6.5500   -3.045592E-02  3.046040E-02  1.729591E+01
     6.6000   -2.770832E-02  2.858622E-02  1.752723E+01
     6.6500   -2.355863E-02  2.637189E-02  1.774487E+01
     6.7000   -1.886363E-02  2.397767E-02  1.794408E+01
     6.7500   -1.439389E-02  2.158759E-02  1.811969E+01
     6.8000   -1.066928E-02  1.940142E-02  1.826728E+01
     6.8500   -7.876016E-03  1.761346E-02  1.838597E+01
     6.9000   -5.880481E-03  1.636921E-02  1.848210E+01
     6.9500   -4.328214E-03  1.570850E-02  1.857041E+01
     7.0000   -2.794037E-03  1.553581E-02  1.866873E+01
     7.0500   -1.049656E-03  1.590220E-02  1.878350E+01
     7.1000    1.298705E-03  1.638427E-02  1.892890E+01
     7.1500    4.175556E-03  1.676357E-02  1.910129E+01
     7.2000    7.257244E-03  1.688476E-02  1.929384E+01
     7.2500    1.007493E-02  1.665532E-02  1.949921E+01
     7.3000    1.216037E-02  1.603692E-02  1.971022E+01
     7.3500    1.319023E-02  1.503754E-02  1.991946E+01
     7.4000    1.308647E-02  1.370720E-02  2.011826E+01
     7.4500    1.204414E-02  1.213929E-02  2.029506E+01
     7.5000    1.047922E-02  1.048011E-02  2.043339E+01
     7.5500    9.028913E-03  9.079332E-03  2.052579E+01
     7.6000    7.943038E-03  8.009035E-03  2.054882E+01
     7.6500    7.534544E-03  7.567461E-03  2.051366E+01
     7.7000    7.882823E-03  7.896128E-03  2.047841E+01
     7.7500    8.811395E-03  8.841078E-03  2.050232E+01
     7.8000    9.938530E-03  1.009773E-02  2.059816E+01
     7.8500    1.078539E-02  1.139954E-02  2.075010E+01
     7.9000    1.091030E-02  1.256520E-02  2.093940E+01
     7.9500    1.003106E-02  1.348110E-02  2.115199E+01
     8.0000    8.101576E-03  1.408102E-02  2.137811E+01
     8.0500    5.284654E-03  1.430166E-02  2.161266E+01
     8.1000    2.043483E-03  1.417796E-02  2.184651E+01
     8.1500   -1.142881E-03  1.373467E-02  2.207446E+01
     8.2000   -3.844584E-03  1.302196E-02  2.229085E+01
     8.2500   -5.787908E-03  1.211646E-02  2.248917E+01
     8.3000   -6.914387E-03  1.112311E-02  2.266196E+01
     8.3500   -7.376772E-03  1.017540E-02  2.280213E+01
     8.4000   -7.474942E-03  9.426297E-03  2.290685E+01
     8.4500   -7.551983E-03  9.016246E-03  2.298402E+01
     8.5000   -7.881696E-03  9.016276E-03  2.305486E+01
     8.5500   -8.587454E-03  9.403265E-03  2.314232E+01
     8.6000   -9.609821E-03  1.005118E-02  2.326450E+01
     8.6500   -1.069568E-02  1.079862E-02  2.342376E+01
     8.7000   -1.148662E-02  1.150246E-02  2.361443E+01
     8.7500   -1.162775E-02  1.205452E-02  2.382883E+01
     8.8000   -1.087738E-02  1.238088E-02  2.405990E+01
     8.8500   -9.185840E-03  1.243685E-02  2.430175E+01
     8.9000   -6.720911E-03  1.220233E-02  2.454943E+01
     8.9500   -3.832818E-03  1.167845E-02  2.479835E+01
     9.0000   -9.686214E-04  1.088534E-02  2.504364E+01
     9.0500    1.453530E-03  9.897941E-03  2.528013E+01
     9.1000    3.121094E-03  8.736951E-03  2.549804E+01
     9.1500    3.921061E-03  7.484388E-03  2.568416E+01
     9.2000    3.960848E-03  6.258015E-03  2.581807E+01
     9.2500    3.528948E-03  5.230506E-03  2.587328E+01
     9.3000    3.007350E-03  4.629740E-03  2.583976E+01
     9.3500    2.761010E-03  4.626123E-03  2.577229E+01
     9.4000    3.035406E-03  5.147108E-03  2.576347E+01
     9.4500    3.890133E-03  5.943339E-03  2.584631E+01
     9.5000    5.185758E-03  6.790764E-03  2.600169E+01
     9.5500    6.682795E-03  7.584648E-03  2.621091E+01
     9.6000    7.934921E-03  8.198444E-03  2.644931E+01
     9.6500    8.584877E-03  8.584896E-03  2.670564E+01
     9.7000    8.405696E-03  8.719948E-03  2.697282E+01
     9.7500    7.362307E-03  8.596547E-03  2.724603E+01
     9.8000    5.620950E-03  8.221203E-03  2.752149E+01
     9.8500    3.505602E-03  7.611744E-03  2.779572E+01
     9.9000    1.414865E-03  6.795638E-03  2.806460E+01
     9.9500   -2.772671E-04  5.808894E-03  2.832208E+01
    10.0000   -1.310272E-03  4.696328E-03  2.855709E+01
    10.0500   -1.633403E-03  3.521811E-03  2.875661E+01
    10.1000   -1.261701E-03  2.344617E-03  2.884255E+01
    10.1500   -4.246144E-04  1.429676E-03  2.857588E+01
    10.2000    5.494434E-04  1.529476E-03  2.790688E+01
    10.2500    1.314851E-03  2.506336E-03  2.772208E+01
    10.3000    1.587198E-03  3.665700E-03  2.782653E+01
    10.3500    1.199784E-03  4.810572E-03  2.802227E+01
    10.4000    1.275686E-04  5.883704E-03  2.825265E+01
    10.4500   -1.522143E-03  6.862484E-03  2.849800E+01
    10.5000   -3.544189E-03  7.739124E-03  2.875003E+01
    10.5500   -5.681891E-03  8.514858E-03  2.900490E+01
    10.6000   -7.671516E-03  9.196884E-03  2.926091E+01
    10.6500   -9.275025E-03  9.795779E-03  2.951760E+01
    10.7000   -1.029777E-02  1.032293E-02  2.977531E+01
    10.7500   -1.059430E-02  1.078806E-02  3.003494E+01
    10.8000   -1.006957E-02  1.119722E-02  3.029778E+01
    10.8500   -8.683455E-03  1.155145E-02  3.056526E+01
    10.9000   -6.462868E-03  1.184647E-02  3.083888E+01
    10.9500   -3.520223E-03  1.207336E-02  3.112006E+01
    11.0000   -7.090399E-05  1.222012E-02  3.141012E+01
    11.0500    3.497546E-03  1.234973E-02  3.170306E+01
    11.1000    6.910697E-03  1.239486E-02  3.200735E+01
    11.1500    9.731750E-03  1.234269E-02  3.232423E+01
    11.2000    1.152172E-02  1.218582E-02  3.265506E+01
    11.2500    1.192375E-02  1.192504E-02  3.300144E+01
    11.3000    1.075231E-02  1.157183E-02  3.336533E+01
    11.3500    8.064456E-03  1.115084E-02  3.374907E+01
    11.4000    4.191181E-03  1.070189E-02  3.415512E+01
    11.4500   -2.863795E-04  1.028074E-02  3.458538E+01
    11.5000   -4.618798E-03  9.956483E-03  3.503991E+01
    11.5500   -8.016994E-03  9.802700E-03  3.551516E+01
    11.6000   -9.803562E-03  9.881118E-03  3.600294E+01
    11.6500   -9.554969E-03  1.022283E-02  3.649178E+01
    11.7000   -7.202485E-03  1.081831E-02  3.697059E+01
    11.7500   -3.067149E-03  1.162300E-02  3.743206E+01
    11.8000    2.182175E-03  1.257288E-02  3.787356E+01
    11.8500    7.641815E-03  1.359970E-02  3.829581E+01
    11.9000    1.233579E-02  1.464029E-02  3.870119E+01
    11.9500    1.539522E-02  1.564064E-02  3.909253E+01
    12.0000    1.621839E-02  1.655685E-02  3.947245E+01
    12.0500    1.455771E-02  1.731334E-02  3.984188E+01
    12.1000    1.065768E-02  1.793089E-02  4.020422E+01
    12.1500    5.081204E-03  1.839320E-02  4.056081E+01
    12.2000   -1.345675E-03  1.869129E-02  4.091276E+01
    12.2500   -7.680417E-03  1.882282E-02  4.126101E+01
    12.3000   -1.302286E-02  1.879139E-02  4.160638E+01
    12.3500   -1.665635E-02  1.860571E-02  4.194965E+01
    12.4000   -1.814746E-02  1.827873E-02  4.229158E+01
    12.4500   -1.739133E-02  1.782680E-02  4.263299E+01
    12.5000   -1.460132E-02  1.726876E-02  4.297473E+01
    12.5500   -1.025203E-02  1.662519E-02  4.331781E+01
    12.6000   -4.991613E-03  1.591774E-02  4.366333E+01
    12.6500    4.588617E-04  1.516866E-02  4.401255E+01
    12.7000    5.402790E-03  1.440055E-02  4.436689E+01
    12.7500    9.250508E-03  1.363635E-02  4.472784E+01
    12.8000    1.158044E-02  1.289939E-02  4.509693E+01
    12.8500    1.217678E-02  1.221350E-02  4.547554E+01
    12.9000    1.104429E-02  1.160274E-02  4.586461E+01
    12.9500    8.401326E-03  1.109057E-02  4.626438E+01
    13.0000    4.652422E-03  1.069791E-02  4.667397E+01
    13.0500    3.832764E-04  1.040338E-02  4.708704E+01
    13.1000   -3.810435E-03  1.024776E-02  4.750487E+01
    13.1500   -7.338497E-03  1.023053E-02  4.792383E+01
    13.2000   -9.697779E-03  1.034079E-02  4.834018E+01
    13.2500   -1.054172E-02  1.055832E-02  4.875077E+01
    13.3000   -9.733588E-03  1.085618E-02  4.915346E+01
    13.3500   -7.373341E-03  1.120397E-02  4.954719E+01
    13.4000   -3.790248E-03  1.157073E-02  4.993175E+01
    13.4500    5.012201E-04  1.192717E-02  5.030752E+01
    13.5000    4.878028E-03  1.224705E-02  5.067515E+01
    13.5500    8.706288E-03  1.250811E-02  5.103537E+01
    13.6000    1.144309E-02  1.269255E-02  5.138884E+01
    13.6500    1.272329E-02  1.278738E-02  5.173612E+01
    13.7000    1.241420E-02  1.278456E-02  5.207757E+01
    13.7500    1.062724E-02  1.268111E-02  5.241340E+01
    13.8000    7.684890E-03  1.247907E-02  5.274365E+01
    13.8500    4.050853E-03  1.218539E-02  5.306819E+01
    13.9000    2.395995E-04  1.181168E-02  5.338679E+01
    13.9500   -3.274552E-03  1.137378E-02  5.369911E+01
    14.0000   -6.129346E-03  1.089115E-02  5.400482E+01
    14.0500   -8.112077E-03  1.039141E-02  5.430278E+01
    14.1000   -9.172767E-03  9.893144E-03  5.459390E+01
    14.1500   -9.371390E-03  9.417682E-03  5.487868E+01
    14.2000   -8.838796E-03  8.984602E-03  5.515827E+01
    14.2500   -7.727303E-03  8.609898E-03  5.543462E+01
    14.3000   -6.173726E-03  8.304306E-03  5.571047E+01
    14.3500   -4.284211E-03  8.072319E-03  5.598921E+01
    14.4000   -2.142627E-03  7.912329E-03  5.627445E+01
    14.4500    1.635894E-04  7.818064E-03  5.656959E+01
    14.5000    2.512108E-03  7.780999E-03  5.687741E+01
    14.5500    4.723085E-03  7.793062E-03  5.719977E+01
    14.6000    6.557222E-03  7.848933E-03  5.753758E+01
    14.6500    7.740526E-03  7.947416E-03  5.789079E+01
    14.7000    8.013652E-03  8.091676E-03  5.825845E+01
    14.7500    7.195625E-03  8.288350E-03  5.863877E+01
    14.8000    5.246081E-03  8.545762E-03  5.902929E+01
    14.8500    2.308473E-03  8.871647E-03  5.942702E+01
    14.9000   -1.280262E-03  9.270934E-03  5.982880E+01
    14.9500   -5.021045E-03  9.744136E-03  6.023161E+01
    15.0000   -8.323052E-03  1.028668E-02  6.063290E+01
    15.0500   -1.057191E-02  1.085340E-02  6.103281E+01
    15.1000   -1.130532E-02  1.146456E-02  6.142792E+01
    15.1500   -1.027924E-02  1.210537E-02  6.181748E+01
    15.2000   -7.523697E-03  1.275999E-02  6.220125E+01
    15.2500   -3.351098E-03  1.341273E-02  6.257933E+01
    15.3000    1.685166E-03  1.404908E-02  6.295209E+01
    15.3500    6.874007E-03  1.465628E-02  6.332003E+01
    15.4000    1.145620E-02  1.522380E-02  6.368373E+01
    15.4500    1.474082E-02  1.574342E-02  6.404384E+01
    15.5000    1.620927E-02  1.620929E-02  6.440102E+01
    15.5500    1.559135E-02  1.661776E-02  6.475596E+01
    15.6000    1.290380E-02  1.696717E-02  6.510934E+01
    15.6500    8.448312E-03  1.725754E-02  6.546188E+01
    15.7000    2.771726E-03  1.749037E-02  6.581430E+01
    15.7500   -3.404353E-03  1.766832E-02  6.616734E+01
    15.8000   -9.275101E-03  1.779509E-02  6.652172E+01
    15.8500   -1.405457E-02  1.787524E-02  6.687818E+01
    15.9000   -1.707754E-02  1.791422E-02  6.723741E+01
    15.9500   -1.789049E-02  1.791841E-02  6.760008E+01
    16.0000   -1.632117E-02  1.789515E-02  6.796680E+01
    16.0500   -1.251350E-02  1.783636E-02  6.833744E+01
    16.1000   -6.951884E-03  1.776977E-02  6.871308E+01
    16.1500   -3.713834E-04  1.770526E-02  6.909406E+01
    16.2000    6.308845E-03  1.765331E-02  6.948049E+01
    16.2500    1.210641E-02  1.762465E-02  6.987226E+01
    16.3000    1.611967E-02  1.762949E-02  7.026896E+01
    16.3500    1.767443E-02  1.767667E-02  7.066994E+01
    16.4000    1.644834E-02  1.777258E-02  7.107430E+01
    16.4500    1.254746E-02  1.792026E-02  7.148098E+01
    16.5000    6.515489E-03  1.811858E-02  7.188879E+01
    16.5500   -7.333426E-04  1.836200E-02  7.229658E+01
    16.6000   -8.051855E-03  1.864067E-02  7.270329E+01
    16.6500   -1.424731E-02  1.894108E-02  7.310801E+01
    16.7000   -1.828588E-02  1.924701E-02  7.351007E+01
    16.7500   -1.947577E-02  1.954073E-02  7.390899E+01
    16.8000   -1.759305E-02  1.980421E-02  7.430449E+01
    16.8500   -1.292435E-02  2.002029E-02  7.469646E+01
    16.9000   -6.217147E-03  2.017360E-02  7.508494E+01
    16.9500    1.453205E-03  2.025140E-02  7.547004E+01
    17.0000    8.873507E-03  2.024411E-02  7.585196E+01
    17.0500    1.492217E-02  2.015707E-02  7.623173E+01
    17.1000    1.869030E-02  1.997184E-02  7.660884E+01
    17.1500    1.968665E-02  1.968872E-02  7.698351E+01
    17.2000    1.788370E-02  1.931178E-02  7.735600E+01
    17.2500    1.369381E-02  1.884859E-02  7.772658E+01
    17.3000    7.870111E-03  1.830981E-02  7.809551E+01
    17.3500    1.357008E-03  1.770871E-02  7.846311E+01
    17.4000   -4.876847E-03  1.706051E-02  7.882972E+01
    17.4500   -9.990604E-03  1.638177E-02  7.919570E+01
    17.5000   -1.338304E-02  1.568966E-02  7.956149E+01
    17.5500   -1.475073E-02  1.500136E-02  7.992756E+01
    17.6000   -1.409196E-02  1.433337E-02  8.029441E+01
    17.6500   -1.166646E-02  1.370094E-02  8.066255E+01
    17.7000   -7.927161E-03  1.311764E-02  8.103251E+01
    17.7500   -3.440959E-03  1.259490E-02  8.140469E+01
    17.8000    1.187899E-03  1.214173E-02  8.177940E+01
    17.8500    5.383892E-03  1.176439E-02  8.215675E+01
    17.9000    8.653544E-03  1.146621E-02  8.253660E+01
    17.9500    1.062720E-02  1.124739E-02  8.291857E+01
    18.0000    1.109110E-02  1.110488E-02  8.330204E+01
    18.0500    1.001150E-02  1.103051E-02  8.368542E+01
    18.1000    7.548888E-03  1.101976E-02  8.406835E+01
    18.1500    4.030204E-03  1.106085E-02  8.445005E+01
    18.2000   -7.610605E-05  1.113976E-02  8.482983E+01
    18.2500   -4.213031E-03  1.124103E-02  8.520717E+01
    18.3000   -7.807268E-03  1.134847E-02  8.558167E+01
    18.3500   -1.035226E-02  1.144605E-02  8.595307E+01
    18.4000   -1.148830E-02  1.151867E-02  8.632117E+01
    18.4500   -1.106363E-02  1.155283E-02  8.668585E+01
    18.5000   -9.162321E-03  1.153734E-02  8.704699E+01
    18.5500   -6.090601E-03  1.146376E-02  8.740447E+01
    18.6000   -2.322331E-03  1.132686E-02  8.775810E+01
    18.6500    1.586180E-03  1.112489E-02  8.810766E+01
    18.7000    5.094218E-03  1.085972E-02  8.845286E+01
    18.7500    7.766525E-03  1.053684E-02  8.879334E+01
    18.8000    9.336108E-03  1.016521E-02  8.912871E+01
    18.8500    9.728156E-03  9.756940E-03  8.945856E+01
    18.9000    9.043329E-03  9.326777E-03  8.978256E+01
    18.9500    7.508910E-03  8.891363E-03  9.010052E+01
    19.0000    5.413821E-03  8.468247E-03  9.041259E+01
    19.0500    3.041512E-03  8.082592E-03  9.072038E+01
    19.1000    6.328010E-04  7.736638E-03  9.102430E+01
    19.1500   -1.623451E-03  7.442740E-03  9.132608E+01
    19.2000   -3.594149E-03  7.209520E-03  9.162809E+01
    19.2500   -5.181421E-03  7.041197E-03  9.193314E+01
    19.3000   -6.297917E-03  6.937685E-03  9.224416E+01
    19.3500   -6.851317E-03  6.895490E-03  9.256373E+01
    19.4000   -6.747390E-03  6.909143E-03  9.289379E+01
    19.4500   -5.913579E-03  6.972731E-03  9.323539E+01
    19.5000   -4.336689E-03  7.081052E-03  9.358864E+01
    19.5500   -2.101676E-03  7.230154E-03  9.395284E+01
    19.6000    5.840335E-04  7.417198E-03  9.432660E+01
    19.6500    3.393714E-03  7.639840E-03  9.470807E+01
    19.7000    5.917940E-03  7.895382E-03  9.509515E+01
    19.7500    7.730895E-03  8.179973E-03  9.548568E+01
    19.8000    8.473294E-03  8.488090E-03  9.587763E+01
    19.8500    7.932641E-03  8.812404E-03  9.626922E+01
    19.9000    6.100445E-03  9.144031E-03  9.665900E+01
    19.9500    3.190651E-03  9.473088E-03  9.704584E+01
    20.0000   -3.874063E-04  9.789421E-03  9.742896E+01
