ATOMS
  *       x          y          z    ipot  Atom      Distance    Number
**********-  ********-  ********-  ******  ******  **********  ********
   0          0          0              0  Fe         0               0
  -2.30433    0.187084   0.699347       1  Fe         2.41537        63
   2.30433   -0.187084  -0.699347       1  Fe         2.41537        85
   0.712398  -0.032288   2.38432        1  Fe         2.48868       110
  -0.527022  -2.16778   -1.1032         1  Fe         2.48879         1
  -1.33815    2.12767   -0.829658       1  Fe         2.64688        43
   1.33824   -2.12778    0.829688       1  Fe         2.64703       113
   0.966182   1.94059   -1.529          1  Fe         2.65278       128
  -0.966089  -1.9407     1.52903        1  Fe         2.65285        29
   0.439067  -0.226929  -2.63233        1  Fe         2.67832        93
   1.67849    1.90857    0.855198       1  Fe         2.68166       140
  -0.625843   2.09565    1.55454        1  Fe         2.68329        57
  -1.86526   -0.039844  -1.93298        1  Fe         2.68649         9
   1.77731   -2.35487   -1.80255        1  Fe         3.45737        84
   3.01673   -0.219372   1.68497        1  Fe         3.46236       102
  -1.59193    0.154796   3.08367        1  Fe         3.47379        58
  -2.83135   -1.9807    -0.403857       1  Fe         3.47891        10
  -0.899082   1.90059   -3.4619         1  Fe         4.05035        38
   0.340338   4.03609    0.025628       1  Fe         4.05049       144
  -1.23942   -2.13549   -3.48752        1  Fe         4.27309         6
   1.23942    2.13549    3.48752        1  Fe         4.27309       142
  -3.64248    2.31476   -0.130311       1  Fe         4.31773        51
   3.64257   -2.31487    0.130342       1  Fe         4.31786       105
  -3.27042   -1.75361    2.22838        1  Fe         4.32857        33
   3.27051    1.75351   -2.22835        1  Fe         4.32858       122
   2.7434    -0.414013  -3.33167        1  Fe         4.33563        83
   3.98282    1.72148    0.155851       1  Fe         4.34173       133
  -2.93017    2.28273    2.25389        1  Fe         4.34475        65
  -4.1696     0.14724   -1.23363        1  Fe         4.35075        49
   0.811127  -4.2953    -0.273634       1  Fe         4.37978        92
   2.05055   -2.15981    3.21389        1  Fe         4.38162       107
  -0.253783  -1.97273    3.91324        1  Fe         4.3897         22
  -1.4932    -4.10822    0.425713       1  Fe         4.39185        25
  -1.96399    4.22317    0.724974       1  Fe         4.7136         61
   1.40525    1.71351   -4.16124        1  Fe         4.71453       123
  -3.20341    2.08768   -2.76255        1  Fe         4.7172         44
  -0.37206    4.06837   -2.35869        1  Fe         4.71737        39
   0.37206   -4.06837    2.35869        1  Fe         4.71737       112
   2.64467    3.849     -0.673719       1  Fe         4.71837       120
  -4.60866    0.374169   1.39869        1  Fe         4.83075        71
   4.60866   -0.374169  -1.39869        1  Fe         4.83075        80
  -1.06491    2.32258    4.18687        1  Fe         4.90493        59
   1.06491   -2.32258   -4.18687        1  Fe         4.90493        90
  -3.54375   -1.94841   -2.78818        1  Fe         4.91207        16
   3.54375    1.94841    2.78818        1  Fe         4.91207       134
  -0.098728   4.26317    2.65787        1  Fe         5.0248         60
   0.098822  -4.26328   -2.65784        1  Fe         5.02488        94
  -0.273238  -0.194903  -5.01653        1  Fe         5.02774         7
   0.273332   0.194794   5.01656        1  Fe         5.02778       148
  -2.57757   -0.007819  -4.31718        1  Fe         5.02812        17
   2.57766    0.00771    4.31721        1  Fe         5.02819       141
   2.2056     4.07608    1.95852        1  Fe         5.0314        143
  -2.20551   -4.07619   -1.95849        1  Fe         5.03143        14
  -2.67639    4.25546   -1.65935        1  Fe         5.29391        45
   2.67639   -4.25546    1.65935        1  Fe         5.29391       104
  -1.93227   -3.88129    3.05804        1  Fe         5.30563        28
   1.93227    3.88129   -3.05804        1  Fe         5.30563       124
   4.08164   -2.54195   -2.5019         1  Fe         5.4204         79
   5.32106   -0.406457   0.985627       1  Fe         5.42682        96
  -3.89626    0.341881   3.78301        1  Fe         5.44141        67
  -5.13568   -1.79361    0.29549        1  Fe         5.4479         34
   3.11546   -4.48239   -0.97298        1  Fe         5.54478        82
   4.35488   -2.34689    2.51454        1  Fe         5.5494         98
  -2.55811   -1.78564    4.61258        1  Fe         5.56852        30
  -3.79753   -3.92114    1.12506        1  Fe         5.57336        31
  -2.40306    4.45025    3.35721        1  Fe         6.07045        69
   2.40315   -4.45036   -3.35718        1  Fe         6.07055        88
  -2.031      0.381879   5.71591        1  Fe         6.07802        66
   2.03109   -0.381987  -5.71588        1  Fe         6.07803        91
  -4.8819     0.179266  -3.61784        1  Fe         6.07897        54
   4.88199   -0.179375   3.61787        1  Fe         6.07906       101
  -4.50984   -3.88911   -1.25914        1  Fe         6.08681        19
   4.50993    3.889      1.25917        1  Fe         6.08682       135
  -0.997903   6.16402   -0.804149       1  Fe         6.29584        41
  -2.23732    4.02853   -4.29167        1  Fe         6.29707        42
   0.067007   3.84145   -4.99102        1  Fe         6.29853       127
   1.30643    5.97694   -1.5035         1  Fe         6.30009       126
  -4.26832    4.41026    1.42432        1  Fe         6.30061        70
   3.70958    1.52642   -4.86059        1  Fe         6.30209       117
  -5.50774    2.27476   -2.0632         1  Fe         6.30608        52
   4.949      3.66192   -1.37307        1  Fe         6.30774       115
   1.08446   -4.10066    4.74301        1  Fe         6.36299       108
  -0.154962  -6.23616    1.25549        1  Fe         6.36317        21
  -1.61148    1.93288   -5.84622        1  Fe         6.36484        40
   1.61148   -1.93288    5.84622        1  Fe         6.36484       109
  -0.867361  -6.20387   -1.12883        1  Fe         6.3651          3
   0.867361   6.20387    1.12883        1  Fe         6.3651        145
  -3.36924    2.50966    4.88622        1  Fe         6.44401        68
   3.36924   -2.50966   -4.88622        1  Fe         6.44401        81
  -5.84808   -1.76133   -2.08883        1  Fe         6.45489        20
   5.84808    1.76133    2.08883        1  Fe         6.45489       130
  -5.94681    2.50184    0.569035       1  Fe         6.4767         74
   5.94691   -2.50195   -0.569005       1  Fe         6.47682        78
   5.04773   -0.601098  -4.03102        1  Fe         6.48768        77
  -5.57475   -1.56653    2.92773        1  Fe         6.48872        37
   5.57484    1.56642   -2.9277         1  Fe         6.48876       116
   6.28715    1.5344    -0.543496       1  Fe         6.49446       114
  -5.23451    2.46982    2.95324        1  Fe         6.49782        72
  -6.47393    0.334324  -0.534287       1  Fe         6.50453        55
   1.95182    2.10321    5.87185        1  Fe         6.53541       138
  -1.76644   -4.30328   -4.59073        1  Fe         6.53554         5
  -0.800353  -2.36242   -6.11985        1  Fe         6.60864         4
   0.613578   4.23114    5.04207        1  Fe         6.61071       147
   2.91791    4.04406    4.34272        1  Fe         6.6127        137
  -3.10468   -2.17534   -5.4205         1  Fe         6.61461        13
  -4.98072    4.44254   -0.96           1  Fe         6.7428         53
   4.98072   -4.44254    0.96           1  Fe         6.7428         97
  -4.2366    -3.69421    3.75739        1  Fe         6.76121        32
   4.2366     3.69421   -3.75739        1  Fe         6.76121       118
   2.14937   -6.42324    0.556143       1  Fe         6.79611       103
   3.38879   -4.28775    4.04367        1  Fe         6.79852        99
  -1.43697    6.39095    1.82818        1  Fe         6.80084        62
   1.43697   -6.39095   -1.82818        1  Fe         6.80084        86
  -3.91581    2.11997   -5.14687        1  Fe         6.80574        47
   3.91581   -2.11997    5.14687        1  Fe         6.80574       100
  -0.692851  -1.7458     6.54556        1  Fe         6.80972        24
   0.692851   1.7458    -6.54556        1  Fe         6.80972       125
  -1.21987   -3.91358    5.44236        1  Fe         6.81348        23
  -3.17169   -6.01678   -0.429484       1  Fe         6.81511        12
   3.17169    6.01678    0.429484       1  Fe         6.81511       136
  -2.45929   -6.04907    1.95484        1  Fe         6.81621        27
   0.537888  -4.49036   -5.29007        1  Fe         6.95971        89
   4.25615    1.91612    5.1725         1  Fe         6.96714       132
  -0.352512   2.29029    6.57119        1  Fe         6.9678         56
  -4.07077   -4.11619   -3.89138        1  Fe         6.97546        15
  -3.30223    6.35111   -0.104802       1  Fe         7.15907        48
  -4.54166    4.21561   -3.59233        1  Fe         7.1626         50
   2.37134    3.65436   -5.69037        1  Fe         7.16644       121
   3.61076    5.78986   -2.20284        1  Fe         7.17025       119
  -1.71021    6.19605   -3.18835        1  Fe         7.17506        46
   1.7103    -6.19616    3.18838        1  Fe         7.17519       111
   0.594122   6.00897   -3.8877         1  Fe         7.18156       129
  -0.594029  -6.00908    3.88773        1  Fe         7.18166        26
  -6.91299    0.561253   2.09804        1  Fe         7.24612        73
   6.91299   -0.561253  -2.09804        1  Fe         7.24612        75
  -2.1385    -0.234901  -6.94942        1  Fe         7.27481         8
   1.57976    6.17158    3.51315        1  Fe         7.27505       139
   5.41979   -4.66947   -1.67233        1  Fe         7.34675        76
   6.65921   -2.53398    1.8152         1  Fe         7.35262        95
  -4.86245   -1.59856    5.31193        1  Fe         7.37668        35
  -6.10187   -3.73405    1.82441        1  Fe         7.38271        36
   1.50398   -2.54951   -6.8192         1  Fe         7.43393        87
  -1.69075    4.41823    5.74141        1  Fe         7.4393         64
   5.22224    3.85697    3.64337        1  Fe         7.44461       131
  -5.40902   -1.98825   -4.72116        1  Fe         7.44983        18
  -0.428293  -6.4308    -3.76116        1  Fe         7.46223         2
   3.28997   -0.024316   6.70141        1  Fe         7.46548       106
   0.985638   0.162768   7.40076        1  Fe         7.46788       146
  -2.73263   -6.24371   -3.06181        1  Fe         7.47167        11
END
