 comment: None given                            Feff8L (EXAFS)       0.1
 Source:
 Structure Summary:  Fe4
 Reduced formula:  Fe
 space group: (P2_1/m), space number:  (11)
 abc:  2.415373   4.273093   4.717366
 angles: 90.002423  90.156211  89.902685
 sites: 4
 mp-1271198
 POT  Non-SCF, core-hole, AFOLP (folp(0)= 1.150)
 Abs   Z=26 Rmt= 1.361 Rnm= 1.409 K  shell
 Pot 1 Z=26 Rmt= 1.370 Rnm= 1.419
 Gam_ch=1.309E+00 H-L exch
 Mu=-1.151E+01 kf=2.016E+00 Vint=-2.699E+01 Rs_int= 1.799
 PATH  Rmax= 6.000,  Keep_limit= 0.00, Heap_limit 0.00  Pwcrit= 2.50%
 Path   70      icalc       2
 -----------------------------------------------------------------------
   4   2.000   5.1721    2.6822  -11.50557 nleg, deg, reff, rnrmav(bohr), edge
        x         y         z   pot at#
    -0.0000   -0.0000   -0.0000  0  26 Fe       absorbing atom
    -0.5270   -2.1678   -1.1032  1  26 Fe
    -0.0000   -0.0000   -0.0000  0  26 Fe
    -0.6258    2.0957    1.5545  1  26 Fe
    k   real[2*phc]   mag[feff]  phase[feff] red factor   lambda     real[p]@#
 -0.000  3.0630E+00  2.8422E-05 -2.6583E+00  1.008E+00  2.3480E+01  2.0166E+00
  0.100  3.0626E+00  9.2051E-03 -3.6753E+00  1.008E+00  2.3507E+01  2.0190E+00
  0.200  3.0612E+00  1.8006E-02 -4.6479E+00  1.008E+00  2.3587E+01  2.0261E+00
  0.300  3.0590E+00  2.6053E-02 -5.5800E+00  1.008E+00  2.3710E+01  2.0379E+00
  0.400  3.0558E+00  3.3089E-02 -6.4722E+00  1.008E+00  2.3863E+01  2.0543E+00
  0.500  3.0517E+00  3.8969E-02 -7.3255E+00  1.008E+00  2.4028E+01  2.0752E+00
  0.600  3.0465E+00  4.3651E-02 -8.1406E+00  1.009E+00  2.4181E+01  2.1005E+00
  0.700  3.0401E+00  4.7175E-02 -8.9183E+00  1.009E+00  2.4297E+01  2.1301E+00
  0.800  3.0326E+00  4.9629E-02 -9.6593E+00  1.010E+00  2.4349E+01  2.1637E+00
  0.900  3.0237E+00  5.1127E-02 -1.0364E+01  1.011E+00  2.4311E+01  2.2014E+00
  1.000  3.0133E+00  5.1780E-02 -1.1033E+01  1.012E+00  2.4164E+01  2.2428E+00
  1.100  3.0013E+00  5.1693E-02 -1.1665E+01  1.013E+00  2.3892E+01  2.2880E+00
  1.200  2.9875E+00  5.0952E-02 -1.2261E+01  1.015E+00  2.3491E+01  2.3367E+00
  1.300  2.9717E+00  4.9627E-02 -1.2821E+01  1.017E+00  2.2964E+01  2.3889E+00
  1.400  2.9537E+00  4.7778E-02 -1.3342E+01  1.019E+00  2.2327E+01  2.4445E+00
  1.500  2.9330E+00  4.5456E-02 -1.3824E+01  1.022E+00  2.1600E+01  2.5034E+00
  1.600  2.9096E+00  4.2719E-02 -1.4264E+01  1.025E+00  2.0812E+01  2.5655E+00
  1.700  2.8830E+00  3.9642E-02 -1.4658E+01  1.029E+00  1.9992E+01  2.6310E+00
  1.800  2.8527E+00  3.6322E-02 -1.5003E+01  1.033E+00  1.9173E+01  2.6997E+00
  1.900  2.8185E+00  3.2887E-02 -1.5291E+01  1.038E+00  1.8385E+01  2.7718E+00
  2.000  2.7797E+00  2.9506E-02 -1.5516E+01  1.042E+00  1.7654E+01  2.8473E+00
  2.200  2.6870E+00  2.3620E-02 -1.5731E+01  1.051E+00  1.6471E+01  3.0089E+00
  2.400  2.5407E+00  1.6682E-02 -1.5537E+01  1.045E+00  1.5806E+01  3.1990E+00
  2.600  2.4431E+00  1.7994E-02 -1.5521E+01  1.201E+00  8.0044E+00  3.3689E+00
  2.800  2.4359E+00  1.9996E-02 -1.5661E+01  1.245E+00  6.7273E+00  3.5008E+00
  3.000  2.4063E+00  2.8495E-02 -1.5776E+01  1.264E+00  6.1370E+00  3.6391E+00
  3.200  2.3561E+00  4.5760E-02 -1.6040E+01  1.267E+00  5.8649E+00  3.7856E+00
  3.400  2.2922E+00  7.1063E-02 -1.6387E+01  1.257E+00  5.7574E+00  3.9378E+00
  3.600  2.2193E+00  1.0286E-01 -1.6768E+01  1.246E+00  5.7491E+00  4.0951E+00
  3.800  2.1391E+00  1.4033E-01 -1.7148E+01  1.226E+00  5.8072E+00  4.2569E+00
  4.000  2.0534E+00  1.7986E-01 -1.7498E+01  1.209E+00  5.9134E+00  4.4228E+00
  4.200  1.9646E+00  2.1964E-01 -1.7825E+01  1.191E+00  6.0562E+00  4.5923E+00
  4.400  1.8735E+00  2.5811E-01 -1.8132E+01  1.173E+00  6.2282E+00  4.7649E+00
  4.600  1.7804E+00  2.9109E-01 -1.8403E+01  1.156E+00  6.4244E+00  4.9404E+00
  4.800  1.6870E+00  3.1986E-01 -1.8660E+01  1.139E+00  6.6410E+00  5.1182E+00
  5.000  1.5937E+00  3.4286E-01 -1.8897E+01  1.124E+00  6.8755E+00  5.2983E+00
  5.200  1.5005E+00  3.6003E-01 -1.9117E+01  1.110E+00  7.1258E+00  5.4803E+00
  5.400  1.4077E+00  3.6968E-01 -1.9322E+01  1.097E+00  7.3902E+00  5.6639E+00
  5.600  1.3153E+00  3.7365E-01 -1.9515E+01  1.084E+00  7.6676E+00  5.8491E+00
  5.800  1.2234E+00  3.7167E-01 -1.9698E+01  1.072E+00  7.9568E+00  6.0355E+00
  6.000  1.1321E+00  3.6273E-01 -1.9868E+01  1.062E+00  8.2571E+00  6.2232E+00
  6.500  9.0741E-01  3.2235E-01 -2.0270E+01  1.038E+00  9.0518E+00  6.6966E+00
  7.000  6.8999E-01  2.6811E-01 -2.0645E+01  1.020E+00  9.9032E+00  7.1750E+00
  7.500  4.8269E-01  2.1316E-01 -2.1002E+01  1.005E+00  1.0806E+01  7.6572E+00
  8.000  2.8677E-01  1.6300E-01 -2.1351E+01  9.928E-01  1.1755E+01  8.1423E+00
  8.500  9.8607E-02  1.2077E-01 -2.1700E+01  9.795E-01  1.2748E+01  8.6298E+00
  9.000 -8.5329E-02  8.7882E-02 -2.2056E+01  9.658E-01  1.3782E+01  9.1191E+00
  9.500 -2.6563E-01  6.3632E-02 -2.2411E+01  9.546E-01  1.4856E+01  9.6098E+00
 10.000 -4.3950E-01  4.5920E-02 -2.2763E+01  9.458E-01  1.5967E+01  1.0102E+01
 11.000 -7.6432E-01  2.3066E-02 -2.3472E+01  9.350E-01  1.8298E+01  1.1089E+01
 12.000 -1.0632E+00  1.1180E-02 -2.4197E+01  9.289E-01  2.0764E+01  1.2078E+01
 13.000 -1.3388E+00  5.3365E-03 -2.4989E+01  9.257E-01  2.3359E+01  1.3070E+01
 14.000 -1.5918E+00  3.1007E-03 -2.5948E+01  9.248E-01  2.6077E+01  1.4063E+01
 15.000 -1.8268E+00  3.4327E-03 -2.7050E+01  9.247E-01  2.8912E+01  1.5058E+01
 16.000 -2.0443E+00  5.3531E-03 -2.8085E+01  9.255E-01  3.1861E+01  1.6053E+01
 17.000 -2.2465E+00  7.1614E-03 -2.9070E+01  9.267E-01  3.4918E+01  1.7049E+01
 18.000 -2.4354E+00  7.7451E-03 -2.9988E+01  9.280E-01  3.8081E+01  1.8045E+01
 19.000 -2.6113E+00  7.6133E-03 -3.0861E+01  9.293E-01  4.1345E+01  1.9042E+01
 20.000 -2.7767E+00  7.0382E-03 -3.1730E+01  9.303E-01  4.4708E+01  2.0039E+01
