 comment: None given                            Feff8L (EXAFS)       0.1
 Source:
 Structure Summary:  Fe4
 Reduced formula:  Fe
 space group: (P2_1/m), space number:  (11)
 abc:  2.415373   4.273093   4.717366
 angles: 90.002423  90.156211  89.902685
 sites: 4
 mp-1271198
 POT  Non-SCF, core-hole, AFOLP (folp(0)= 1.150)
 Abs   Z=26 Rmt= 1.361 Rnm= 1.409 K  shell
 Pot 1 Z=26 Rmt= 1.370 Rnm= 1.419
 Gam_ch=1.309E+00 H-L exch
 Mu=-1.151E+01 kf=2.016E+00 Vint=-2.699E+01 Rs_int= 1.799
 PATH  Rmax= 6.000,  Keep_limit= 0.00, Heap_limit 0.00  Pwcrit= 2.50%
 Path   62      icalc       2
 -----------------------------------------------------------------------
   3   2.000   5.1333    2.6822  -11.50557 nleg, deg, reff, rnrmav(bohr), edge
        x         y         z   pot at#
    -0.0000   -0.0000   -0.0000  0  26 Fe       absorbing atom
    -0.6258    2.0957    1.5545  1  26 Fe
     0.4391   -0.2269   -2.6323  1  26 Fe
    k   real[2*phc]   mag[feff]  phase[feff] red factor   lambda     real[p]@#
 -0.000  3.0630E+00  3.9297E-05 -9.7677E-01  1.008E+00  2.3480E+01  2.0166E+00
  0.100  3.0626E+00  1.2741E-02 -1.9845E+00  1.008E+00  2.3507E+01  2.0190E+00
  0.200  3.0612E+00  2.4998E-02 -2.9452E+00  1.008E+00  2.3587E+01  2.0261E+00
  0.300  3.0590E+00  3.6348E-02 -3.8626E+00  1.008E+00  2.3710E+01  2.0379E+00
  0.400  3.0558E+00  4.6469E-02 -4.7377E+00  1.008E+00  2.3863E+01  2.0543E+00
  0.500  3.0517E+00  5.5160E-02 -5.5715E+00  1.008E+00  2.4028E+01  2.0752E+00
  0.600  3.0465E+00  6.2338E-02 -6.3655E+00  1.009E+00  2.4181E+01  2.1005E+00
  0.700  3.0401E+00  6.8017E-02 -7.1209E+00  1.009E+00  2.4297E+01  2.1301E+00
  0.800  3.0326E+00  7.2272E-02 -7.8391E+00  1.010E+00  2.4349E+01  2.1637E+00
  0.900  3.0237E+00  7.5216E-02 -8.5212E+00  1.011E+00  2.4311E+01  2.2014E+00
  1.000  3.0133E+00  7.6969E-02 -9.1686E+00  1.012E+00  2.4164E+01  2.2428E+00
  1.100  3.0013E+00  7.7647E-02 -9.7822E+00  1.013E+00  2.3892E+01  2.2880E+00
  1.200  2.9875E+00  7.7352E-02 -1.0363E+01  1.015E+00  2.3491E+01  2.3367E+00
  1.300  2.9717E+00  7.6162E-02 -1.0912E+01  1.017E+00  2.2964E+01  2.3889E+00
  1.400  2.9537E+00  7.4142E-02 -1.1430E+01  1.019E+00  2.2327E+01  2.4445E+00
  1.500  2.9330E+00  7.1342E-02 -1.1917E+01  1.022E+00  2.1600E+01  2.5034E+00
  1.600  2.9096E+00  6.7803E-02 -1.2375E+01  1.025E+00  2.0812E+01  2.5655E+00
  1.700  2.8830E+00  6.3559E-02 -1.2803E+01  1.029E+00  1.9992E+01  2.6310E+00
  1.800  2.8527E+00  5.8652E-02 -1.3202E+01  1.033E+00  1.9173E+01  2.6997E+00
  1.900  2.8185E+00  5.3133E-02 -1.3571E+01  1.038E+00  1.8385E+01  2.7718E+00
  2.000  2.7797E+00  4.7076E-02 -1.3912E+01  1.042E+00  1.7654E+01  2.8473E+00
  2.200  2.6870E+00  3.3618E-02 -1.4516E+01  1.051E+00  1.6471E+01  3.0089E+00
  2.400  2.5407E+00  2.0156E-02 -1.5111E+01  1.045E+00  1.5806E+01  3.1990E+00
  2.600  2.4431E+00  1.9775E-02 -1.6020E+01  1.201E+00  8.0044E+00  3.3689E+00
  2.800  2.4359E+00  2.0579E-02 -1.7027E+01  1.245E+00  6.7273E+00  3.5008E+00
  3.000  2.4063E+00  2.3739E-02 -1.7909E+01  1.264E+00  6.1370E+00  3.6391E+00
  3.200  2.3561E+00  2.9609E-02 -1.8581E+01  1.267E+00  5.8649E+00  3.7856E+00
  3.400  2.2922E+00  3.9071E-02 -1.9065E+01  1.257E+00  5.7574E+00  3.9378E+00
  3.600  2.2193E+00  5.1676E-02 -1.9440E+01  1.246E+00  5.7491E+00  4.0951E+00
  3.800  2.1391E+00  6.8039E-02 -1.9761E+01  1.226E+00  5.8072E+00  4.2569E+00
  4.000  2.0534E+00  8.6750E-02 -2.0047E+01  1.209E+00  5.9134E+00  4.4228E+00
  4.200  1.9646E+00  1.0696E-01 -2.0314E+01  1.191E+00  6.0562E+00  4.5923E+00
  4.400  1.8735E+00  1.2780E-01 -2.0572E+01  1.173E+00  6.2282E+00  4.7649E+00
  4.600  1.7804E+00  1.4715E-01 -2.0801E+01  1.156E+00  6.4244E+00  4.9404E+00
  4.800  1.6870E+00  1.6537E-01 -2.1026E+01  1.139E+00  6.6410E+00  5.1182E+00
  5.000  1.5937E+00  1.8154E-01 -2.1236E+01  1.124E+00  6.8755E+00  5.2983E+00
  5.200  1.5005E+00  1.9551E-01 -2.1431E+01  1.110E+00  7.1258E+00  5.4803E+00
  5.400  1.4077E+00  2.0647E-01 -2.1617E+01  1.097E+00  7.3902E+00  5.6639E+00
  5.600  1.3153E+00  2.1500E-01 -2.1793E+01  1.084E+00  7.6676E+00  5.8491E+00
  5.800  1.2234E+00  2.2093E-01 -2.1961E+01  1.072E+00  7.9568E+00  6.0355E+00
  6.000  1.1321E+00  2.2349E-01 -2.2118E+01  1.062E+00  8.2571E+00  6.2232E+00
  6.500  9.0741E-01  2.1973E-01 -2.2490E+01  1.038E+00  9.0518E+00  6.6966E+00
  7.000  6.8999E-01  2.0465E-01 -2.2836E+01  1.020E+00  9.9032E+00  7.1750E+00
  7.500  4.8269E-01  1.8372E-01 -2.3159E+01  1.005E+00  1.0806E+01  7.6572E+00
  8.000  2.8677E-01  1.6038E-01 -2.3471E+01  9.928E-01  1.1755E+01  8.1423E+00
  8.500  9.8607E-02  1.3695E-01 -2.3778E+01  9.795E-01  1.2748E+01  8.6298E+00
  9.000 -8.5329E-02  1.1566E-01 -2.4083E+01  9.658E-01  1.3782E+01  9.1191E+00
  9.500 -2.6563E-01  9.7199E-02 -2.4379E+01  9.546E-01  1.4856E+01  9.6098E+00
 10.000 -4.3950E-01  8.1710E-02 -2.4666E+01  9.458E-01  1.5967E+01  1.0102E+01
 11.000 -7.6432E-01  5.7861E-02 -2.5218E+01  9.350E-01  1.8298E+01  1.1089E+01
 12.000 -1.0632E+00  4.1026E-02 -2.5744E+01  9.289E-01  2.0764E+01  1.2078E+01
 13.000 -1.3388E+00  2.9575E-02 -2.6244E+01  9.257E-01  2.3359E+01  1.3070E+01
 14.000 -1.5918E+00  2.1565E-02 -2.6724E+01  9.248E-01  2.6077E+01  1.4063E+01
 15.000 -1.8268E+00  1.5983E-02 -2.7182E+01  9.247E-01  2.8912E+01  1.5058E+01
 16.000 -2.0443E+00  1.2051E-02 -2.7625E+01  9.255E-01  3.1861E+01  1.6053E+01
 17.000 -2.2465E+00  9.1623E-03 -2.8052E+01  9.267E-01  3.4918E+01  1.7049E+01
 18.000 -2.4354E+00  7.0479E-03 -2.8456E+01  9.280E-01  3.8081E+01  1.8045E+01
 19.000 -2.6113E+00  5.4836E-03 -2.8846E+01  9.293E-01  4.1345E+01  1.9042E+01
 20.000 -2.7767E+00  4.3104E-03 -2.9214E+01  9.303E-01  4.4708E+01  2.0039E+01
