 comment: None given                            Feff8L (EXAFS)       0.1
 Source:
 Structure Summary:  Fe2 N2
 Reduced formula:  FeN
 space group: (P6_3/mmc), space number:  (194)
 abc:  2.738391   2.738391   5.004323
 angles: 90.000000  90.000000 120.000015
 sites: 4
 mp-12120
 POT  Non-SCF, core-hole, AFOLP (folp(0)= 1.150)
 Abs   Z=26 Rmt= 1.248 Rnm= 1.305 K  shell
 Pot 1 Z=26 Rmt= 1.254 Rnm= 1.313
 Pot 2 Z= 7 Rmt= 1.018 Rnm= 1.067
 Gam_ch=1.309E+00 H-L exch
 Mu=-4.823E+00 kf=2.407E+00 Vint=-2.690E+01 Rs_int= 1.507
 PATH  Rmax= 6.000,  Keep_limit= 0.00, Heap_limit 0.00  Pwcrit= 2.50%
 Path   58      icalc       2
 -----------------------------------------------------------------------
   4  24.000   5.3507    2.2727   -4.82335 nleg, deg, reff, rnrmav(bohr), edge
        x         y         z   pot at#
    -0.0000   -0.0000   -0.0000  0  26 Fe       absorbing atom
    -1.3692    2.3715    2.5022  1  26 Fe
    -0.0000    1.5810    1.2511  2   7 N
     1.3692    0.7905   -1.2511  2   7 N
    k   real[2*phc]   mag[feff]  phase[feff] red factor   lambda     real[p]@#
 -0.000  2.7805E+00  6.6995E-06 -4.1752E+00  1.011E+00  2.8031E+01  2.4075E+00
  0.100  2.7799E+00  7.1701E-03 -5.2267E+00  1.011E+00  2.8054E+01  2.4095E+00
  0.200  2.7780E+00  1.4163E-02 -6.2381E+00  1.011E+00  2.8121E+01  2.4155E+00
  0.300  2.7749E+00  2.0813E-02 -7.2106E+00  1.011E+00  2.8225E+01  2.4253E+00
  0.400  2.7705E+00  2.6977E-02 -8.1447E+00  1.011E+00  2.8356E+01  2.4391E+00
  0.500  2.7649E+00  3.2539E-02 -9.0410E+00  1.011E+00  2.8500E+01  2.4567E+00
  0.600  2.7580E+00  3.7419E-02 -9.9003E+00  1.012E+00  2.8640E+01  2.4780E+00
  0.700  2.7499E+00  4.1566E-02 -1.0723E+01  1.012E+00  2.8754E+01  2.5030E+00
  0.800  2.7404E+00  4.4961E-02 -1.1511E+01  1.012E+00  2.8820E+01  2.5316E+00
  0.900  2.7297E+00  4.7607E-02 -1.2264E+01  1.012E+00  2.8817E+01  2.5636E+00
  1.000  2.7177E+00  4.9534E-02 -1.2983E+01  1.012E+00  2.8723E+01  2.5990E+00
  1.100  2.7043E+00  5.0777E-02 -1.3669E+01  1.013E+00  2.8521E+01  2.6377E+00
  1.200  2.6896E+00  5.1381E-02 -1.4322E+01  1.013E+00  2.8199E+01  2.6796E+00
  1.300  2.6734E+00  5.1395E-02 -1.4944E+01  1.014E+00  2.7750E+01  2.7245E+00
  1.400  2.6557E+00  5.0867E-02 -1.5534E+01  1.015E+00  2.7178E+01  2.7725E+00
  1.500  2.6365E+00  4.9842E-02 -1.6092E+01  1.016E+00  2.6492E+01  2.8234E+00
  1.600  2.6157E+00  4.8362E-02 -1.6619E+01  1.018E+00  2.5708E+01  2.8771E+00
  1.700  2.5931E+00  4.6465E-02 -1.7114E+01  1.019E+00  2.4847E+01  2.9337E+00
  1.800  2.5687E+00  4.4186E-02 -1.7575E+01  1.021E+00  2.3935E+01  2.9930E+00
  1.900  2.5422E+00  4.1563E-02 -1.8002E+01  1.024E+00  2.2998E+01  3.0551E+00
  2.000  2.5135E+00  3.8641E-02 -1.8391E+01  1.026E+00  2.2060E+01  3.1198E+00
  2.200  2.4487E+00  3.2160E-02 -1.9040E+01  1.033E+00  2.0278E+01  3.2576E+00
  2.400  2.3721E+00  2.5680E-02 -1.9467E+01  1.040E+00  1.8751E+01  3.4065E+00
  2.600  2.2871E+00  2.1271E-02 -1.9542E+01  1.045E+00  1.7606E+01  3.5678E+00
  2.800  2.1397E+00  1.7434E-02 -1.9397E+01  1.041E+00  1.4844E+01  3.7541E+00
  3.000  2.0468E+00  2.4697E-02 -1.9682E+01  1.157E+00  8.4449E+00  3.9143E+00
  3.200  2.0199E+00  3.4309E-02 -2.0167E+01  1.195E+00  7.1512E+00  4.0476E+00
  3.400  1.9826E+00  4.5237E-02 -2.0673E+01  1.217E+00  6.5240E+00  4.1859E+00
  3.600  1.9289E+00  5.5427E-02 -2.1164E+01  1.220E+00  6.2026E+00  4.3318E+00
  3.800  1.8668E+00  6.4066E-02 -2.1630E+01  1.221E+00  6.0466E+00  4.4827E+00
  4.000  1.7982E+00  7.0496E-02 -2.2069E+01  1.212E+00  5.9914E+00  4.6382E+00
  4.200  1.7242E+00  7.4587E-02 -2.2481E+01  1.203E+00  6.0035E+00  4.7977E+00
  4.400  1.6465E+00  7.6620E-02 -2.2868E+01  1.193E+00  6.0640E+00  4.9609E+00
  4.600  1.5664E+00  7.6446E-02 -2.3230E+01  1.179E+00  6.1611E+00  5.1275E+00
  4.800  1.4839E+00  7.4836E-02 -2.3573E+01  1.166E+00  6.2873E+00  5.2970E+00
  5.000  1.4004E+00  7.2211E-02 -2.3902E+01  1.153E+00  6.4370E+00  5.4692E+00
  5.200  1.3168E+00  6.9015E-02 -2.4216E+01  1.141E+00  6.6067E+00  5.6438E+00
  5.400  1.2329E+00  6.5554E-02 -2.4514E+01  1.129E+00  6.7934E+00  5.8206E+00
  5.600  1.1495E+00  6.1957E-02 -2.4797E+01  1.117E+00  6.9951E+00  5.9993E+00
  5.800  1.0665E+00  5.8313E-02 -2.5065E+01  1.107E+00  7.2101E+00  6.1798E+00
  6.000  9.8388E-01  5.4626E-02 -2.5318E+01  1.096E+00  7.4371E+00  6.3618E+00
  6.500  7.7992E-01  4.5609E-02 -2.5898E+01  1.072E+00  8.0509E+00  6.8226E+00
  7.000  5.7979E-01  3.7168E-02 -2.6417E+01  1.052E+00  8.7219E+00  7.2903E+00
  7.500  3.8509E-01  2.9786E-02 -2.6893E+01  1.036E+00  9.4425E+00  7.7633E+00
  8.000  1.9802E-01  2.3708E-02 -2.7336E+01  1.022E+00  1.0207E+01  8.2404E+00
  8.500  1.7720E-02  1.8900E-02 -2.7755E+01  1.008E+00  1.1013E+01  8.7210E+00
  9.000 -1.5808E-01  1.5104E-02 -2.8148E+01  9.922E-01  1.1855E+01  9.2042E+00
  9.500 -3.3028E-01  1.2084E-02 -2.8517E+01  9.795E-01  1.2734E+01  9.6896E+00
 10.000 -4.9765E-01  9.6519E-03 -2.8869E+01  9.691E-01  1.3645E+01  1.0177E+01
 11.000 -8.1383E-01  6.2167E-03 -2.9530E+01  9.552E-01  1.5564E+01  1.1156E+01
 12.000 -1.1051E+00  4.1354E-03 -3.0135E+01  9.474E-01  1.7602E+01  1.2139E+01
 13.000 -1.3746E+00  2.8135E-03 -3.0691E+01  9.422E-01  1.9752E+01  1.3125E+01
 14.000 -1.6234E+00  1.9339E-03 -3.1218E+01  9.394E-01  2.2010E+01  1.4114E+01
 15.000 -1.8541E+00  1.3571E-03 -3.1714E+01  9.383E-01  2.4369E+01  1.5104E+01
 16.000 -2.0688E+00  9.6288E-04 -3.2173E+01  9.377E-01  2.6828E+01  1.6096E+01
 17.000 -2.2683E+00  6.8791E-04 -3.2609E+01  9.379E-01  2.9381E+01  1.7089E+01
 18.000 -2.4548E+00  5.0109E-04 -3.3025E+01  9.384E-01  3.2026E+01  1.8083E+01
 19.000 -2.6292E+00  3.7207E-04 -3.3405E+01  9.388E-01  3.4760E+01  1.9078E+01
 20.000 -2.7927E+00  2.8051E-04 -3.3770E+01  9.392E-01  3.7581E+01  2.0073E+01
