 comment: None given                            Feff8L (EXAFS)       0.1
 Source:
 Structure Summary:  Fe2 N2
 Reduced formula:  FeN
 space group: (P6_3/mmc), space number:  (194)
 abc:  2.738391   2.738391   5.004323
 angles: 90.000000  90.000000 120.000015
 sites: 4
 mp-12120
 POT  Non-SCF, core-hole, AFOLP (folp(0)= 1.150)
 Abs   Z=26 Rmt= 1.248 Rnm= 1.305 K  shell
 Pot 1 Z=26 Rmt= 1.254 Rnm= 1.313
 Pot 2 Z= 7 Rmt= 1.018 Rnm= 1.067
 Gam_ch=1.309E+00 H-L exch
 Mu=-4.823E+00 kf=2.407E+00 Vint=-2.690E+01 Rs_int= 1.507
 PATH  Rmax= 6.000,  Keep_limit= 0.00, Heap_limit 0.00  Pwcrit= 2.50%
 Path   62      icalc       2
 -----------------------------------------------------------------------
   3  12.000   5.3896    2.2727   -4.82335 nleg, deg, reff, rnrmav(bohr), edge
        x         y         z   pot at#
    -0.0000   -0.0000   -0.0000  0  26 Fe       absorbing atom
     4.1076   -2.3715   -2.5022  1  26 Fe
     2.7384   -1.5810   -1.2511  2   7 N
    k   real[2*phc]   mag[feff]  phase[feff] red factor   lambda     real[p]@#
 -0.000  2.7805E+00  2.4718E-05 -5.3936E-02  1.011E+00  2.8031E+01  2.4075E+00
  0.100  2.7799E+00  2.6463E-02 -1.1127E+00  1.011E+00  2.8054E+01  2.4095E+00
  0.200  2.7780E+00  5.2317E-02 -2.1304E+00  1.011E+00  2.8121E+01  2.4155E+00
  0.300  2.7749E+00  7.6992E-02 -3.1081E+00  1.011E+00  2.8225E+01  2.4253E+00
  0.400  2.7705E+00  9.9992E-02 -4.0464E+00  1.011E+00  2.8356E+01  2.4391E+00
  0.500  2.7649E+00  1.2091E-01 -4.9457E+00  1.011E+00  2.8500E+01  2.4567E+00
  0.600  2.7580E+00  1.3947E-01 -5.8068E+00  1.012E+00  2.8640E+01  2.4780E+00
  0.700  2.7499E+00  1.5547E-01 -6.6303E+00  1.012E+00  2.8754E+01  2.5030E+00
  0.800  2.7404E+00  1.6885E-01 -7.4170E+00  1.012E+00  2.8820E+01  2.5316E+00
  0.900  2.7297E+00  1.7960E-01 -8.1677E+00  1.012E+00  2.8817E+01  2.5636E+00
  1.000  2.7177E+00  1.8781E-01 -8.8830E+00  1.012E+00  2.8723E+01  2.5990E+00
  1.100  2.7043E+00  1.9361E-01 -9.5636E+00  1.013E+00  2.8521E+01  2.6377E+00
  1.200  2.6896E+00  1.9715E-01 -1.0210E+01  1.013E+00  2.8199E+01  2.6796E+00
  1.300  2.6734E+00  1.9861E-01 -1.0822E+01  1.014E+00  2.7750E+01  2.7245E+00
  1.400  2.6557E+00  1.9817E-01 -1.1401E+01  1.015E+00  2.7178E+01  2.7725E+00
  1.500  2.6365E+00  1.9603E-01 -1.1946E+01  1.016E+00  2.6492E+01  2.8234E+00
  1.600  2.6157E+00  1.9237E-01 -1.2456E+01  1.018E+00  2.5708E+01  2.8771E+00
  1.700  2.5931E+00  1.8740E-01 -1.2931E+01  1.019E+00  2.4847E+01  2.9337E+00
  1.800  2.5687E+00  1.8132E-01 -1.3369E+01  1.021E+00  2.3935E+01  2.9930E+00
  1.900  2.5422E+00  1.7441E-01 -1.3767E+01  1.024E+00  2.2998E+01  3.0551E+00
  2.000  2.5135E+00  1.6699E-01 -1.4124E+01  1.026E+00  2.2060E+01  3.1198E+00
  2.200  2.4487E+00  1.5274E-01 -1.4697E+01  1.033E+00  2.0278E+01  3.2576E+00
  2.400  2.3721E+00  1.4489E-01 -1.5060E+01  1.040E+00  1.8751E+01  3.4065E+00
  2.600  2.2871E+00  1.5346E-01 -1.5192E+01  1.045E+00  1.7606E+01  3.5678E+00
  2.800  2.1397E+00  1.5250E-01 -1.5164E+01  1.041E+00  1.4844E+01  3.7541E+00
  3.000  2.0468E+00  1.9919E-01 -1.5569E+01  1.157E+00  8.4449E+00  3.9143E+00
  3.200  2.0199E+00  2.6172E-01 -1.6178E+01  1.195E+00  7.1512E+00  4.0476E+00
  3.400  1.9826E+00  3.3607E-01 -1.6753E+01  1.217E+00  6.5240E+00  4.1859E+00
  3.600  1.9289E+00  4.1515E-01 -1.7274E+01  1.220E+00  6.2026E+00  4.3318E+00
  3.800  1.8668E+00  4.9512E-01 -1.7752E+01  1.221E+00  6.0466E+00  4.4827E+00
  4.000  1.7982E+00  5.7065E-01 -1.8190E+01  1.212E+00  5.9914E+00  4.6382E+00
  4.200  1.7242E+00  6.3836E-01 -1.8592E+01  1.203E+00  6.0035E+00  4.7977E+00
  4.400  1.6465E+00  6.9708E-01 -1.8963E+01  1.193E+00  6.0640E+00  4.9609E+00
  4.600  1.5664E+00  7.4196E-01 -1.9302E+01  1.179E+00  6.1611E+00  5.1275E+00
  4.800  1.4839E+00  7.7710E-01 -1.9616E+01  1.166E+00  6.2873E+00  5.2970E+00
  5.000  1.4004E+00  8.0262E-01 -1.9910E+01  1.153E+00  6.4370E+00  5.4692E+00
  5.200  1.3168E+00  8.2020E-01 -2.0183E+01  1.141E+00  6.6067E+00  5.6438E+00
  5.400  1.2329E+00  8.3174E-01 -2.0437E+01  1.129E+00  6.7934E+00  5.8206E+00
  5.600  1.1495E+00  8.3808E-01 -2.0674E+01  1.117E+00  6.9951E+00  5.9993E+00
  5.800  1.0665E+00  8.4006E-01 -2.0896E+01  1.107E+00  7.2101E+00  6.1798E+00
  6.000  9.8388E-01  8.3700E-01 -2.1102E+01  1.096E+00  7.4371E+00  6.3618E+00
  6.500  7.7992E-01  8.1251E-01 -2.1564E+01  1.072E+00  8.0509E+00  6.8226E+00
  7.000  5.7979E-01  7.6567E-01 -2.1965E+01  1.052E+00  8.7219E+00  7.2903E+00
  7.500  3.8509E-01  7.0451E-01 -2.2324E+01  1.036E+00  9.4425E+00  7.7633E+00
  8.000  1.9802E-01  6.3801E-01 -2.2653E+01  1.022E+00  1.0207E+01  8.2404E+00
  8.500  1.7720E-02  5.7290E-01 -2.2960E+01  1.008E+00  1.1013E+01  8.7210E+00
  9.000 -1.5808E-01  5.1136E-01 -2.3245E+01  9.922E-01  1.1855E+01  9.2042E+00
  9.500 -3.3028E-01  4.5464E-01 -2.3511E+01  9.795E-01  1.2734E+01  9.6896E+00
 10.000 -4.9765E-01  4.0293E-01 -2.3763E+01  9.691E-01  1.3645E+01  1.0177E+01
 11.000 -8.1383E-01  3.1764E-01 -2.4231E+01  9.552E-01  1.5564E+01  1.1156E+01
 12.000 -1.1051E+00  2.5226E-01 -2.4657E+01  9.474E-01  1.7602E+01  1.2139E+01
 13.000 -1.3746E+00  2.0219E-01 -2.5051E+01  9.422E-01  1.9752E+01  1.3125E+01
 14.000 -1.6234E+00  1.6548E-01 -2.5418E+01  9.394E-01  2.2010E+01  1.4114E+01
 15.000 -1.8541E+00  1.3862E-01 -2.5779E+01  9.383E-01  2.4369E+01  1.5104E+01
 16.000 -2.0688E+00  1.1887E-01 -2.6149E+01  9.377E-01  2.6828E+01  1.6096E+01
 17.000 -2.2683E+00  1.0244E-01 -2.6535E+01  9.379E-01  2.9381E+01  1.7089E+01
 18.000 -2.4548E+00  8.7941E-02 -2.6927E+01  9.384E-01  3.2026E+01  1.8083E+01
 19.000 -2.6292E+00  7.5412E-02 -2.7315E+01  9.388E-01  3.4760E+01  1.9078E+01
 20.000 -2.7927E+00  6.5130E-02 -2.7713E+01  9.392E-01  3.7581E+01  2.0073E+01
