 comment: None given                            Feff8L (EXAFS)       0.1
 Source:
 Structure Summary:  Fe2 N2
 Reduced formula:  FeN
 space group: (P6_3/mmc), space number:  (194)
 abc:  2.738391   2.738391   5.004323
 angles: 90.000000  90.000000 120.000015
 sites: 4
 mp-12120
 POT  Non-SCF, core-hole, AFOLP (folp(0)= 1.150)
 Abs   Z=26 Rmt= 1.248 Rnm= 1.305 K  shell
 Pot 1 Z=26 Rmt= 1.254 Rnm= 1.313
 Pot 2 Z= 7 Rmt= 1.018 Rnm= 1.067
 Gam_ch=1.309E+00 H-L exch
 Mu=-4.823E+00 kf=2.407E+00 Vint=-2.690E+01 Rs_int= 1.507
 PATH  Rmax= 6.000,  Keep_limit= 0.00, Heap_limit 0.00  Pwcrit= 2.50%
 Path    4      icalc       2
 -----------------------------------------------------------------------
   3  12.000   3.2672    2.2727   -4.82335 nleg, deg, reff, rnrmav(bohr), edge
        x         y         z   pot at#
    -0.0000   -0.0000   -0.0000  0  26 Fe       absorbing atom
    -0.0000   -0.0000   -2.5022  1  26 Fe
    -1.3692    0.7905   -1.2511  2   7 N
    k   real[2*phc]   mag[feff]  phase[feff] red factor   lambda     real[p]@#
 -0.000  2.7805E+00  2.7037E-06 -4.7296E+00  1.011E+00  2.8031E+01  2.4075E+00
  0.100  2.7799E+00  2.8765E-03 -5.3717E+00  1.011E+00  2.8054E+01  2.4095E+00
  0.200  2.7780E+00  5.5805E-03 -5.9893E+00  1.011E+00  2.8121E+01  2.4155E+00
  0.300  2.7749E+00  7.9521E-03 -6.5830E+00  1.011E+00  2.8225E+01  2.4253E+00
  0.400  2.7705E+00  9.8537E-03 -7.1524E+00  1.011E+00  2.8356E+01  2.4391E+00
  0.500  2.7649E+00  1.1179E-02 -7.6970E+00  1.011E+00  2.8500E+01  2.4567E+00
  0.600  2.7580E+00  1.1857E-02 -8.2156E+00  1.012E+00  2.8640E+01  2.4780E+00
  0.700  2.7499E+00  1.1850E-02 -8.7061E+00  1.012E+00  2.8754E+01  2.5030E+00
  0.800  2.7404E+00  1.1158E-02 -9.1638E+00  1.012E+00  2.8820E+01  2.5316E+00
  0.900  2.7297E+00  9.8075E-03 -9.5769E+00  1.012E+00  2.8817E+01  2.5636E+00
  1.000  2.7177E+00  7.9066E-03 -9.9225E+00  1.012E+00  2.8723E+01  2.5990E+00
  1.100  2.7043E+00  5.6678E-03 -1.0123E+01  1.013E+00  2.8521E+01  2.6377E+00
  1.200  2.6896E+00  3.9040E-03 -9.9412E+00  1.013E+00  2.8199E+01  2.6796E+00
  1.300  2.6734E+00  4.7530E-03 -9.4570E+00  1.014E+00  2.7750E+01  2.7245E+00
  1.400  2.6557E+00  8.0380E-03 -9.4088E+00  1.015E+00  2.7178E+01  2.7725E+00
  1.500  2.6365E+00  1.2287E-02 -9.6002E+00  1.016E+00  2.6492E+01  2.8234E+00
  1.600  2.6157E+00  1.7029E-02 -9.8641E+00  1.018E+00  2.5708E+01  2.8771E+00
  1.700  2.5931E+00  2.2101E-02 -1.0150E+01  1.019E+00  2.4847E+01  2.9337E+00
  1.800  2.5687E+00  2.7408E-02 -1.0439E+01  1.021E+00  2.3935E+01  2.9930E+00
  1.900  2.5422E+00  3.2874E-02 -1.0723E+01  1.024E+00  2.2998E+01  3.0551E+00
  2.000  2.5135E+00  3.8443E-02 -1.0998E+01  1.026E+00  2.2060E+01  3.1198E+00
  2.200  2.4487E+00  4.9563E-02 -1.1515E+01  1.033E+00  2.0278E+01  3.2576E+00
  2.400  2.3721E+00  6.0197E-02 -1.1981E+01  1.040E+00  1.8751E+01  3.4065E+00
  2.600  2.2871E+00  7.1209E-02 -1.2373E+01  1.045E+00  1.7606E+01  3.5678E+00
  2.800  2.1397E+00  7.1810E-02 -1.2647E+01  1.041E+00  1.4844E+01  3.7541E+00
  3.000  2.0468E+00  8.7841E-02 -1.3126E+01  1.157E+00  8.4449E+00  3.9143E+00
  3.200  2.0199E+00  9.9092E-02 -1.3585E+01  1.195E+00  7.1512E+00  4.0476E+00
  3.400  1.9826E+00  1.0650E-01 -1.4013E+01  1.217E+00  6.5240E+00  4.1859E+00
  3.600  1.9289E+00  1.0863E-01 -1.4404E+01  1.220E+00  6.2026E+00  4.3318E+00
  3.800  1.8668E+00  1.0778E-01 -1.4762E+01  1.221E+00  6.0466E+00  4.4827E+00
  4.000  1.7982E+00  1.0381E-01 -1.5093E+01  1.212E+00  5.9914E+00  4.6382E+00
  4.200  1.7242E+00  9.7830E-02 -1.5397E+01  1.203E+00  6.0035E+00  4.7977E+00
  4.400  1.6465E+00  9.0723E-02 -1.5678E+01  1.193E+00  6.0640E+00  4.9609E+00
  4.600  1.5664E+00  8.2158E-02 -1.5938E+01  1.179E+00  6.1611E+00  5.1275E+00
  4.800  1.4839E+00  7.3575E-02 -1.6181E+01  1.166E+00  6.2873E+00  5.2970E+00
  5.000  1.4004E+00  6.5179E-02 -1.6411E+01  1.153E+00  6.4370E+00  5.4692E+00
  5.200  1.3168E+00  5.7310E-02 -1.6630E+01  1.141E+00  6.6067E+00  5.6438E+00
  5.400  1.2329E+00  5.0184E-02 -1.6839E+01  1.129E+00  6.7934E+00  5.8206E+00
  5.600  1.1495E+00  4.3844E-02 -1.7040E+01  1.117E+00  6.9951E+00  5.9993E+00
  5.800  1.0665E+00  3.8283E-02 -1.7236E+01  1.107E+00  7.2101E+00  6.1798E+00
  6.000  9.8388E-01  3.3282E-02 -1.7430E+01  1.096E+00  7.4371E+00  6.3618E+00
  6.500  7.7992E-01  2.3198E-02 -1.7935E+01  1.072E+00  8.0509E+00  6.8226E+00
  7.000  5.7979E-01  1.5667E-02 -1.8535E+01  1.052E+00  8.7219E+00  7.2903E+00
  7.500  3.8509E-01  1.0793E-02 -1.9311E+01  1.036E+00  9.4425E+00  7.7633E+00
  8.000  1.9802E-01  9.0270E-03 -2.0215E+01  1.022E+00  1.0207E+01  8.2404E+00
  8.500  1.7720E-02  9.2421E-03 -2.1005E+01  1.008E+00  1.1013E+01  8.7210E+00
  9.000 -1.5808E-01  9.7630E-03 -2.1610E+01  9.922E-01  1.1855E+01  9.2042E+00
  9.500 -3.3028E-01  9.7807E-03 -2.2095E+01  9.795E-01  1.2734E+01  9.6896E+00
 10.000 -4.9765E-01  9.1980E-03 -2.2495E+01  9.691E-01  1.3645E+01  1.0177E+01
 11.000 -8.1383E-01  7.3162E-03 -2.3080E+01  9.552E-01  1.5564E+01  1.1156E+01
 12.000 -1.1051E+00  5.8321E-03 -2.3472E+01  9.474E-01  1.7602E+01  1.2139E+01
 13.000 -1.3746E+00  5.0564E-03 -2.3805E+01  9.422E-01  1.9752E+01  1.3125E+01
 14.000 -1.6234E+00  4.5665E-03 -2.4205E+01  9.394E-01  2.2010E+01  1.4114E+01
 15.000 -1.8541E+00  3.7818E-03 -2.4606E+01  9.383E-01  2.4369E+01  1.5104E+01
 16.000 -2.0688E+00  3.2307E-03 -2.4917E+01  9.377E-01  2.6828E+01  1.6096E+01
 17.000 -2.2683E+00  2.9931E-03 -2.5269E+01  9.379E-01  2.9381E+01  1.7089E+01
 18.000 -2.4548E+00  2.7460E-03 -2.5678E+01  9.384E-01  3.2026E+01  1.8083E+01
 19.000 -2.6292E+00  2.4426E-03 -2.6133E+01  9.388E-01  3.4760E+01  1.9078E+01
 20.000 -2.7927E+00  2.0795E-03 -2.6624E+01  9.392E-01  3.7581E+01  2.0073E+01
