 comment: None given                            Feff8L (EXAFS)       0.1
 Source:
 Structure Summary:  Fe2 N2
 Reduced formula:  FeN
 space group: (P6_3/mmc), space number:  (194)
 abc:  2.738391   2.738391   5.004323
 angles: 90.000000  90.000000 120.000015
 sites: 4
 mp-12120
 POT  Non-SCF, core-hole, AFOLP (folp(0)= 1.150)
 Abs   Z=26 Rmt= 1.248 Rnm= 1.305 K  shell
 Pot 1 Z=26 Rmt= 1.254 Rnm= 1.313
 Pot 2 Z= 7 Rmt= 1.018 Rnm= 1.067
 Gam_ch=1.309E+00 H-L exch
 Mu=-4.823E+00 kf=2.407E+00 Vint=-2.690E+01 Rs_int= 1.507
 PATH  Rmax= 6.000,  Keep_limit= 0.00, Heap_limit 0.00  Pwcrit= 2.50%
 Path   19      icalc       2
 -----------------------------------------------------------------------
   3  12.000   4.2955    2.2727   -4.82335 nleg, deg, reff, rnrmav(bohr), edge
        x         y         z   pot at#
    -0.0000   -0.0000   -0.0000  0  26 Fe       absorbing atom
     1.3692   -0.7905    1.2511  2   7 N
    -0.0000   -0.0000   -2.5022  1  26 Fe
    k   real[2*phc]   mag[feff]  phase[feff] red factor   lambda     real[p]@#
 -0.000  2.7805E+00  1.0891E-05 -4.8367E+00  1.011E+00  2.8031E+01  2.4075E+00
  0.100  2.7799E+00  1.1667E-02 -5.6809E+00  1.011E+00  2.8054E+01  2.4095E+00
  0.200  2.7780E+00  2.3112E-02 -6.4929E+00  1.011E+00  2.8121E+01  2.4155E+00
  0.300  2.7749E+00  3.4121E-02 -7.2738E+00  1.011E+00  2.8225E+01  2.4253E+00
  0.400  2.7705E+00  4.4508E-02 -8.0239E+00  1.011E+00  2.8356E+01  2.4391E+00
  0.500  2.7649E+00  5.4115E-02 -8.7436E+00  1.011E+00  2.8500E+01  2.4567E+00
  0.600  2.7580E+00  6.2821E-02 -9.4335E+00  1.012E+00  2.8640E+01  2.4780E+00
  0.700  2.7499E+00  7.0539E-02 -1.0094E+01  1.012E+00  2.8754E+01  2.5030E+00
  0.800  2.7404E+00  7.7216E-02 -1.0726E+01  1.012E+00  2.8820E+01  2.5316E+00
  0.900  2.7297E+00  8.2830E-02 -1.1330E+01  1.012E+00  2.8817E+01  2.5636E+00
  1.000  2.7177E+00  8.7374E-02 -1.1906E+01  1.012E+00  2.8723E+01  2.5990E+00
  1.100  2.7043E+00  9.0866E-02 -1.2456E+01  1.013E+00  2.8521E+01  2.6377E+00
  1.200  2.6896E+00  9.3332E-02 -1.2979E+01  1.013E+00  2.8199E+01  2.6796E+00
  1.300  2.6734E+00  9.4800E-02 -1.3476E+01  1.014E+00  2.7750E+01  2.7245E+00
  1.400  2.6557E+00  9.5304E-02 -1.3948E+01  1.015E+00  2.7178E+01  2.7725E+00
  1.500  2.6365E+00  9.4876E-02 -1.4394E+01  1.016E+00  2.6492E+01  2.8234E+00
  1.600  2.6157E+00  9.3546E-02 -1.4815E+01  1.018E+00  2.5708E+01  2.8771E+00
  1.700  2.5931E+00  9.1340E-02 -1.5210E+01  1.019E+00  2.4847E+01  2.9337E+00
  1.800  2.5687E+00  8.8285E-02 -1.5579E+01  1.021E+00  2.3935E+01  2.9930E+00
  1.900  2.5422E+00  8.4409E-02 -1.5920E+01  1.024E+00  2.2998E+01  3.0551E+00
  2.000  2.5135E+00  7.9746E-02 -1.6234E+01  1.026E+00  2.2060E+01  3.1198E+00
  2.200  2.4487E+00  6.8284E-02 -1.6765E+01  1.033E+00  2.0278E+01  3.2576E+00
  2.400  2.3721E+00  5.4764E-02 -1.7134E+01  1.040E+00  1.8751E+01  3.4065E+00
  2.600  2.2871E+00  4.0784E-02 -1.7216E+01  1.045E+00  1.7606E+01  3.5678E+00
  2.800  2.1397E+00  2.6887E-02 -1.7055E+01  1.041E+00  1.4844E+01  3.7541E+00
  3.000  2.0468E+00  3.2088E-02 -1.7006E+01  1.157E+00  8.4449E+00  3.9143E+00
  3.200  2.0199E+00  4.3550E-02 -1.7181E+01  1.195E+00  7.1512E+00  4.0476E+00
  3.400  1.9826E+00  5.9150E-02 -1.7469E+01  1.217E+00  6.5240E+00  4.1859E+00
  3.600  1.9289E+00  7.5331E-02 -1.7810E+01  1.220E+00  6.2026E+00  4.3318E+00
  3.800  1.8668E+00  8.9903E-02 -1.8157E+01  1.221E+00  6.0466E+00  4.4827E+00
  4.000  1.7982E+00  1.0182E-01 -1.8497E+01  1.212E+00  5.9914E+00  4.6382E+00
  4.200  1.7242E+00  1.1060E-01 -1.8823E+01  1.203E+00  6.0035E+00  4.7977E+00
  4.400  1.6465E+00  1.1644E-01 -1.9133E+01  1.193E+00  6.0640E+00  4.9609E+00
  4.600  1.5664E+00  1.1895E-01 -1.9425E+01  1.179E+00  6.1611E+00  5.1275E+00
  4.800  1.4839E+00  1.1903E-01 -1.9703E+01  1.166E+00  6.2873E+00  5.2970E+00
  5.000  1.4004E+00  1.1711E-01 -1.9970E+01  1.153E+00  6.4370E+00  5.4692E+00
  5.200  1.3168E+00  1.1373E-01 -2.0224E+01  1.141E+00  6.6067E+00  5.6438E+00
  5.400  1.2329E+00  1.0939E-01 -2.0465E+01  1.129E+00  6.7934E+00  5.8206E+00
  5.600  1.1495E+00  1.0436E-01 -2.0695E+01  1.117E+00  6.9951E+00  5.9993E+00
  5.800  1.0665E+00  9.8907E-02 -2.0913E+01  1.107E+00  7.2101E+00  6.1798E+00
  6.000  9.8388E-01  9.3152E-02 -2.1118E+01  1.096E+00  7.4371E+00  6.3618E+00
  6.500  7.7992E-01  7.8640E-02 -2.1591E+01  1.072E+00  8.0509E+00  6.8226E+00
  7.000  5.7979E-01  6.5070E-02 -2.2019E+01  1.052E+00  8.7219E+00  7.2903E+00
  7.500  3.8509E-01  5.3381E-02 -2.2415E+01  1.036E+00  9.4425E+00  7.7633E+00
  8.000  1.9802E-01  4.3707E-02 -2.2789E+01  1.022E+00  1.0207E+01  8.2404E+00
  8.500  1.7720E-02  3.5744E-02 -2.3145E+01  1.008E+00  1.1013E+01  8.7210E+00
  9.000 -1.5808E-01  2.9081E-02 -2.3481E+01  9.922E-01  1.1855E+01  9.2042E+00
  9.500 -3.3028E-01  2.3562E-02 -2.3798E+01  9.795E-01  1.2734E+01  9.6896E+00
 10.000 -4.9765E-01  1.9102E-02 -2.4101E+01  9.691E-01  1.3645E+01  1.0177E+01
 11.000 -8.1383E-01  1.2981E-02 -2.4668E+01  9.552E-01  1.5564E+01  1.1156E+01
 12.000 -1.1051E+00  9.1169E-03 -2.5188E+01  9.474E-01  1.7602E+01  1.2139E+01
 13.000 -1.3746E+00  6.3977E-03 -2.5676E+01  9.422E-01  1.9752E+01  1.3125E+01
 14.000 -1.6234E+00  4.6316E-03 -2.6119E+01  9.394E-01  2.2010E+01  1.4114E+01
 15.000 -1.8541E+00  3.4950E-03 -2.6520E+01  9.383E-01  2.4369E+01  1.5104E+01
 16.000 -2.0688E+00  2.6700E-03 -2.6906E+01  9.377E-01  2.6828E+01  1.6096E+01
 17.000 -2.2683E+00  2.0728E-03 -2.7263E+01  9.379E-01  2.9381E+01  1.7089E+01
 18.000 -2.4548E+00  1.6455E-03 -2.7584E+01  9.384E-01  3.2026E+01  1.8083E+01
 19.000 -2.6292E+00  1.3137E-03 -2.7900E+01  9.388E-01  3.4760E+01  1.9078E+01
 20.000 -2.7927E+00  1.0503E-03 -2.8199E+01  9.392E-01  3.7581E+01  2.0073E+01
