ATOMS
  *       x          y          z    ipot  Atom      Distance    Number
**********-  ********-  ********-  ******  ******  **********  ********
   0          0          0              0  Pt         0               0
  -2.23319   -0.628119   0.628119       1  P          2.40337        21
  -0.628119   0.628119  -2.23319        1  P          2.40337        35
  -0.628119   2.23319    0.628119       1  P          2.40337        49
   0.628119  -2.23319   -0.628119       1  P          2.40337        66
   0.628119  -0.628119   2.23319        1  P          2.40337        78
   2.23319    0.628119  -0.628119       1  P          2.40337        94
  -0.628119  -3.48943    0.628119       1  P          3.60072        19
  -3.48943    0.628119  -0.628119       1  P          3.60072        32
  -0.628119   0.628119   3.48943        1  P          3.60072        52
   0.628119  -0.628119  -3.48943        1  P          3.60072        63
   3.48943   -0.628119   0.628119       1  P          3.60072        81
   0.628119   3.48943   -0.628119       1  P          3.60072        98
  -2.23319   -2.23319   -2.23319        1  P          3.86799         7
   2.23319    2.23319    2.23319        1  P          3.86799       118
  -2.86131   -2.86131    0              2  Pt         4.0465         16
  -2.86131    0         -2.86131        2  Pt         4.0465         31
  -2.86131    2.86131    0              2  Pt         4.0465         45
  -2.86131    0          2.86131        2  Pt         4.0465         46
   0         -2.86131   -2.86131        2  Pt         4.0465         59
   0         -2.86131    2.86131        2  Pt         4.0465         74
   2.86131   -2.86131    0              2  Pt         4.0465         75
   0          2.86131   -2.86131        2  Pt         4.0465         90
   2.86131    0         -2.86131        2  Pt         4.0465         92
   0          2.86131    2.86131        2  Pt         4.0465        108
   2.86131    2.86131    0              2  Pt         4.0465        109
   2.86131    0          2.86131        2  Pt         4.0465        110
  -2.23319   -2.23319    3.48943        1  P          4.70642        20
  -2.23319    3.48943   -2.23319        1  P          4.70642        34
  -3.48943    2.23319    2.23319        1  P          4.70642        53
   3.48943   -2.23319   -2.23319        1  P          4.70642        64
   2.23319   -3.48943    2.23319        1  P          4.70642        83
   2.23319    2.23319   -3.48943        1  P          4.70642        99
  -3.48943   -3.48943    2.23319        1  P          5.41658        23
  -3.48943    2.23319   -3.48943        1  P          5.41658        37
  -2.23319    3.48943    3.48943        1  P          5.41658        50
   2.23319   -3.48943   -3.48943        1  P          5.41658        67
   3.48943   -2.23319    3.48943        1  P          5.41658        80
   3.48943    3.48943   -2.23319        1  P          5.41658        96
  -2.23319   -0.628119  -5.09449        1  P          5.59781         8
  -0.628119  -5.09449   -2.23319        1  P          5.59781         9
  -5.09449   -2.23319   -0.628119       1  P          5.59781        10
  -5.09449   -0.628119   2.23319        1  P          5.59781        18
  -0.628119   2.23319   -5.09449        1  P          5.59781        33
  -2.23319    5.09449    0.628119       1  P          5.59781        51
   2.23319   -5.09449   -0.628119       1  P          5.59781        62
   0.628119  -2.23319    5.09449        1  P          5.59781        82
   5.09449    0.628119  -2.23319        1  P          5.59781        97
   2.23319    0.628119   5.09449        1  P          5.59781       111
   0.628119   5.09449    2.23319        1  P          5.59781       112
   5.09449    2.23319    0.628119       1  P          5.59781       113
  -5.72261    0          0              2  Pt         5.72261        47
   0         -5.72261    0              2  Pt         5.72261        77
   0          0         -5.72261        2  Pt         5.72261        93
   5.72261    0          0              2  Pt         5.72261       103
   0          5.72261    0              2  Pt         5.72261       105
   0          0          5.72261        2  Pt         5.72261       107
  -3.48943   -3.48943   -3.48943        1  P          6.04386        11
   3.48943    3.48943    3.48943        1  P          6.04386       114
  -3.48943   -5.09449   -0.628119       1  P          6.20681         4
  -5.09449   -0.628119  -3.48943        1  P          6.20681         5
  -0.628119  -3.48943   -5.09449        1  P          6.20681         6
  -0.628119  -5.09449    3.48943        1  P          6.20681        22
  -5.09449    3.48943   -0.628119       1  P          6.20681        36
  -3.48943    0.628119   5.09449        1  P          6.20681        48
   3.48943   -0.628119  -5.09449        1  P          6.20681        65
   5.09449   -3.48943    0.628119       1  P          6.20681        79
   0.628119   5.09449   -3.48943        1  P          6.20681        95
   3.48943    5.09449    0.628119       1  P          6.20681       115
   5.09449    0.628119   3.48943        1  P          6.20681       116
   0.628119   3.48943    5.09449        1  P          6.20681       117
  -2.23319   -0.628119   6.35073        1  P          6.76117        14
  -2.23319   -6.35073    0.628119       1  P          6.76117        24
  -0.628119   6.35073   -2.23319        1  P          6.76117        28
  -6.35073    0.628119  -2.23319        1  P          6.76117        39
  -0.628119   2.23319    6.35073        1  P          6.76117        43
  -6.35073    2.23319    0.628119       1  P          6.76117        54
   6.35073   -2.23319   -0.628119       1  P          6.76117        58
   0.628119  -2.23319   -6.35073        1  P          6.76117        68
   6.35073   -0.628119   2.23319        1  P          6.76117        71
   0.628119  -6.35073    2.23319        1  P          6.76117        84
   2.23319    6.35073   -0.628119       1  P          6.76117        89
   2.23319    0.628119  -6.35073        1  P          6.76117       100
  -5.72261   -2.86131   -2.86131        2  Pt         7.00874         1
  -2.86131   -2.86131   -5.72261        2  Pt         7.00874         2
  -2.86131   -5.72261   -2.86131        2  Pt         7.00874         3
  -2.86131   -2.86131    5.72261        2  Pt         7.00874        12
  -5.72261   -2.86131    2.86131        2  Pt         7.00874        15
  -2.86131   -5.72261    2.86131        2  Pt         7.00874        17
  -2.86131    5.72261   -2.86131        2  Pt         7.00874        26
  -5.72261    2.86131   -2.86131        2  Pt         7.00874        29
  -2.86131    2.86131   -5.72261        2  Pt         7.00874        30
  -2.86131    5.72261    2.86131        2  Pt         7.00874        40
  -2.86131    2.86131    5.72261        2  Pt         7.00874        42
  -5.72261    2.86131    2.86131        2  Pt         7.00874        44
   5.72261   -2.86131   -2.86131        2  Pt         7.00874        56
   2.86131   -2.86131   -5.72261        2  Pt         7.00874        60
   2.86131   -5.72261   -2.86131        2  Pt         7.00874        61
   5.72261   -2.86131    2.86131        2  Pt         7.00874        70
   2.86131   -2.86131    5.72261        2  Pt         7.00874        72
   2.86131   -5.72261    2.86131        2  Pt         7.00874        76
   5.72261    2.86131   -2.86131        2  Pt         7.00874        86
   2.86131    5.72261   -2.86131        2  Pt         7.00874        88
   2.86131    2.86131   -5.72261        2  Pt         7.00874        91
   5.72261    2.86131    2.86131        2  Pt         7.00874       102
   2.86131    5.72261    2.86131        2  Pt         7.00874       104
   2.86131    2.86131    5.72261        2  Pt         7.00874       106
  -0.628119  -3.48943    6.35073        1  P          7.27341        13
  -6.35073   -3.48943    0.628119       1  P          7.27341        25
  -3.48943    6.35073   -0.628119       1  P          7.27341        27
  -3.48943    0.628119  -6.35073        1  P          7.27341        38
  -0.628119   6.35073    3.48943        1  P          7.27341        41
  -6.35073    0.628119   3.48943        1  P          7.27341        55
   6.35073   -0.628119  -3.48943        1  P          7.27341        57
   0.628119  -6.35073   -3.48943        1  P          7.27341        69
   3.48943   -0.628119   6.35073        1  P          7.27341        73
   3.48943   -6.35073    0.628119       1  P          7.27341        85
   6.35073    3.48943   -0.628119       1  P          7.27341        87
   0.628119   3.48943   -6.35073        1  P          7.27341       101
END
