# comment: None given                          Feff8L (EXAFS)       0.1      
# Source:
# Structure Summary:  P8 Pt4
# Reduced formula:  P2Pt
# space group: (Pa-3), space number:  (205)
# abc:  5.722614   5.722614   5.722614
# angles: 90.000000  90.000000  90.000000
# sites: 12
# mp-730
# POT  Non-SCF, core-hole, AFOLP (folp(0)= 1.150)
# Abs   Z=78 Rmt= 1.374 Rnm= 1.446 L3 shell
# Pot 1 Z=15 Rmt= 1.324 Rnm= 1.436
# Pot 2 Z=78 Rmt= 1.387 Rnm= 1.462
# Gam_ch=5.171E+00 H-L exch
# Mu= 1.703E+00 kf=2.133E+00 Vint=-1.564E+01 Rs_int= 1.700
# PATH  Rmax= 6.000,  Keep_limit= 0.00, Heap_limit 0.00  Pwcrit= 2.50%
#  S02=1.000                                        Global_sig2= 0.00000
#  Curved wave amplitude ratio filter   4.000%
#     file         sig2 tot  cw amp ratio   deg  nlegs   reff  inp sig2
#           1       0.00000    100.00      6.00     2   2.4034
#           2       0.00000     28.96      6.00     2   3.6007
#           3       0.00000      7.67      2.00     2   3.8680
#           4       0.00000     53.58     12.00     2   4.0465
#           5       0.00000     10.13     12.00     3   4.0900
#           6       0.00000     23.95     24.00     3   4.4266
#           7       0.00000     11.87      6.00     2   4.7064
#           8       0.00000      6.46      6.00     3   4.8067
#           9       0.00000     18.60      6.00     4   4.8067
#          14       0.00000      7.18      6.00     2   5.4166
#          16       0.00000     12.73     12.00     2   5.5978
#          17       0.00000     14.07     12.00     3   5.6410
#          18       0.00000      4.02     12.00     3   5.6665
#          19       0.00000      7.87      6.00     4   5.6841
#          20       0.00000     10.29      6.00     2   5.7226
#          21       0.00000      4.92     12.00     3   5.7571
#          23       0.00000      8.07     12.00     3   5.8633
#          24       0.00000      8.65     12.00     3   5.8633
#    18/  21 paths used
#  xsedge+50, used to normalize mu           3.9248E-04
#  -----------------------------------------------------------------------
#  omega    e    k    mu    mu0     chi     @#
   11563.069      1.712   0.050  8.34158E-01  5.27822E-01  2.78732E-01
   11563.097      1.741   0.100  8.34248E-01  5.30366E-01  2.76663E-01
   11563.145      1.788   0.150  8.34455E-01  5.37875E-01  2.70483E-01
   11563.212      1.855   0.200  8.34682E-01  5.45384E-01  2.64299E-01
   11563.297      1.941   0.250  8.34974E-01  5.57685E-01  2.54039E-01
   11563.402      2.046   0.300  8.35343E-01  5.69985E-01  2.43793E-01
   11563.526      2.169   0.350  8.35589E-01  5.86627E-01  2.29589E-01
   11563.669      2.312   0.400  8.36044E-01  6.03269E-01  2.15472E-01
   11563.831      2.474   0.450  8.35847E-01  6.23280E-01  1.97663E-01
   11564.012      2.655   0.500  8.36106E-01  6.43292E-01  1.80117E-01
   11564.212      2.855   0.550  8.34825E-01  6.65107E-01  1.59363E-01
   11564.431      3.074   0.600  8.34384E-01  6.86923E-01  1.39185E-01
   11564.669      3.312   0.650  8.31438E-01  7.08641E-01  1.16555E-01
   11564.926      3.570   0.700  8.29845E-01  7.30359E-01  9.49603E-02
   11565.202      3.846   0.750  8.25021E-01  7.50272E-01  7.17640E-02
   11565.498      4.141   0.800  8.22149E-01  7.70185E-01  5.01815E-02
   11565.812      4.455   0.850  8.16754E-01  7.87223E-01  2.86843E-02
   11566.145      4.789   0.900  8.13809E-01  8.04262E-01  9.32769E-03
   11566.498      5.141   0.950  8.09239E-01  8.18090E-01 -8.69604E-03
   11566.869      5.513   1.000  8.07356E-01  8.31918E-01 -2.42705E-02
   11567.260      5.903   1.050  8.05427E-01  8.42739E-01 -3.70666E-02
   11567.669      6.313   1.100  8.05744E-01  8.53560E-01 -4.77562E-02
   11568.098      6.741   1.150  8.07322E-01  8.61851E-01 -5.47244E-02
   11568.546      7.189   1.200  8.10673E-01  8.70142E-01 -5.99730E-02
   11569.012      7.656   1.250  8.14332E-01  8.76457E-01 -6.29181E-02
   11569.498      8.142   1.300  8.21109E-01  8.82772E-01 -6.27159E-02
   11570.003      8.646   1.350  8.27230E-01  8.87633E-01 -6.16534E-02
   11570.527      9.170   1.400  8.33158E-01  8.92494E-01 -6.07802E-02
   11571.070      9.713   1.450  8.37585E-01  8.96340E-01 -6.03533E-02
   11571.632     10.275   1.500  8.40982E-01  9.00185E-01 -6.09854E-02
   11572.213     10.856   1.550  8.40820E-01  9.03367E-01 -6.45621E-02
   11572.813     11.456   1.600  8.39013E-01  9.06549E-01 -6.98539E-02
   11573.432     12.075   1.650  8.32902E-01  9.09334E-01 -7.91554E-02
   11574.070     12.714   1.700  8.25414E-01  9.12118E-01 -8.99080E-02
   11574.727     13.371   1.750  8.14681E-01  9.14695E-01 -1.03766E-01
   11575.404     14.047   1.800  8.04060E-01  9.17272E-01 -1.17523E-01
   11576.099     14.742   1.850  7.92851E-01  9.19778E-01 -1.31745E-01
   11576.813     15.457   1.900  7.83947E-01  9.22284E-01 -1.43570E-01
   11577.547     16.190   1.950  7.77563E-01  9.24873E-01 -1.52777E-01
   11578.299     16.943   2.000  7.75257E-01  9.27461E-01 -1.57744E-01
   11579.071     17.714   2.050  7.77467E-01  9.29831E-01 -1.57707E-01
   11579.861     18.505   2.100  7.84214E-01  9.32201E-01 -1.52979E-01
   11580.671     19.314   2.150  7.94807E-01  9.34570E-01 -1.44294E-01
   11581.500     20.143   2.200  8.08496E-01  9.36940E-01 -1.32438E-01
   11582.347     20.991   2.250  8.26166E-01  9.39283E-01 -1.16433E-01
   11583.214     21.858   2.300  8.44994E-01  9.41626E-01 -9.92934E-02
   11584.100     22.743   2.350  8.64349E-01  9.43970E-01 -8.16728E-02
   11585.005     23.648   2.400  8.83788E-01  9.46313E-01 -6.40268E-02
   11585.929     24.572   2.450  8.98181E-01  9.45127E-01 -4.80146E-02
   11586.872     25.515   2.500  9.11690E-01  9.43941E-01 -3.29457E-02
   11587.834     26.477   2.550  9.24335E-01  9.42755E-01 -1.87936E-02
   11588.815     27.458   2.600  9.35557E-01  9.41569E-01 -6.12658E-03
   11589.815     28.458   2.650  9.46196E-01  9.41242E-01  5.03262E-03
   11590.834     29.478   2.700  9.55452E-01  9.40915E-01  1.47217E-02
   11591.872     30.516   2.750  9.63080E-01  9.40588E-01  2.27073E-02
   11592.929     31.573   2.800  9.69106E-01  9.40261E-01  2.90318E-02
   11594.006     32.649   2.850  9.77263E-01  9.41798E-01  3.55955E-02
   11595.101     33.745   2.900  9.84714E-01  9.43334E-01  4.14158E-02
   11596.216     34.859   2.950  9.91907E-01  9.44870E-01  4.69470E-02
   11597.349     35.993   3.000  9.99305E-01  9.46406E-01  5.26511E-02
   11598.502     37.145   3.050  1.00684E+00  9.47068E-01  5.94470E-02
   11599.673     38.317   3.100  1.01476E+00  9.47729E-01  6.66218E-02
   11600.864     39.507   3.150  1.02279E+00  9.48391E-01  7.38875E-02
   11602.073     40.717   3.200  1.03033E+00  9.49053E-01  8.06598E-02
   11603.302     41.946   3.250  1.03662E+00  9.50080E-01  8.59076E-02
   11604.550     43.193   3.300  1.04057E+00  9.51106E-01  8.88358E-02
   11605.817     44.460   3.350  1.04132E+00  9.52133E-01  8.85930E-02
   11607.103     45.746   3.400  1.03823E+00  9.53160E-01  8.45341E-02
   11608.408     47.051   3.450  1.02965E+00  9.52622E-01  7.66456E-02
   11609.732     48.375   3.500  1.01705E+00  9.52085E-01  6.47320E-02
   11611.075     49.718   3.550  1.00099E+00  9.51547E-01  4.93349E-02
   11612.437     51.080   3.600  9.82457E-01  9.51010E-01  3.14185E-02
   11613.818     52.461   3.650  9.63023E-01  9.50781E-01  1.22562E-02
   11615.218     53.861   3.700  9.43656E-01  9.50551E-01 -6.91704E-03
   11616.637     55.281   3.750  9.25702E-01  9.50322E-01 -2.47482E-02
   11618.075     56.719   3.800  9.10274E-01  9.50093E-01 -4.01069E-02
   11619.533     58.176   3.850  8.96676E-01  9.48703E-01 -5.25341E-02
   11621.009     59.653   3.900  8.86676E-01  9.47313E-01 -6.13813E-02
   11622.504     61.148   3.950  8.80163E-01  9.45923E-01 -6.67340E-02
   11624.019     62.662   4.000  8.76651E-01  9.44533E-01 -6.90606E-02
   11625.552     64.196   4.050  8.75458E-01  9.43264E-01 -6.91720E-02
   11627.105     65.749   4.100  8.75775E-01  9.41995E-01 -6.77405E-02
   11628.677     67.320   4.150  8.76859E-01  9.40727E-01 -6.55134E-02
   11630.267     68.911   4.200  8.78172E-01  9.39458E-01 -6.30381E-02
   11631.877     70.521   4.250  8.79214E-01  9.37927E-01 -6.05607E-02
   11633.506     72.149   4.300  8.80285E-01  9.36396E-01 -5.80385E-02
   11635.154     73.797   4.350  8.81677E-01  9.34865E-01 -5.51697E-02
   11636.820     75.464   4.400  8.83846E-01  9.33335E-01 -5.14766E-02
   11638.506     77.150   4.450  8.87271E-01  9.31713E-01 -4.63447E-02
   11640.211     78.855   4.500  8.92479E-01  9.30091E-01 -3.93226E-02
   11641.935     80.579   4.550  8.99776E-01  9.28469E-01 -3.00741E-02
   11643.678     82.322   4.600  9.09244E-01  9.26846E-01 -1.84978E-02
   11645.441     84.084   4.650  9.21350E-01  9.25705E-01 -4.58781E-03
   11647.222     85.865   4.700  9.35027E-01  9.24564E-01  1.10452E-02
   11649.022     87.665   4.750  9.49575E-01  9.23423E-01  2.76709E-02
   11650.841     89.485   4.800  9.64104E-01  9.22282E-01  4.43527E-02
   11652.680     91.323   4.850  9.77743E-01  9.21131E-01  6.01550E-02
   11654.537     93.180   4.900  9.89299E-01  9.19980E-01  7.38019E-02
   11656.413     95.057   4.950  9.97747E-01  9.18828E-01  8.41848E-02
   11658.309     96.952   5.000  1.00221E+00  9.17677E-01  9.03461E-02
   11660.223     98.867   5.050  1.00260E+00  9.16951E-01  9.16904E-02
   11662.157    100.800   5.100  9.98055E-01  9.16226E-01  8.77384E-02
   11664.109    102.753   5.150  9.88648E-01  9.15500E-01  7.85553E-02
   11666.081    104.725   5.200  9.74939E-01  9.14775E-01  6.47140E-02
   11668.072    106.715   5.250  9.57982E-01  9.14223E-01  4.71307E-02
   11670.082    108.725   5.300  9.38924E-01  9.13672E-01  2.72338E-02
   11672.110    110.754   5.350  9.19359E-01  9.13120E-01  6.73730E-03
   11674.158    112.802   5.400  9.00946E-01  9.12568E-01 -1.25679E-02
   11676.225    114.869   5.450  8.84841E-01  9.12098E-01 -2.95057E-02
   11678.311    116.955   5.500  8.72464E-01  9.11628E-01 -4.24416E-02
   11680.416    119.060   5.550  8.64443E-01  9.11158E-01 -5.06792E-02
   11682.540    121.184   5.600  8.60833E-01  9.10688E-01 -5.41451E-02
   11684.683    123.327   5.650  8.61489E-01  9.10471E-01 -5.32512E-02
   11686.846    125.489   5.700  8.65338E-01  9.10254E-01 -4.88811E-02
   11689.027    127.670   5.750  8.71194E-01  9.10038E-01 -4.23160E-02
   11691.227    129.871   5.800  8.77822E-01  9.09821E-01 -3.48951E-02
   11693.446    132.090   5.850  8.84153E-01  9.09482E-01 -2.76468E-02
   11695.685    134.328   5.900  8.89325E-01  9.09143E-01 -2.16507E-02
   11697.942    136.586   5.950  8.92903E-01  9.08803E-01 -1.73867E-02
   11700.219    138.862   6.000  8.94870E-01  9.08464E-01 -1.48788E-02
   11702.514    141.158   6.050  8.95317E-01  9.08047E-01 -1.39467E-02
   11704.829    143.472   6.100  8.94925E-01  9.07630E-01 -1.39315E-02
   11707.162    145.806   6.150  8.94389E-01  9.07213E-01 -1.40761E-02
   11709.515    148.158   6.200  8.94360E-01  9.06795E-01 -1.36626E-02
   11711.887    150.530   6.250  8.95339E-01  9.06378E-01 -1.21402E-02
   11714.277    152.921   6.300  8.97604E-01  9.05961E-01 -9.19937E-03
   11716.687    155.331   6.350  9.01199E-01  9.05544E-01 -4.78793E-03
   11719.116    157.760   6.400  9.05962E-01  9.05127E-01  9.20628E-04
   11721.564    160.208   6.450  9.11581E-01  9.04710E-01  7.58631E-03
   11724.031    162.675   6.500  9.17657E-01  9.04293E-01  1.47686E-02
   11726.517    165.161   6.550  9.23946E-01  9.03676E-01  2.24204E-02
   11729.022    167.666   6.600  9.29838E-01  9.03058E-01  2.96485E-02
   11731.546    170.190   6.650  9.34777E-01  9.02441E-01  3.58324E-02
   11734.089    172.733   6.700  9.38242E-01  9.01824E-01  4.03939E-02
   11736.652    175.295   6.750  9.39797E-01  9.01207E-01  4.28436E-02
   11739.233    177.876   6.800  9.39131E-01  9.00590E-01  4.28296E-02
   11741.833    180.477   6.850  9.36101E-01  8.99973E-01  4.01858E-02
   11744.452    183.096   6.900  9.30768E-01  8.99356E-01  3.49722E-02
   11747.091    185.734   6.950  9.23412E-01  8.98739E-01  2.74951E-02
   11749.748    188.392   7.000  9.14525E-01  8.98122E-01  1.82969E-02
   11752.425    191.068   7.050  9.04508E-01  8.97427E-01  7.90418E-03
   11755.120    193.764   7.100  8.94453E-01  8.96731E-01 -2.54524E-03
   11757.835    196.479   7.150  8.85153E-01  8.96036E-01 -1.21640E-02
   11760.569    199.212   7.200  8.77262E-01  8.95341E-01 -2.02208E-02
   11763.321    201.965   7.250  8.71206E-01  8.94645E-01 -2.62356E-02
   11766.093    204.737   7.300  8.67141E-01  8.93950E-01 -3.00270E-02
   11768.884    207.528   7.350  8.64969E-01  8.93255E-01 -3.17038E-02
   11771.694    210.337   7.400  8.64383E-01  8.92559E-01 -3.16029E-02
   11774.523    213.166   7.450  8.64966E-01  8.91864E-01 -3.01895E-02
   11777.371    216.014   7.500  8.66290E-01  8.91169E-01 -2.79423E-02
   11780.238    218.881   7.550  8.68172E-01  8.90668E-01 -2.52748E-02
   11783.124    221.767   7.600  8.70197E-01  8.90168E-01 -2.24463E-02
   11786.029    224.672   7.650  8.72318E-01  8.89668E-01 -1.95069E-02
   11788.953    227.597   7.700  8.74625E-01  8.89167E-01 -1.63565E-02
   11791.896    230.540   7.750  8.77270E-01  8.88667E-01 -1.28229E-02
   11794.859    233.502   7.800  8.80387E-01  8.88167E-01 -8.75584E-03
   11797.840    236.483   7.850  8.84016E-01  8.87667E-01 -4.11049E-03
   11800.840    239.484   7.900  8.88057E-01  8.87166E-01  1.00310E-03
   11803.860    242.503   7.950  8.92273E-01  8.86666E-01  6.31694E-03
   11806.898    245.542   8.000  8.96324E-01  8.86166E-01  1.14486E-02
   11809.956    248.599   8.050  8.99997E-01  8.85699E-01  1.61200E-02
   11813.032    251.676   8.100  9.02848E-01  8.85233E-01  1.98668E-02
   11816.128    254.771   8.150  9.04629E-01  8.84766E-01  2.24094E-02
   11819.242    257.886   8.200  9.05243E-01  8.84300E-01  2.36359E-02
   11822.376    261.020   8.250  9.04744E-01  8.83833E-01  2.36071E-02
   11825.529    264.172   8.300  9.03306E-01  8.83367E-01  2.25184E-02
   11828.701    267.344   8.350  9.01163E-01  8.82900E-01  2.06322E-02
   11831.892    270.535   8.400  8.98540E-01  8.82434E-01  1.82023E-02
   11835.101    273.745   8.450  8.95601E-01  8.81967E-01  1.54128E-02
   11838.330    276.974   8.500  8.92421E-01  8.81501E-01  1.23490E-02
   11841.578    280.222   8.550  8.88909E-01  8.80997E-01  8.95165E-03
   11844.846    283.489   8.600  8.85058E-01  8.80493E-01  5.16684E-03
   11848.132    286.775   8.650  8.80865E-01  8.79990E-01  9.91376E-04
   11851.437    290.080   8.700  8.76406E-01  8.79486E-01 -3.48887E-03
   11854.761    293.405   8.750  8.71867E-01  8.78982E-01 -8.06564E-03
   11858.104    296.748   8.800  8.67533E-01  8.78478E-01 -1.24130E-02
   11861.467    300.110   8.850  8.63756E-01  8.77974E-01 -1.61323E-02
   11864.848    303.491   8.900  8.60886E-01  8.77471E-01 -1.88261E-02
   11868.248    306.892   8.950  8.59194E-01  8.76967E-01 -2.01839E-02
   11871.668    310.311   9.000  8.58813E-01  8.76463E-01 -2.00542E-02
   11875.106    313.750   9.050  8.59512E-01  8.75768E-01 -1.84846E-02
   11878.564    317.207   9.100  8.61284E-01  8.75073E-01 -1.56909E-02
   11882.040    320.684   9.150  8.63753E-01  8.74378E-01 -1.20989E-02
   11885.536    324.180   9.200  8.66478E-01  8.73684E-01 -8.21068E-03
   11889.051    327.694   9.250  8.69037E-01  8.72989E-01 -4.50674E-03
   11892.585    331.228   9.300  8.71101E-01  8.72294E-01 -1.36129E-03
   11896.137    334.781   9.350  8.72484E-01  8.71599E-01  1.01140E-03
   11899.709    338.353   9.400  8.73152E-01  8.70904E-01  2.56932E-03
   11903.300    341.944   9.450  8.73196E-01  8.70209E-01  3.41653E-03
   11906.910    345.554   9.500  8.72792E-01  8.69514E-01  3.75112E-03
   11910.539    349.183   9.550  8.72050E-01  8.68741E-01  3.79090E-03
   11914.187    352.831   9.600  8.71240E-01  8.67967E-01  3.75243E-03
   11917.854    356.498   9.650  8.70526E-01  8.67194E-01  3.82380E-03
   11921.540    360.184   9.700  8.70025E-01  8.66420E-01  4.13942E-03
   11925.246    363.889   9.750  8.69809E-01  8.65647E-01  4.78484E-03
   11928.970    367.613   9.800  8.69921E-01  8.64873E-01  5.80681E-03
   11932.713    371.357   9.850  8.70367E-01  8.64100E-01  7.21612E-03
   11936.476    375.119   9.900  8.71115E-01  8.63327E-01  8.97566E-03
   11940.257    378.901   9.950  8.72068E-01  8.62553E-01  1.09749E-02
   11944.057    382.701  10.000  8.73042E-01  8.61780E-01  1.30015E-02
   11947.877    386.520  10.050  8.73796E-01  8.61016E-01  1.47664E-02
   11951.716    390.359  10.100  8.73936E-01  8.60252E-01  1.58243E-02
   11955.573    394.217  10.150  8.73038E-01  8.59488E-01  1.56826E-02
   11959.450    398.093  10.200  8.70718E-01  8.58724E-01  1.38931E-02
   11963.345    401.989  10.250  8.66737E-01  8.57960E-01  1.01746E-02
   11967.260    405.904  10.300  8.61101E-01  8.57196E-01  4.53032E-03
   11971.194    409.838  10.350  8.54130E-01  8.56432E-01 -2.67339E-03
   11975.147    413.790  10.400  8.46464E-01  8.55668E-01 -1.06980E-02
   11979.119    417.762  10.450  8.38991E-01  8.54904E-01 -1.85101E-02
   11983.110    421.753  10.500  8.32716E-01  8.54140E-01 -2.49416E-02
   11987.120    425.763  10.550  8.28568E-01  8.53377E-01 -2.89057E-02
   11991.149    429.792  10.600  8.27209E-01  8.52613E-01 -2.96241E-02
   11995.197    433.840  10.650  8.28875E-01  8.51849E-01 -2.68126E-02
   11999.264    437.908  10.700  8.33298E-01  8.51085E-01 -2.07769E-02
   12003.350    441.994  10.750  8.39724E-01  8.50321E-01 -1.23886E-02
   12007.456    446.099  10.800  8.47045E-01  8.49557E-01 -2.93922E-03
   12011.580    450.223  10.850  8.54002E-01  8.48793E-01  6.09989E-03
   12015.723    454.367  10.900  8.59430E-01  8.48029E-01  1.33624E-02
   12019.886    458.529  10.950  8.62483E-01  8.47265E-01  1.78511E-02
   12024.067    462.711  11.000  8.62789E-01  8.46501E-01  1.91223E-02
   12028.268    466.911  11.050  8.60560E-01  8.45674E-01  1.74947E-02
   12032.487    471.131  11.100  8.56339E-01  8.44848E-01  1.35195E-02
   12036.726    475.369  11.150  8.51015E-01  8.44021E-01  8.23676E-03
   12040.983    479.627  11.200  8.45586E-01  8.43194E-01  2.81982E-03
   12045.260    483.904  11.250  8.40948E-01  8.42367E-01 -1.67485E-03
   12049.556    488.199  11.300  8.37722E-01  8.41540E-01 -4.51051E-03
   12053.871    492.514  11.350  8.36162E-01  8.40714E-01 -5.38218E-03
   12058.205    496.848  11.400  8.36152E-01  8.39887E-01 -4.42041E-03
   12062.557    501.201  11.450  8.37290E-01  8.39060E-01 -2.09755E-03
   12066.929    505.573  11.500  8.39016E-01  8.38233E-01  9.28279E-04
   12071.320    509.964  11.550  8.40762E-01  8.37406E-01  3.98404E-03
   12075.730    514.374  11.600  8.42066E-01  8.36579E-01  6.52111E-03
   12080.160    518.803  11.650  8.42637E-01  8.35753E-01  8.19170E-03
   12084.608    523.251  11.700  8.42359E-01  8.34926E-01  8.85344E-03
   12089.075    527.718  11.750  8.41242E-01  8.34099E-01  8.51682E-03
   12093.561    532.205  11.800  8.39361E-01  8.33272E-01  7.26684E-03
   12098.066    536.710  11.850  8.36794E-01  8.32445E-01  5.19544E-03
   12102.591    541.234  11.900  8.33603E-01  8.31619E-01  2.37357E-03
   12107.134    545.778  11.950  8.29851E-01  8.30792E-01 -1.12649E-03
   12111.697    550.340  12.000  8.25652E-01  8.29965E-01 -5.16942E-03
   12116.278    554.922  12.050  8.21116E-01  8.29017E-01 -9.47987E-03
   12120.879    559.522  12.100  8.16708E-01  8.28069E-01 -1.36478E-02
   12125.498    564.142  12.150  8.12934E-01  8.27121E-01 -1.70623E-02
   12130.137    568.781  12.200  8.10369E-01  8.26173E-01 -1.90299E-02
   12134.795    573.438  12.250  8.09525E-01  8.25225E-01 -1.89269E-02
   12139.471    578.115  12.300  8.10707E-01  8.24276E-01 -1.63774E-02
   12144.167    582.811  12.350  8.13887E-01  8.23328E-01 -1.14083E-02
   12148.882    587.526  12.400  8.18636E-01  8.22380E-01 -4.52966E-03
   12153.616    592.260  12.450  8.24155E-01  8.21432E-01  3.29796E-03
   12158.369    597.012  12.500  8.29402E-01  8.20484E-01  1.08143E-02
   12163.141    601.784  12.550  8.33296E-01  8.19536E-01  1.67056E-02
   12167.932    606.576  12.600  8.34952E-01  8.18588E-01  1.98915E-02
   12172.742    611.386  12.650  8.33895E-01  8.17640E-01  1.97822E-02
   12177.571    616.215  12.700  8.30183E-01  8.16692E-01  1.64375E-02
   12182.419    621.063  12.750  8.24419E-01  8.15744E-01  1.05825E-02
   12187.287    625.930  12.800  8.17634E-01  8.14796E-01  3.46589E-03
   12192.173    630.817  12.850  8.11060E-01  8.13848E-01 -3.40868E-03
   12197.078    635.722  12.900  8.05861E-01  8.12900E-01 -8.61755E-03
   12202.003    640.646  12.950  8.02866E-01  8.11952E-01 -1.11367E-02
   12206.946    645.590  13.000  8.02392E-01  8.11004E-01 -1.05681E-02
   12211.909    650.552  13.050  8.04195E-01  8.10051E-01 -7.19512E-03
   12216.890    655.534  13.100  8.07464E-01  8.09099E-01 -2.01167E-03
   12221.891    660.534  13.150  8.11138E-01  8.08147E-01  3.68398E-03
   12226.911    665.554  13.200  8.14119E-01  8.07195E-01  8.53915E-03
   12231.949    670.593  13.250  8.15522E-01  8.06242E-01  1.14581E-02
   12237.007    675.651  13.300  8.14863E-01  8.05290E-01  1.18356E-02
   12242.084    680.727  13.350  8.12141E-01  8.04338E-01  9.65951E-03
   12247.180    685.823  13.400  8.07795E-01  8.03386E-01  5.46552E-03
   12252.295    690.938  13.450  8.02567E-01  8.02433E-01  1.65578E-04
   12257.428    696.072  13.500  7.97299E-01  8.01481E-01 -5.19573E-03
   12262.581    701.225  13.550  7.92741E-01  8.00529E-01 -9.68879E-03
   12267.754    706.397  13.600  7.89392E-01  7.99577E-01 -1.26860E-02
   12272.945    711.588  13.650  7.87442E-01  7.98624E-01 -1.39466E-02
   12278.155    716.798  13.700  7.86790E-01  7.97672E-01 -1.35881E-02
   12283.384    722.028  13.750  7.87146E-01  7.96720E-01 -1.19702E-02
   12288.632    727.276  13.800  7.88150E-01  7.95768E-01 -9.53553E-03
   12293.900    732.543  13.850  7.89498E-01  7.94815E-01 -6.66425E-03
   12299.186    737.829  13.900  7.91004E-01  7.93863E-01 -3.58858E-03
   12304.491    743.135  13.950  7.92601E-01  7.92911E-01 -3.88710E-04
   12309.816    748.459  14.000  7.94292E-01  7.91959E-01  2.93625E-03
   12315.159    753.803  14.050  7.95990E-01  7.90953E-01  6.34682E-03
   12320.522    759.165  14.100  7.97607E-01  7.89947E-01  9.66483E-03
   12325.903    764.547  14.150  7.98870E-01  7.88941E-01  1.25440E-02
   12331.304    769.948  14.200  7.99387E-01  7.87935E-01  1.44888E-02
   12336.724    775.367  14.250  7.98743E-01  7.86929E-01  1.49666E-02
   12342.162    780.806  14.300  7.96621E-01  7.85923E-01  1.35714E-02
   12347.620    786.264  14.350  7.92938E-01  7.84917E-01  1.01894E-02
   12353.097    791.741  14.400  7.87928E-01  7.83911E-01  5.11045E-03
   12358.593    797.237  14.450  7.82152E-01  7.82905E-01 -9.58478E-04
   12364.108    802.752  14.500  7.76415E-01  7.81899E-01 -6.99523E-03
   12369.642    808.286  14.550  7.71605E-01  7.80893E-01 -1.18643E-02
   12375.195    813.839  14.600  7.68495E-01  7.79887E-01 -1.45723E-02
   12380.767    819.411  14.650  7.67551E-01  7.78881E-01 -1.45130E-02
   12386.358    825.002  14.700  7.68805E-01  7.77875E-01 -1.16345E-02
   12391.968    830.612  14.750  7.71823E-01  7.76869E-01 -6.48235E-03
   12397.598    836.241  14.800  7.75785E-01  7.75863E-01 -1.00164E-04
   12403.246    841.890  14.850  7.79663E-01  7.74857E-01  6.19110E-03
   12408.913    847.557  14.900  7.82443E-01  7.73851E-01  1.10830E-02
   12414.600    853.243  14.950  7.83348E-01  7.72845E-01  1.35680E-02
   12420.305    858.949  15.000  7.82009E-01  7.71839E-01  1.31559E-02
   12426.030    864.673  15.050  7.78458E-01  7.70800E-01  9.92031E-03
   12431.773    870.417  15.100  7.73324E-01  7.69760E-01  4.62372E-03
   12437.536    876.179  15.150  7.67451E-01  7.68721E-01 -1.64870E-03
   12443.318    881.961  15.200  7.61771E-01  7.67681E-01 -7.68787E-03
   12449.118    887.762  15.250  7.57107E-01  7.66641E-01 -1.24208E-02
   12454.938    893.581  15.300  7.54016E-01  7.65602E-01 -1.51145E-02
   12460.777    899.420  15.350  7.52713E-01  7.64562E-01 -1.54809E-02
   12466.635    905.278  15.400  7.53075E-01  7.63523E-01 -1.36688E-02
   12472.512    911.155  15.450  7.54728E-01  7.62483E-01 -1.01606E-02
   12478.407    917.051  15.500  7.57165E-01  7.61444E-01 -5.61419E-03
   12484.322    922.966  15.550  7.59871E-01  7.60404E-01 -7.00709E-04
   12490.256    928.900  15.600  7.62418E-01  7.59365E-01  4.01804E-03
   12496.210    934.853  15.650  7.64507E-01  7.58325E-01  8.14568E-03
   12502.182    940.825  15.700  7.65955E-01  7.57286E-01  1.14401E-02
   12508.173    946.816  15.750  7.66656E-01  7.56246E-01  1.37566E-02
   12514.183    952.827  15.800  7.66526E-01  7.55207E-01  1.49799E-02
   12520.212    958.856  15.850  7.65472E-01  7.54167E-01  1.49814E-02
   12526.261    964.904  15.900  7.63393E-01  7.53128E-01  1.36245E-02
   12532.328    970.972  15.950  7.60231E-01  7.52088E-01  1.08220E-02
   12538.415    977.058  16.000  7.56025E-01  7.51049E-01  6.62394E-03
   12544.520    983.164  16.050  7.50970E-01  7.50003E-01  1.28893E-03
   12550.645    989.288  16.100  7.45507E-01  7.48958E-01 -4.60625E-03
   12556.788    995.432  16.150  7.40220E-01  7.47912E-01 -1.02824E-02
   12562.951   1001.594  16.200  7.35780E-01  7.46867E-01 -1.48414E-02
   12569.133   1007.776  16.250  7.32811E-01  7.45821E-01 -1.74409E-02
   12575.333   1013.977  16.300  7.31748E-01  7.44776E-01 -1.74898E-02
   12581.553   1020.197  16.350  7.32711E-01  7.43730E-01 -1.48150E-02
   12587.792   1026.436  16.400  7.35444E-01  7.42685E-01 -9.74893E-03
   12594.050   1032.693  16.450  7.39335E-01  7.41639E-01 -3.10667E-03
   12600.327   1038.970  16.500  7.43520E-01  7.40594E-01  3.95111E-03
   12606.623   1045.266  16.550  7.47049E-01  7.39548E-01  1.01435E-02
   12612.938   1051.581  16.600  7.49086E-01  7.38503E-01  1.43328E-02
   12619.272   1057.916  16.650  7.49080E-01  7.37457E-01  1.57634E-02
   12625.625   1064.269  16.700  7.46882E-01  7.36412E-01  1.42207E-02
   12631.997   1070.641  16.750  7.42770E-01  7.35366E-01  1.00705E-02
   12638.389   1077.032  16.800  7.37383E-01  7.34321E-01  4.17176E-03
   12644.799   1083.442  16.850  7.31579E-01  7.33275E-01 -2.31381E-03
   12651.228   1089.872  16.900  7.26250E-01  7.32230E-01 -8.16959E-03
   12657.677   1096.320  16.950  7.22144E-01  7.31184E-01 -1.23687E-02
   12664.144   1102.788  17.000  7.19731E-01  7.30139E-01 -1.42613E-02
   12670.631   1109.274  17.050  7.19096E-01  7.29032E-01 -1.36352E-02
   12677.136   1115.780  17.100  7.20065E-01  7.27926E-01 -1.08036E-02
   12683.661   1122.304  17.150  7.22173E-01  7.26820E-01 -6.39495E-03
   12690.204   1128.848  17.200  7.24829E-01  7.25713E-01 -1.21854E-03
   12696.767   1135.411  17.250  7.27437E-01  7.24607E-01  3.90719E-03
   12703.349   1141.992  17.300  7.29499E-01  7.23500E-01  8.29336E-03
   12709.950   1148.593  17.350  7.30672E-01  7.22394E-01  1.14617E-02
   12716.569   1155.213  17.400  7.30780E-01  7.21287E-01  1.31624E-02
   12723.208   1161.852  17.450  7.29789E-01  7.20181E-01  1.33426E-02
   12729.866   1168.510  17.500  7.27768E-01  7.19075E-01  1.20909E-02
   12736.543   1175.187  17.550  7.24849E-01  7.17968E-01  9.58469E-03
   12743.239   1181.883  17.600  7.21206E-01  7.16862E-01  6.06052E-03
   12749.954   1188.598  17.650  7.17052E-01  7.15755E-01  1.81125E-03
   12756.689   1195.332  17.700  7.12649E-01  7.14649E-01 -2.79840E-03
   12763.442   1202.085  17.750  7.08320E-01  7.13543E-01 -7.31851E-03
   12770.214   1208.858  17.800  7.04438E-01  7.12436E-01 -1.12245E-02
   12777.005   1215.649  17.850  7.01394E-01  7.11330E-01 -1.39660E-02
   12783.816   1222.459  17.900  6.99530E-01  7.10223E-01 -1.50539E-02
   12790.645   1229.289  17.950  6.99066E-01  7.09117E-01 -1.41705E-02
   12797.493   1236.137  18.000  7.00027E-01  7.08011E-01 -1.12729E-02
   12804.361   1243.004  18.050  7.02231E-01  7.06938E-01 -6.65691E-03
   12811.247   1249.891  18.100  7.05193E-01  7.05866E-01 -9.52467E-04
   12818.153   1256.797  18.150  7.08285E-01  7.04793E-01  4.95230E-03
   12825.078   1263.721  18.200  7.10808E-01  7.03721E-01  1.00679E-02
   12832.021   1270.665  18.250  7.12135E-01  7.02648E-01  1.34963E-02
   12838.984   1277.628  18.300  7.11837E-01  7.01576E-01  1.46203E-02
   12845.966   1284.609  18.350  7.09784E-01  7.00503E-01  1.32426E-02
   12852.967   1291.610  18.400  7.06177E-01  6.99431E-01  9.64003E-03
   12859.987   1298.630  18.450  7.01512E-01  6.98358E-01  4.51421E-03
   12867.026   1305.669  18.500  6.96484E-01  6.97286E-01 -1.14972E-03
   12874.084   1312.727  18.550  6.91834E-01  6.96213E-01 -6.28662E-03
   12881.161   1319.804  18.600  6.88206E-01  6.95141E-01 -9.96913E-03
   12888.257   1326.900  18.650  6.86019E-01  6.94068E-01 -1.15901E-02
   12895.372   1334.015  18.700  6.85389E-01  6.92996E-01 -1.09693E-02
   12902.506   1341.150  18.750  6.86132E-01  6.91923E-01 -8.36356E-03
   12909.659   1348.303  18.800  6.87820E-01  6.90851E-01 -4.38425E-03
   12916.832   1355.475  18.850  6.89884E-01  6.89778E-01  1.53556E-04
   12924.023   1362.666  18.900  6.91745E-01  6.88706E-01  4.40957E-03
   12931.233   1369.877  18.950  6.92920E-01  6.87633E-01  7.68209E-03
   12938.463   1377.106  19.000  6.93104E-01  6.86561E-01  9.52188E-03
   12945.711   1384.355  19.050  6.92202E-01  6.85492E-01  9.78063E-03
   12952.979   1391.622  19.100  6.90296E-01  6.84423E-01  8.57473E-03
   12960.265   1398.909  19.150  6.87609E-01  6.83353E-01  6.22192E-03
   12967.571   1406.215  19.200  6.84434E-01  6.82284E-01  3.14876E-03
   12974.896   1413.539  19.250  6.81081E-01  6.81215E-01 -1.97168E-04
   12982.239   1420.883  19.300  6.77823E-01  6.80146E-01 -3.41185E-03
   12989.602   1428.246  19.350  6.74885E-01  6.79077E-01 -6.16788E-03
   12996.984   1435.628  19.400  6.72430E-01  6.78007E-01 -8.21954E-03
   13004.385   1443.029  19.450  6.70576E-01  6.76938E-01 -9.39215E-03
   13011.805   1450.448  19.500  6.69396E-01  6.75869E-01 -9.57043E-03
   13019.244   1457.887  19.550  6.68927E-01  6.74800E-01 -8.69806E-03
   13026.702   1465.346  19.600  6.69151E-01  6.73731E-01 -6.79301E-03
   13034.179   1472.823  19.650  6.69987E-01  6.72662E-01 -3.97393E-03
   13041.675   1480.319  19.700  6.71266E-01  6.71592E-01 -4.85226E-04
   13049.190   1487.834  19.750  6.72734E-01  6.70523E-01  3.29511E-03
   13056.725   1495.368  19.800  6.74062E-01  6.69454E-01  6.87843E-03
   13064.278   1502.921  19.850  6.74889E-01  6.68385E-01  9.72499E-03
   13071.850   1510.494  19.900  6.74884E-01  6.67316E-01  1.13347E-02
   13079.442   1518.085  19.950  6.73814E-01  6.66247E-01  1.13522E-02
   13087.052   1525.696  20.000  6.71607E-01  6.65177E-01  9.66093E-03
