ATOMS
  *       x          y          z    ipot  Atom      Distance    Number
**********-  ********-  ********-  ******  ******  **********  ********
   0          0          0              0  Fe         0               0
  -0.908613  -0.639183   1.56677        2  O          1.92065        30
   1.81146   -0.639509  -0.003847       2  O          1.92104        87
  -0.905371  -0.639356  -1.56955        2  O          1.92145        12
  -0.000347   1.92169   -0.000629       2  O          1.92169        46
  -0.00112   -1.82673    2.98307        1  Fe         3.49795        35
  -0.861801   3.04635   -1.49124        1  Fe         3.49953        52
   2.58584   -1.82757    1.49104        1  Fe         3.49996       108
   3.44647    0.61045   -0.001934       1  Fe         3.50012       123
  -2.58502   -1.828     -1.49291        1  Fe         3.50038         5
  -1.72517    0.610317   2.9844         1  Fe         3.50076        69
   2.58507   -1.82863   -1.49402        1  Fe         3.50122        91
  -0.861033   3.04741    1.49383        1  Fe         3.50138        66
  -1.72438    0.610019  -2.98589        1  Fe         3.50159        53
  -0.000338  -1.82703   -2.98721        1  Fe         3.50164        17
  -2.58657   -1.82876    1.49231        1  Fe         3.50167        36
   1.72365    3.04839   -0.000475       1  Fe         3.50195       125
   0.904772  -3.01311    1.56526        2  O          3.5139        105
   1.72249   -0.701861   2.98135        2  O          3.51397       106
   2.62834    1.8595     1.41585        2  O          3.51718       145
  -0.088088   1.86       2.98449        2  O          3.51775        61
  -1.81207   -3.01541   -0.002246       2  O          3.518           2
  -2.54251    1.85907   -1.5681         2  O          3.51844        45
  -0.087306   1.8597    -2.98579        2  O          3.51868        44
   0.904354  -3.01591   -1.57089        2  O          3.5187         83
  -3.44836   -0.702291  -0.002604       2  O          3.51915         4
  -2.5421     1.86187    1.56805        2  O          3.5196         64
   2.62954    1.862     -1.41828        2  O          3.52038       119
   1.72327   -0.702159  -2.98894        2  O          3.52086        86
   1.72349    1.21902    2.98521        1  Fe         3.65622       140
   1.72427    1.21872   -2.98507        1  Fe         3.65637       122
  -0.000498  -3.65639   -0.001527       1  Fe         3.65639         1
  -3.44737    1.21859    0.001261       1  Fe         3.65641        67
  -3.36017   -0.639642   2.98249        2  O          4.53819        34
  -0.906153  -0.639058   4.40074        2  O          4.53828        31
  -1.72511   -2.95342    2.98292        2  O          4.53834        33
   4.26302   -0.63905   -1.41956        2  O          4.53838        81
   3.44652   -2.95329   -0.003417       2  O          4.53877        84
   4.26548   -0.638925   1.4144         2  O          4.53907       112
  -1.63541    4.23547   -0.001059       2  O          4.54024        49
   0.816155   4.23593   -1.41678        2  O          4.54054       124
  -3.35939   -0.63994   -2.9878         2  O          4.54114        16
  -1.72433   -2.95372   -2.98737        2  O          4.54116        14
   0.818616   4.23606    1.41719        2  O          4.54123       149
  -0.907831  -0.639481  -4.40351        2  O          4.54137        10
   3.35878   -3.01498    2.9817         2  O          5.40944       102
   0.903572  -3.01561    4.3994         2  O          5.40972       103
  -1.72438    4.17312    2.98414        2  O          5.41235        65
  -4.26608   -3.01355   -1.41869        2  O          5.41236         3
   3.44726    4.17325   -0.002199       2  O          5.41291       120
  -1.7236     4.17282   -2.98615        2  O          5.41298        48
   5.08355    1.86013   -0.001842       2  O          5.41319       118
  -2.54131    1.86157   -4.40223        2  O          5.41326        47
  -2.5433     1.85937    4.40219        2  O          5.41339        62
   0.905554  -3.01341   -4.40502        2  O          5.4134         85
  -4.26728   -3.01605    1.41545        2  O          5.41385        32
   3.35956   -3.01528   -2.98858        2  O          5.41389        82
   1.7217    -4.26466    2.98161        1  Fe         5.48102       110
   2.58429   -1.82833    4.47626        1  Fe         5.48254       109
  -0.860251   3.04712   -4.47645        1  Fe         5.48303        50
   5.17052   -1.82659   -0.003263       1  Fe         5.48368        88
  -2.5858    -1.8277     4.47738        1  Fe         5.48395        28
   4.30905    3.04678    1.49272        1  Fe         5.48443       148
  -3.44721    3.04795   -2.98443        1  Fe         5.48453        56
  -2.58579   -1.82906   -4.47797        1  Fe         5.48489        18
  -3.44915   -4.26509   -0.002339       1  Fe         5.48522         7
  -5.17197   -1.82716   -0.00088        1  Fe         5.48524         9
  -0.862583   3.04665    4.47905        1  Fe         5.48525        68
   1.72249   -4.26496   -2.98867        1  Fe         5.48535        92
  -0.000398   5.48543    0.000853       1  Fe         5.48543        59
   2.58662   -1.82786   -4.47924        1  Fe         5.48592        89
  -3.44799    3.04825    2.98586        1  Fe         5.48597        73
   4.3106     3.04755   -1.4925         1  Fe         5.48602       121
   2.62876    1.8623     4.552          2  O          5.57667       138
  -0.001496  -5.57727   -0.005391       2  O          5.57728        20
   2.62912    1.8592    -4.55443        2  O          5.5778        126
  -5.25894    1.85957    0.000541       2  O          5.57803        71
  -5.17086   -0.000431  -2.98395        1  Fe         5.97007        19
   5.17086    0.000431   2.98395        1  Fe         5.97007       151
  -1.72477   -4.87511    2.98355        1  Fe         5.97018        40
   1.72477    4.87511   -2.98355        1  Fe         5.97018       134
  -0.000782   0.000298   5.97029        1  Fe         5.97029        77
   0.000782  -0.000298  -5.97029        1  Fe         5.97029        95
  -3.44687    4.87498    0.002788       1  Fe         5.97046        76
   3.44687   -4.87498   -0.002788       1  Fe         5.97046        99
  -1.72399   -4.87541   -2.98674        1  Fe         5.9718         23
   1.72399    4.87541    2.98674        1  Fe         5.9718        150
  -5.17164   -0.000133   2.98633        1  Fe         5.97194        38
   5.17164    0.000133  -2.98633        1  Fe         5.97194       135
   4.26224   -0.638752   4.55072        2  O          6.26768       101
   1.81068   -0.639211   5.96644        2  O          6.26782       107
   2.53826   -5.51416    1.56398        2  O          6.26856       113
   0.086695  -5.51462    2.9797         2  O          6.26875       115
  -2.63014   -5.51447    1.414          2  O          6.27108        39
   5.17051    1.92212    2.98332        2  O          6.27128       146
  -0.001129   1.92199    5.96966        2  O          6.27143        63
  -4.35224    4.23562   -1.56676        2  O          6.27194        54
   2.5415    -5.51434   -1.57234        2  O          6.27211        97
   3.53545    4.2359     2.98289        2  O          6.27215       147
  -5.1712     1.92126   -2.98458        2  O          6.27218        55
   0.000435   1.92139   -5.97091        2  O          6.27245       132
   0.819398   4.23576   -4.55309        2  O          6.27246       131
   0.815373   4.23623    4.55351        2  O          6.27255       142
  -6.07701   -0.639489   1.41679        2  O          6.27266        37
  -5.17198    1.92156    2.9857         2  O          6.27346        72
   5.17129    1.92182   -2.98696        2  O          6.27356       127
  -2.6326    -5.51459   -1.41997        2  O          6.27357        21
   0.087476  -5.51492   -2.99059        2  O          6.2742         98
   4.26627   -0.639223  -4.55588        2  O          6.27421        93
   3.53623    4.2356    -2.98739        2  O          6.27454       128
  -4.35548    4.2358     1.56956        2  O          6.27501        70
  -6.07947   -0.639613  -1.41718        2  O          6.27514         8
   1.81225   -0.639807  -5.97413        2  O          6.27566        94
   3.44569    0.610748   5.96835        1  Fe         6.9186        141
  -6.03189    3.04698   -1.49012        1  Fe         6.92013        43
  -1.72511   -6.70214   -0.003668       1  Fe         6.9206         22
   0.8603    -6.70374    1.48952        1  Fe         6.92091       116
   1.72287    3.04868    5.96981        1  Fe         6.92108       143
   4.30984    3.04648   -4.47757        1  Fe         6.9213        129
   0.86185   -6.70298   -1.49569        1  Fe         6.92169        96
   4.30982    3.04785    4.47778        1  Fe         6.92203       139
   1.72443    3.04809   -5.97076        1  Fe         6.92203       133
  -6.03344    3.04622    1.4951         1  Fe         6.92222        74
   3.44725    0.610152  -5.97222        1  Fe         6.92266       130
  -6.89602    0.609886   0.000449       1  Fe         6.92294        75
  -1.81286   -3.01511    5.96804        2  O          6.92783        25
   6.07521   -3.01548    1.41306        2  O          6.92806       111
  -3.44915   -0.701993   5.96768        2  O          6.92839        27
  -4.26687   -3.01325    4.5516         2  O          6.92841        26
   6.07641   -3.01298   -1.42107        2  O          6.92966        78
   6.89413   -0.701728  -0.004987       2  O          6.92975        79
  -0.818528   6.73448    1.41864        2  O          6.93078        58
   1.63668    6.73511    0.000946       2  O          6.93112       137
  -1.81129   -3.01571   -5.97253        2  O          6.93155        11
  -4.2665    -3.01634   -4.55484        2  O          6.93166        13
  -3.44758   -0.702589  -5.97289        2  O          6.93216        15
  -0.817329   6.73698   -1.41549        2  O          6.93243        41
  -3.44658    1.21829   -5.96903        1  Fe         6.99946        51
  -0.00128   -3.65609    5.96876        1  Fe         6.99951        24
   5.17036   -3.65596    2.98243        1  Fe         6.99953       100
  -1.7226     6.0937    -2.98229        1  Fe         6.99961        42
  -5.17135   -3.65682   -2.98548        1  Fe         7.00202         6
   3.44826    6.09413    0.001666       1  Fe         7.00207       136
   6.89513    1.21915   -0.001122       1  Fe         7.00208       117
  -5.17213   -3.65652    2.98481        1  Fe         7.00216        29
   0.000283  -3.65669   -5.97181        1  Fe         7.00242        90
  -3.44815    1.21889    5.97155        1  Fe         7.00249        60
  -1.72338    6.094      2.988          1  Fe         7.0025         57
   5.17114   -3.65626   -2.98786        1  Fe         7.00259        80
   3.44574   -2.95299    5.96687        2  O          7.49645       104
   2.54072   -5.51404    4.39795        2  O          7.49679       114
   5.98701    4.23636    1.56717        2  O          7.49981       144
END
