 comment: None given                            Feff8L (EXAFS)       0.1
 Source:
 Structure Summary:  Fe6 O8
 Reduced formula:  Fe3O4
 space group: (Fd-3m), space number:  (227)
 abc:  5.971799   5.970286   5.970068
 angles: 60.019498  59.994718  59.990501
 sites: 14
 mp-19306
 POT  Non-SCF, core-hole, AFOLP (folp(0)= 1.150)
 Abs   Z=26 Rmt= 1.238 Rnm= 1.385 K  shell
 Pot 1 Z=26 Rmt= 1.334 Rnm= 1.408
 Pot 2 Z= 8 Rmt= 1.011 Rnm= 1.086
 Gam_ch=1.309E+00 H-L exch
 Mu=-1.303E+00 kf=2.230E+00 Vint=-2.025E+01 Rs_int= 1.626
 PATH  Rmax= 6.000,  Keep_limit= 0.00, Heap_limit 0.00  Pwcrit= 2.50%
 Path   34      icalc       2
 -----------------------------------------------------------------------
   3   2.000   3.7410    2.3528   -1.30255 nleg, deg, reff, rnrmav(bohr), edge
        x         y         z   pot at#
    -0.0000   -0.0000   -0.0000  0  26 Fe       absorbing atom
    -0.0003   -1.8270   -2.9872  1  26 Fe
    -0.9054   -0.6394   -1.5695  2   8 O
    k   real[2*phc]   mag[feff]  phase[feff] red factor   lambda     real[p]@#
 -0.000  3.0121E+00  2.1662E-05 -2.8063E+00  1.008E+00  2.5970E+01  2.2305E+00
  0.100  3.0117E+00  1.9123E-02 -3.5418E+00  1.008E+00  2.5994E+01  2.2326E+00
  0.200  3.0103E+00  3.7861E-02 -4.2494E+00  1.008E+00  2.6066E+01  2.2390E+00
  0.300  3.0080E+00  5.5845E-02 -4.9302E+00  1.008E+00  2.6178E+01  2.2497E+00
  0.400  3.0048E+00  7.2746E-02 -5.5844E+00  1.008E+00  2.6319E+01  2.2645E+00
  0.500  3.0006E+00  8.8284E-02 -6.2124E+00  1.009E+00  2.6471E+01  2.2835E+00
  0.600  2.9954E+00  1.0224E-01 -6.8146E+00  1.009E+00  2.6617E+01  2.3065E+00
  0.700  2.9891E+00  1.1443E-01 -7.3916E+00  1.009E+00  2.6732E+01  2.3333E+00
  0.800  2.9816E+00  1.2479E-01 -7.9440E+00  1.010E+00  2.6793E+01  2.3640E+00
  0.900  2.9730E+00  1.3327E-01 -8.4723E+00  1.010E+00  2.6777E+01  2.3983E+00
  1.000  2.9630E+00  1.3987E-01 -8.9772E+00  1.011E+00  2.6661E+01  2.4363E+00
  1.100  2.9517E+00  1.4463E-01 -9.4593E+00  1.012E+00  2.6429E+01  2.4776E+00
  1.200  2.9388E+00  1.4763E-01 -9.9191E+00  1.013E+00  2.6072E+01  2.5224E+00
  1.300  2.9244E+00  1.4899E-01 -1.0357E+01  1.014E+00  2.5588E+01  2.5703E+00
  1.400  2.9081E+00  1.4881E-01 -1.0774E+01  1.015E+00  2.4983E+01  2.6214E+00
  1.500  2.8899E+00  1.4726E-01 -1.1169E+01  1.017E+00  2.4273E+01  2.6757E+00
  1.600  2.8696E+00  1.4447E-01 -1.1544E+01  1.019E+00  2.3478E+01  2.7329E+00
  1.700  2.8470E+00  1.4059E-01 -1.1897E+01  1.022E+00  2.2624E+01  2.7931E+00
  1.800  2.8219E+00  1.3579E-01 -1.2229E+01  1.025E+00  2.1740E+01  2.8563E+00
  1.900  2.7939E+00  1.3021E-01 -1.2539E+01  1.028E+00  2.0852E+01  2.9224E+00
  2.000  2.7628E+00  1.2400E-01 -1.2825E+01  1.032E+00  1.9987E+01  2.9915E+00
  2.200  2.6901E+00  1.1015E-01 -1.3321E+01  1.039E+00  1.8423E+01  3.1387E+00
  2.400  2.6057E+00  9.4213E-02 -1.3681E+01  1.048E+00  1.7214E+01  3.2985E+00
  2.600  2.4643E+00  7.1087E-02 -1.3945E+01  1.026E+00  1.6484E+01  3.4845E+00
  2.800  2.3489E+00  7.1927E-02 -1.4425E+01  1.160E+00  8.4878E+00  3.6539E+00
  3.000  2.3198E+00  7.9987E-02 -1.4914E+01  1.205E+00  7.0559E+00  3.7877E+00
  3.200  2.2838E+00  8.9813E-02 -1.5301E+01  1.229E+00  6.3987E+00  3.9247E+00
  3.400  2.2279E+00  1.0027E-01 -1.5595E+01  1.237E+00  6.0745E+00  4.0703E+00
  3.600  2.1627E+00  1.1201E-01 -1.5847E+01  1.237E+00  5.9257E+00  4.2212E+00
  3.800  2.0889E+00  1.2301E-01 -1.6070E+01  1.227E+00  5.8817E+00  4.3770E+00
  4.000  2.0089E+00  1.3263E-01 -1.6290E+01  1.217E+00  5.9074E+00  4.5371E+00
  4.200  1.9247E+00  1.3982E-01 -1.6503E+01  1.202E+00  5.9827E+00  4.7011E+00
  4.400  1.8375E+00  1.4377E-01 -1.6715E+01  1.187E+00  6.0956E+00  4.8686E+00
  4.600  1.7481E+00  1.4510E-01 -1.6928E+01  1.174E+00  6.2382E+00  5.0392E+00
  4.800  1.6581E+00  1.4364E-01 -1.7140E+01  1.157E+00  6.4051E+00  5.2125E+00
  5.000  1.5678E+00  1.4035E-01 -1.7354E+01  1.143E+00  6.5925E+00  5.3883E+00
  5.200  1.4775E+00  1.3552E-01 -1.7568E+01  1.130E+00  6.7974E+00  5.5663E+00
  5.400  1.3881E+00  1.2928E-01 -1.7783E+01  1.117E+00  7.0178E+00  5.7463E+00
  5.600  1.2996E+00  1.2219E-01 -1.7999E+01  1.105E+00  7.2520E+00  5.9280E+00
  5.800  1.2119E+00  1.1459E-01 -1.8216E+01  1.094E+00  7.4987E+00  6.1112E+00
  6.000  1.1252E+00  1.0690E-01 -1.8438E+01  1.084E+00  7.7569E+00  6.2958E+00
  6.500  9.1109E-01  8.8267E-02 -1.9004E+01  1.061E+00  8.4469E+00  6.7625E+00
  7.000  7.0086E-01  7.4471E-02 -1.9596E+01  1.042E+00  9.1934E+00  7.2352E+00
  7.500  4.9626E-01  6.7178E-02 -2.0180E+01  1.025E+00  9.9898E+00  7.7125E+00
  8.000  3.0036E-01  6.4089E-02 -2.0711E+01  1.010E+00  1.0831E+01  8.1935E+00
  8.500  1.1359E-01  6.2203E-02 -2.1188E+01  9.961E-01  1.1714E+01  8.6773E+00
  9.000 -6.6755E-02  6.0491E-02 -2.1615E+01  9.823E-01  1.2636E+01  9.1634E+00
  9.500 -2.4388E-01  5.8422E-02 -2.2000E+01  9.704E-01  1.3595E+01  9.6513E+00
 10.000 -4.1572E-01  5.5788E-02 -2.2348E+01  9.610E-01  1.4590E+01  1.0141E+01
 11.000 -7.4158E-01  4.8773E-02 -2.2968E+01  9.476E-01  1.6678E+01  1.1123E+01
 12.000 -1.0391E+00  4.0554E-02 -2.3514E+01  9.401E-01  1.8894E+01  1.2110E+01
 13.000 -1.3128E+00  3.2932E-02 -2.4034E+01  9.363E-01  2.1228E+01  1.3099E+01
 14.000 -1.5676E+00  2.5936E-02 -2.4536E+01  9.338E-01  2.3676E+01  1.4089E+01
 15.000 -1.8020E+00  1.9084E-02 -2.5057E+01  9.330E-01  2.6232E+01  1.5082E+01
 16.000 -2.0194E+00  1.1478E-02 -2.5538E+01  9.332E-01  2.8893E+01  1.6075E+01
 17.000 -2.2228E+00  5.6012E-03 -2.5682E+01  9.336E-01  3.1656E+01  1.7070E+01
 18.000 -2.4116E+00  3.9707E-03 -2.5366E+01  9.344E-01  3.4515E+01  1.8065E+01
 19.000 -2.5882E+00  4.6431E-03 -2.5238E+01  9.353E-01  3.7470E+01  1.9061E+01
 20.000 -2.7542E+00  5.6794E-03 -2.5446E+01  9.358E-01  4.0516E+01  2.0057E+01
