 comment: None given                            Feff8L (EXAFS)       0.1
 Source:
 Structure Summary:  Fe6 O8
 Reduced formula:  Fe3O4
 space group: (Fd-3m), space number:  (227)
 abc:  5.971799   5.970286   5.970068
 angles: 60.019498  59.994718  59.990501
 sites: 14
 mp-19306
 POT  Non-SCF, core-hole, AFOLP (folp(0)= 1.150)
 Abs   Z=26 Rmt= 1.238 Rnm= 1.385 K  shell
 Pot 1 Z=26 Rmt= 1.334 Rnm= 1.408
 Pot 2 Z= 8 Rmt= 1.011 Rnm= 1.086
 Gam_ch=1.309E+00 H-L exch
 Mu=-1.303E+00 kf=2.230E+00 Vint=-2.025E+01 Rs_int= 1.626
 PATH  Rmax= 6.000,  Keep_limit= 0.00, Heap_limit 0.00  Pwcrit= 2.50%
 Path   21      icalc       2
 -----------------------------------------------------------------------
   2   1.000   3.5191    2.3528   -1.30255 nleg, deg, reff, rnrmav(bohr), edge
        x         y         z   pot at#
    -0.0000   -0.0000   -0.0000  0  26 Fe       absorbing atom
    -3.4484   -0.7023   -0.0026  2   8 O
    k   real[2*phc]   mag[feff]  phase[feff] red factor   lambda     real[p]@#
 -0.000  3.0121E+00  4.9255E-05 -2.9572E+00  1.008E+00  2.5970E+01  2.2305E+00
  0.100  3.0117E+00  4.3581E-02 -3.6477E+00  1.008E+00  2.5994E+01  2.2326E+00
  0.200  3.0103E+00  8.6870E-02 -4.3093E+00  1.008E+00  2.6066E+01  2.2390E+00
  0.300  3.0080E+00  1.2958E-01 -4.9429E+00  1.008E+00  2.6178E+01  2.2497E+00
  0.400  3.0048E+00  1.7146E-01 -5.5488E+00  1.008E+00  2.6319E+01  2.2645E+00
  0.500  3.0006E+00  2.1226E-01 -6.1275E+00  1.009E+00  2.6471E+01  2.2835E+00
  0.600  2.9954E+00  2.5180E-01 -6.6795E+00  1.009E+00  2.6617E+01  2.3065E+00
  0.700  2.9891E+00  2.8991E-01 -7.2053E+00  1.009E+00  2.6732E+01  2.3333E+00
  0.800  2.9816E+00  3.2647E-01 -7.7056E+00  1.010E+00  2.6793E+01  2.3640E+00
  0.900  2.9730E+00  3.6138E-01 -8.1811E+00  1.010E+00  2.6777E+01  2.3983E+00
  1.000  2.9630E+00  3.9458E-01 -8.6322E+00  1.011E+00  2.6661E+01  2.4363E+00
  1.100  2.9517E+00  4.2603E-01 -9.0598E+00  1.012E+00  2.6429E+01  2.4776E+00
  1.200  2.9388E+00  4.5571E-01 -9.4643E+00  1.013E+00  2.6072E+01  2.5224E+00
  1.300  2.9244E+00  4.8361E-01 -9.8463E+00  1.014E+00  2.5588E+01  2.5703E+00
  1.400  2.9081E+00  5.0970E-01 -1.0206E+01  1.015E+00  2.4983E+01  2.6214E+00
  1.500  2.8899E+00  5.3398E-01 -1.0545E+01  1.017E+00  2.4273E+01  2.6757E+00
  1.600  2.8696E+00  5.5642E-01 -1.0862E+01  1.019E+00  2.3478E+01  2.7329E+00
  1.700  2.8470E+00  5.7697E-01 -1.1158E+01  1.022E+00  2.2624E+01  2.7931E+00
  1.800  2.8219E+00  5.9556E-01 -1.1433E+01  1.025E+00  2.1740E+01  2.8563E+00
  1.900  2.7939E+00  6.1211E-01 -1.1687E+01  1.028E+00  2.0852E+01  2.9224E+00
  2.000  2.7628E+00  6.2649E-01 -1.1920E+01  1.032E+00  1.9987E+01  2.9915E+00
  2.200  2.6901E+00  6.4811E-01 -1.2324E+01  1.039E+00  1.8423E+01  3.1387E+00
  2.400  2.6057E+00  6.5884E-01 -1.2640E+01  1.048E+00  1.7214E+01  3.2985E+00
  2.600  2.4643E+00  6.5141E-01 -1.2818E+01  1.026E+00  1.6484E+01  3.4845E+00
  2.800  2.3489E+00  7.0908E-01 -1.3094E+01  1.160E+00  8.4878E+00  3.6539E+00
  3.000  2.3198E+00  7.3655E-01 -1.3519E+01  1.205E+00  7.0559E+00  3.7877E+00
  3.200  2.2838E+00  7.4359E-01 -1.3918E+01  1.229E+00  6.3987E+00  3.9247E+00
  3.400  2.2279E+00  7.3293E-01 -1.4264E+01  1.237E+00  6.0745E+00  4.0703E+00
  3.600  2.1627E+00  7.0908E-01 -1.4580E+01  1.237E+00  5.9257E+00  4.2212E+00
  3.800  2.0889E+00  6.7600E-01 -1.4869E+01  1.227E+00  5.8817E+00  4.3770E+00
  4.000  2.0089E+00  6.3760E-01 -1.5137E+01  1.217E+00  5.9074E+00  4.5371E+00
  4.200  1.9247E+00  5.9716E-01 -1.5387E+01  1.202E+00  5.9827E+00  4.7011E+00
  4.400  1.8375E+00  5.5543E-01 -1.5623E+01  1.187E+00  6.0956E+00  4.8686E+00
  4.600  1.7481E+00  5.1504E-01 -1.5845E+01  1.174E+00  6.2382E+00  5.0392E+00
  4.800  1.6581E+00  4.7710E-01 -1.6054E+01  1.157E+00  6.4051E+00  5.2125E+00
  5.000  1.5678E+00  4.4184E-01 -1.6252E+01  1.143E+00  6.5925E+00  5.3883E+00
  5.200  1.4775E+00  4.0933E-01 -1.6436E+01  1.130E+00  6.7974E+00  5.5663E+00
  5.400  1.3881E+00  3.7947E-01 -1.6610E+01  1.117E+00  7.0178E+00  5.7463E+00
  5.600  1.2996E+00  3.5177E-01 -1.6773E+01  1.105E+00  7.2520E+00  5.9280E+00
  5.800  1.2119E+00  3.2619E-01 -1.6925E+01  1.094E+00  7.4987E+00  6.1112E+00
  6.000  1.1252E+00  3.0264E-01 -1.7068E+01  1.084E+00  7.7569E+00  6.2958E+00
  6.500  9.1109E-01  2.5158E-01 -1.7393E+01  1.061E+00  8.4469E+00  6.7625E+00
  7.000  7.0086E-01  2.1068E-01 -1.7686E+01  1.042E+00  9.1934E+00  7.2352E+00
  7.500  4.9626E-01  1.7952E-01 -1.7966E+01  1.025E+00  9.9898E+00  7.7125E+00
  8.000  3.0036E-01  1.5638E-01 -1.8232E+01  1.010E+00  1.0831E+01  8.1935E+00
  8.500  1.1359E-01  1.3817E-01 -1.8473E+01  9.961E-01  1.1714E+01  8.6773E+00
  9.000 -6.6755E-02  1.2214E-01 -1.8684E+01  9.823E-01  1.2636E+01  9.1634E+00
  9.500 -2.4388E-01  1.0719E-01 -1.8867E+01  9.704E-01  1.3595E+01  9.6513E+00
 10.000 -4.1572E-01  9.4017E-02 -1.9038E+01  9.610E-01  1.4590E+01  1.0141E+01
 11.000 -7.4158E-01  7.5965E-02 -1.9370E+01  9.476E-01  1.6678E+01  1.1123E+01
 12.000 -1.0391E+00  6.3803E-02 -1.9657E+01  9.401E-01  1.8894E+01  1.2110E+01
 13.000 -1.3128E+00  5.2087E-02 -1.9902E+01  9.363E-01  2.1228E+01  1.3099E+01
 14.000 -1.5676E+00  4.4261E-02 -2.0131E+01  9.338E-01  2.3676E+01  1.4089E+01
 15.000 -1.8020E+00  4.0341E-02 -2.0329E+01  9.330E-01  2.6232E+01  1.5082E+01
 16.000 -2.0194E+00  3.7411E-02 -2.0513E+01  9.332E-01  2.8893E+01  1.6075E+01
 17.000 -2.2228E+00  3.6767E-02 -2.0706E+01  9.336E-01  3.1656E+01  1.7070E+01
 18.000 -2.4116E+00  3.8217E-02 -2.0886E+01  9.344E-01  3.4515E+01  1.8065E+01
 19.000 -2.5882E+00  3.8499E-02 -2.1068E+01  9.353E-01  3.7470E+01  1.9061E+01
 20.000 -2.7542E+00  3.7811E-02 -2.1245E+01  9.358E-01  4.0516E+01  2.0057E+01
