 comment: None given                            Feff8L (EXAFS)       0.1
 Source:
 Structure Summary:  Fe6 O8
 Reduced formula:  Fe3O4
 space group: (Fd-3m), space number:  (227)
 abc:  5.971799   5.970286   5.970068
 angles: 60.019498  59.994718  59.990501
 sites: 14
 mp-19306
 POT  Non-SCF, core-hole, AFOLP (folp(0)= 1.150)
 Abs   Z=26 Rmt= 1.238 Rnm= 1.385 K  shell
 Pot 1 Z=26 Rmt= 1.334 Rnm= 1.408
 Pot 2 Z= 8 Rmt= 1.011 Rnm= 1.086
 Gam_ch=1.309E+00 H-L exch
 Mu=-1.303E+00 kf=2.230E+00 Vint=-2.025E+01 Rs_int= 1.626
 PATH  Rmax= 6.000,  Keep_limit= 0.00, Heap_limit 0.00  Pwcrit= 2.50%
 Path  120      icalc       2
 -----------------------------------------------------------------------
   3   2.000   5.5286    2.3528   -1.30255 nleg, deg, reff, rnrmav(bohr), edge
        x         y         z   pot at#
    -0.0000   -0.0000   -0.0000  0  26 Fe       absorbing atom
     2.5843   -1.8283    4.4763  1  26 Fe
     1.7225   -0.7019    2.9813  2   8 O
    k   real[2*phc]   mag[feff]  phase[feff] red factor   lambda     real[p]@#
 -0.000  3.0121E+00  2.9990E-05 -9.3302E-01  1.008E+00  2.5970E+01  2.2305E+00
  0.100  3.0117E+00  2.6480E-02 -2.0184E+00  1.008E+00  2.5994E+01  2.2326E+00
  0.200  3.0103E+00  5.2458E-02 -3.0596E+00  1.008E+00  2.6066E+01  2.2390E+00
  0.300  3.0080E+00  7.7454E-02 -4.0580E+00  1.008E+00  2.6178E+01  2.2497E+00
  0.400  3.0048E+00  1.0104E-01 -5.0141E+00  1.008E+00  2.6319E+01  2.2645E+00
  0.500  3.0006E+00  1.2283E-01 -5.9286E+00  1.009E+00  2.6471E+01  2.2835E+00
  0.600  2.9954E+00  1.4255E-01 -6.8022E+00  1.009E+00  2.6617E+01  2.3065E+00
  0.700  2.9891E+00  1.5996E-01 -7.6358E+00  1.009E+00  2.6732E+01  2.3333E+00
  0.800  2.9816E+00  1.7491E-01 -8.4301E+00  1.010E+00  2.6793E+01  2.3640E+00
  0.900  2.9730E+00  1.8732E-01 -9.1862E+00  1.010E+00  2.6777E+01  2.3983E+00
  1.000  2.9630E+00  1.9716E-01 -9.9049E+00  1.011E+00  2.6661E+01  2.4363E+00
  1.100  2.9517E+00  2.0444E-01 -1.0587E+01  1.012E+00  2.6429E+01  2.4776E+00
  1.200  2.9388E+00  2.0921E-01 -1.1233E+01  1.013E+00  2.6072E+01  2.5224E+00
  1.300  2.9244E+00  2.1156E-01 -1.1844E+01  1.014E+00  2.5588E+01  2.5703E+00
  1.400  2.9081E+00  2.1157E-01 -1.2419E+01  1.015E+00  2.4983E+01  2.6214E+00
  1.500  2.8899E+00  2.0935E-01 -1.2959E+01  1.017E+00  2.4273E+01  2.6757E+00
  1.600  2.8696E+00  2.0501E-01 -1.3463E+01  1.019E+00  2.3478E+01  2.7329E+00
  1.700  2.8470E+00  1.9869E-01 -1.3930E+01  1.022E+00  2.2624E+01  2.7931E+00
  1.800  2.8219E+00  1.9054E-01 -1.4359E+01  1.025E+00  2.1740E+01  2.8563E+00
  1.900  2.7939E+00  1.8076E-01 -1.4745E+01  1.028E+00  2.0852E+01  2.9224E+00
  2.000  2.7628E+00  1.6964E-01 -1.5086E+01  1.032E+00  1.9987E+01  2.9915E+00
  2.200  2.6901E+00  1.4549E-01 -1.5603E+01  1.039E+00  1.8423E+01  3.1387E+00
  2.400  2.6057E+00  1.2539E-01 -1.5797E+01  1.048E+00  1.7214E+01  3.2985E+00
  2.600  2.4643E+00  9.6400E-02 -1.5685E+01  1.026E+00  1.6484E+01  3.4845E+00
  2.800  2.3489E+00  1.1731E-01 -1.5917E+01  1.160E+00  8.4878E+00  3.6539E+00
  3.000  2.3198E+00  1.5788E-01 -1.6458E+01  1.205E+00  7.0559E+00  3.7877E+00
  3.200  2.2838E+00  2.1470E-01 -1.7018E+01  1.229E+00  6.3987E+00  3.9247E+00
  3.400  2.2279E+00  2.8116E-01 -1.7544E+01  1.237E+00  6.0745E+00  4.0703E+00
  3.600  2.1627E+00  3.5186E-01 -1.8033E+01  1.237E+00  5.9257E+00  4.2212E+00
  3.800  2.0889E+00  4.2036E-01 -1.8481E+01  1.227E+00  5.8817E+00  4.3770E+00
  4.000  2.0089E+00  4.8443E-01 -1.8893E+01  1.217E+00  5.9074E+00  4.5371E+00
  4.200  1.9247E+00  5.4067E-01 -1.9267E+01  1.202E+00  5.9827E+00  4.7011E+00
  4.400  1.8375E+00  5.8752E-01 -1.9610E+01  1.187E+00  6.0956E+00  4.8686E+00
  4.600  1.7481E+00  6.2652E-01 -1.9926E+01  1.174E+00  6.2382E+00  5.0392E+00
  4.800  1.6581E+00  6.5650E-01 -2.0216E+01  1.157E+00  6.4051E+00  5.2125E+00
  5.000  1.5678E+00  6.7996E-01 -2.0485E+01  1.143E+00  6.5925E+00  5.3883E+00
  5.200  1.4775E+00  6.9718E-01 -2.0734E+01  1.130E+00  6.7974E+00  5.5663E+00
  5.400  1.3881E+00  7.0808E-01 -2.0966E+01  1.117E+00  7.0178E+00  5.7463E+00
  5.600  1.2996E+00  7.1357E-01 -2.1181E+01  1.105E+00  7.2520E+00  5.9280E+00
  5.800  1.2119E+00  7.1388E-01 -2.1382E+01  1.094E+00  7.4987E+00  6.1112E+00
  6.000  1.1252E+00  7.0991E-01 -2.1572E+01  1.084E+00  7.7569E+00  6.2958E+00
  6.500  9.1109E-01  6.7994E-01 -2.1995E+01  1.061E+00  8.4469E+00  6.7625E+00
  7.000  7.0086E-01  6.3097E-01 -2.2365E+01  1.042E+00  9.1934E+00  7.2352E+00
  7.500  4.9626E-01  5.7458E-01 -2.2697E+01  1.025E+00  9.9898E+00  7.7125E+00
  8.000  3.0036E-01  5.1758E-01 -2.3001E+01  1.010E+00  1.0831E+01  8.1935E+00
  8.500  1.1359E-01  4.6044E-01 -2.3287E+01  9.961E-01  1.1714E+01  8.6773E+00
  9.000 -6.6755E-02  4.0655E-01 -2.3558E+01  9.823E-01  1.2636E+01  9.1634E+00
  9.500 -2.4388E-01  3.5685E-01 -2.3813E+01  9.704E-01  1.3595E+01  9.6513E+00
 10.000 -4.1572E-01  3.1353E-01 -2.4056E+01  9.610E-01  1.4590E+01  1.0141E+01
 11.000 -7.4158E-01  2.4389E-01 -2.4507E+01  9.476E-01  1.6678E+01  1.1123E+01
 12.000 -1.0391E+00  1.8923E-01 -2.4927E+01  9.401E-01  1.8894E+01  1.2110E+01
 13.000 -1.3128E+00  1.4888E-01 -2.5317E+01  9.363E-01  2.1228E+01  1.3099E+01
 14.000 -1.5676E+00  1.1752E-01 -2.5678E+01  9.338E-01  2.3676E+01  1.4089E+01
 15.000 -1.8020E+00  9.3282E-02 -2.6012E+01  9.330E-01  2.6232E+01  1.5082E+01
 16.000 -2.0194E+00  7.4873E-02 -2.6300E+01  9.332E-01  2.8893E+01  1.6075E+01
 17.000 -2.2228E+00  6.1780E-02 -2.6565E+01  9.336E-01  3.1656E+01  1.7070E+01
 18.000 -2.4116E+00  5.2182E-02 -2.6819E+01  9.344E-01  3.4515E+01  1.8065E+01
 19.000 -2.5882E+00  4.4775E-02 -2.7076E+01  9.353E-01  3.7470E+01  1.9061E+01
 20.000 -2.7542E+00  3.9058E-02 -2.7324E+01  9.358E-01  4.0516E+01  2.0057E+01
