 comment: None given                            Feff8L (EXAFS)       0.1
 Source:
 Structure Summary:  Fe6 O8
 Reduced formula:  Fe3O4
 space group: (Fd-3m), space number:  (227)
 abc:  5.971799   5.970286   5.970068
 angles: 60.019498  59.994718  59.990501
 sites: 14
 mp-19306
 POT  Non-SCF, core-hole, AFOLP (folp(0)= 1.150)
 Abs   Z=26 Rmt= 1.238 Rnm= 1.385 K  shell
 Pot 1 Z=26 Rmt= 1.334 Rnm= 1.408
 Pot 2 Z= 8 Rmt= 1.011 Rnm= 1.086
 Gam_ch=1.309E+00 H-L exch
 Mu=-1.303E+00 kf=2.230E+00 Vint=-2.025E+01 Rs_int= 1.626
 PATH  Rmax= 6.000,  Keep_limit= 0.00, Heap_limit 0.00  Pwcrit= 2.50%
 Path   42      icalc       2
 -----------------------------------------------------------------------
   3   6.000   4.2137    2.3528   -1.30255 nleg, deg, reff, rnrmav(bohr), edge
        x         y         z   pot at#
    -0.0000   -0.0000   -0.0000  0  26 Fe       absorbing atom
    -0.0873    1.8597   -2.9858  2   8 O
    -0.0003    1.9217   -0.0006  2   8 O
    k   real[2*phc]   mag[feff]  phase[feff] red factor   lambda     real[p]@#
 -0.000  3.0121E+00  1.6228E-05 -4.9142E+00  1.008E+00  2.5970E+01  2.2305E+00
  0.100  3.0117E+00  1.4333E-02 -5.7417E+00  1.008E+00  2.5994E+01  2.2326E+00
  0.200  3.0103E+00  2.8417E-02 -6.5361E+00  1.008E+00  2.6066E+01  2.2390E+00
  0.300  3.0080E+00  4.2013E-02 -7.2985E+00  1.008E+00  2.6178E+01  2.2497E+00
  0.400  3.0048E+00  5.4904E-02 -8.0293E+00  1.008E+00  2.6319E+01  2.2645E+00
  0.500  3.0006E+00  6.6900E-02 -8.7291E+00  1.009E+00  2.6471E+01  2.2835E+00
  0.600  2.9954E+00  7.7845E-02 -9.3983E+00  1.009E+00  2.6617E+01  2.3065E+00
  0.700  2.9891E+00  8.7609E-02 -1.0038E+01  1.009E+00  2.6732E+01  2.3333E+00
  0.800  2.9816E+00  9.6123E-02 -1.0648E+01  1.010E+00  2.6793E+01  2.3640E+00
  0.900  2.9730E+00  1.0333E-01 -1.1231E+01  1.010E+00  2.6777E+01  2.3983E+00
  1.000  2.9630E+00  1.0920E-01 -1.1786E+01  1.011E+00  2.6661E+01  2.4363E+00
  1.100  2.9517E+00  1.1374E-01 -1.2314E+01  1.012E+00  2.6429E+01  2.4776E+00
  1.200  2.9388E+00  1.1698E-01 -1.2817E+01  1.013E+00  2.6072E+01  2.5224E+00
  1.300  2.9244E+00  1.1895E-01 -1.3295E+01  1.014E+00  2.5588E+01  2.5703E+00
  1.400  2.9081E+00  1.1972E-01 -1.3748E+01  1.015E+00  2.4983E+01  2.6214E+00
  1.500  2.8899E+00  1.1933E-01 -1.4177E+01  1.017E+00  2.4273E+01  2.6757E+00
  1.600  2.8696E+00  1.1787E-01 -1.4584E+01  1.019E+00  2.3478E+01  2.7329E+00
  1.700  2.8470E+00  1.1541E-01 -1.4967E+01  1.022E+00  2.2624E+01  2.7931E+00
  1.800  2.8219E+00  1.1203E-01 -1.5329E+01  1.025E+00  2.1740E+01  2.8563E+00
  1.900  2.7939E+00  1.0784E-01 -1.5668E+01  1.028E+00  2.0852E+01  2.9224E+00
  2.000  2.7628E+00  1.0293E-01 -1.5986E+01  1.032E+00  1.9987E+01  2.9915E+00
  2.200  2.6901E+00  9.1408E-02 -1.6558E+01  1.039E+00  1.8423E+01  3.1387E+00
  2.400  2.6057E+00  7.8478E-02 -1.7047E+01  1.048E+00  1.7214E+01  3.2985E+00
  2.600  2.4643E+00  6.5154E-02 -1.7390E+01  1.026E+00  1.6484E+01  3.4845E+00
  2.800  2.3489E+00  5.8298E-02 -1.7828E+01  1.160E+00  8.4878E+00  3.6539E+00
  3.000  2.3198E+00  4.6191E-02 -1.8564E+01  1.205E+00  7.0559E+00  3.7877E+00
  3.200  2.2838E+00  3.7443E-02 -1.9385E+01  1.229E+00  6.3987E+00  3.9247E+00
  3.400  2.2279E+00  3.3834E-02 -2.0194E+01  1.237E+00  6.0745E+00  4.0703E+00
  3.600  2.1627E+00  3.4034E-02 -2.0919E+01  1.237E+00  5.9257E+00  4.2212E+00
  3.800  2.0889E+00  3.5313E-02 -2.1513E+01  1.227E+00  5.8817E+00  4.3770E+00
  4.000  2.0089E+00  3.6107E-02 -2.2012E+01  1.217E+00  5.9074E+00  4.5371E+00
  4.200  1.9247E+00  3.6050E-02 -2.2447E+01  1.202E+00  5.9827E+00  4.7011E+00
  4.400  1.8375E+00  3.5051E-02 -2.2831E+01  1.187E+00  6.0956E+00  4.8686E+00
  4.600  1.7481E+00  3.3396E-02 -2.3179E+01  1.174E+00  6.2382E+00  5.0392E+00
  4.800  1.6581E+00  3.1339E-02 -2.3499E+01  1.157E+00  6.4051E+00  5.2125E+00
  5.000  1.5678E+00  2.9012E-02 -2.3792E+01  1.143E+00  6.5925E+00  5.3883E+00
  5.200  1.4775E+00  2.6543E-02 -2.4063E+01  1.130E+00  6.7974E+00  5.5663E+00
  5.400  1.3881E+00  2.4064E-02 -2.4314E+01  1.117E+00  7.0178E+00  5.7463E+00
  5.600  1.2996E+00  2.1653E-02 -2.4548E+01  1.105E+00  7.2520E+00  5.9280E+00
  5.800  1.2119E+00  1.9408E-02 -2.4767E+01  1.094E+00  7.4987E+00  6.1112E+00
  6.000  1.1252E+00  1.7382E-02 -2.4971E+01  1.084E+00  7.7569E+00  6.2958E+00
  6.500  9.1109E-01  1.3300E-02 -2.5410E+01  1.061E+00  8.4469E+00  6.7625E+00
  7.000  7.0086E-01  1.0474E-02 -2.5761E+01  1.042E+00  9.1934E+00  7.2352E+00
  7.500  4.9626E-01  8.6534E-03 -2.6054E+01  1.025E+00  9.9898E+00  7.7125E+00
  8.000  3.0036E-01  7.5027E-03 -2.6330E+01  1.010E+00  1.0831E+01  8.1935E+00
  8.500  1.1359E-01  6.6859E-03 -2.6614E+01  9.961E-01  1.1714E+01  8.6773E+00
  9.000 -6.6755E-02  5.9761E-03 -2.6911E+01  9.823E-01  1.2636E+01  9.1634E+00
  9.500 -2.4388E-01  5.2734E-03 -2.7208E+01  9.704E-01  1.3595E+01  9.6513E+00
 10.000 -4.1572E-01  4.5769E-03 -2.7499E+01  9.610E-01  1.4590E+01  1.0141E+01
 11.000 -7.4158E-01  3.3237E-03 -2.8038E+01  9.476E-01  1.6678E+01  1.1123E+01
 12.000 -1.0391E+00  2.4041E-03 -2.8498E+01  9.401E-01  1.8894E+01  1.2110E+01
 13.000 -1.3128E+00  1.7238E-03 -2.8878E+01  9.363E-01  2.1228E+01  1.3099E+01
 14.000 -1.5676E+00  1.2560E-03 -2.9179E+01  9.338E-01  2.3676E+01  1.4089E+01
 15.000 -1.8020E+00  9.9714E-04 -2.9433E+01  9.330E-01  2.6232E+01  1.5082E+01
 16.000 -2.0194E+00  8.5229E-04 -2.9704E+01  9.332E-01  2.8893E+01  1.6075E+01
 17.000 -2.2228E+00  7.2364E-04 -3.0009E+01  9.336E-01  3.1656E+01  1.7070E+01
 18.000 -2.4116E+00  6.0722E-04 -3.0317E+01  9.344E-01  3.4515E+01  1.8065E+01
 19.000 -2.5882E+00  5.1824E-04 -3.0610E+01  9.353E-01  3.7470E+01  1.9061E+01
 20.000 -2.7542E+00  4.4387E-04 -3.0903E+01  9.358E-01  4.0516E+01  2.0057E+01
