PATH  Rmax= 6.000,  Keep_limit= 0.00, Heap_limit 0.00  Pwcrit= 2.50%
 -----------------------------------------------------------------------
  pathindex     sig2   amp ratio    deg    nlegs  r effective
        1     0.00000   100.000     2.000     2   1.9210
        2     0.00000    49.977     1.000     2   1.9214
        3     0.00000    49.963     1.000     2   1.9217
        4     0.00000     4.942     2.000     3   3.4892
        5     0.00000     4.932     2.000     3   3.4891
        6     0.00000     9.888     4.000     3   3.4896
        7     0.00000     4.934     2.000     3   3.4900
        8     0.00000     4.989     2.000     3   3.4913
        9     0.00000    13.565     1.000     2   3.4979
       10     0.00000    27.092     2.000     2   3.5000
       11     0.00000    27.084     2.000     2   3.5004
       12     0.00000    27.068     2.000     2   3.5012
       13     0.00000    13.533     1.000     2   3.5014
       14     0.00000    40.591     3.000     2   3.5016
       15     0.00000    13.527     1.000     2   3.5019
       16     0.00000    24.343     2.000     2   3.5140
       17     0.00000    12.144     1.000     2   3.5172
       18     0.00000    24.273     2.000     2   3.5180
       19     0.00000    12.133     1.000     2   3.5184
       20     0.00000    24.261     2.000     2   3.5187
       21     0.00000    12.127     1.000     2   3.5191
       22     0.00000    12.123     1.000     2   3.5196
       23     0.00000    12.116     1.000     2   3.5204
       24     0.00000    12.112     1.000     2   3.5209
       25     0.00000    48.716     4.000     2   3.6564
       26     0.00000     5.468     2.000     3   3.7388
       27     0.00000     5.460     2.000     3   3.7388
       28     0.00000     5.462     2.000     3   3.7399
       29     0.00000     5.458     2.000     3   3.7400
       30     0.00000     5.460     2.000     3   3.7396
       31     0.00000     5.459     2.000     3   3.7403
       32     0.00000     5.453     2.000     3   3.7405
       33     0.00000     5.454     2.000     3   3.7408
       34     0.00000     5.452     2.000     3   3.7410
       35     0.00000     5.449     2.000     3   3.7413
       36     0.00000     5.448     2.000     3   3.7408
       37     0.00000     5.448     2.000     3   3.7416
       38     0.00000     2.728     1.000     4   3.8413
       39     0.00000     2.726     1.000     4   3.8421
       40     0.00000     2.724     1.000     4   3.8429
       41     0.00000     2.722     1.000     4   3.8434
       54     0.00000     6.796     6.000     3   4.2137
       55     0.00000    25.113     4.000     2   4.5384
       56     0.00000    12.553     2.000     2   4.5388
       57     0.00000     6.271     1.000     2   4.5402
       58     0.00000     6.270     1.000     2   4.5405
       59     0.00000    18.803     3.000     2   4.5412
       60     0.00000     6.267     1.000     2   4.5414
       61     0.00000    16.381     4.000     3   4.6449
       62     0.00000     8.139     2.000     3   4.6462
       63     0.00000     8.141     2.000     3   4.6465
       64     0.00000     8.124     2.000     3   4.6465
       65     0.00000     8.151     2.000     3   4.6476
       66     0.00000     8.120     2.000     3   4.6472
       67     0.00000     8.153     2.000     3   4.6478
       68     0.00000     8.159     2.000     3   4.6484
       69     0.00000     8.146     2.000     3   4.6485
       70     0.00000     8.132     2.000     3   4.6488
       71     0.00000     8.128     2.000     3   4.6490
       72     0.00000     6.865     2.000     4   4.7520
       73     0.00000     3.405     1.000     4   4.7540
       74     0.00000     3.406     1.000     4   4.7542
       75     0.00000     3.395     1.000     4   4.7546
       76     0.00000     3.415     1.000     4   4.7550
       77     0.00000     3.413     1.000     4   4.7549
       78     0.00000     3.419     1.000     4   4.7554
       79     0.00000     3.411     1.000     4   4.7558
       80     0.00000     3.393     1.000     4   4.7554
       81     0.00000     3.402     1.000     4   4.7564
       82     0.00000     3.400     1.000     4   4.7567
       83     0.00000     3.394     8.000     3   4.9936
       84     0.00000     4.355     6.000     3   5.0509
       85     0.00000     2.675     4.000     3   5.1065
       86     0.00000     2.668     4.000     3   5.1066
       87     0.00000     2.671     4.000     3   5.1081
       88     0.00000     4.149     2.000     3   5.3457
       89     0.00000     4.149     2.000     3   5.3455
       90     0.00000     4.136     2.000     3   5.3482
       91     0.00000     4.137     2.000     3   5.3490
       92     0.00000     8.263     4.000     3   5.3488
       93     0.00000     4.134     2.000     3   5.3494
       94     0.00000     4.137     2.000     3   5.3502
       95     0.00000     4.132     2.000     3   5.3500
       96     0.00000     4.139     2.000     3   5.3510
       97     0.00000     4.138     2.000     3   5.3513
       98     0.00000     4.135     2.000     3   5.3516
       99     0.00000     3.896     1.000     2   5.4094
      100     0.00000     3.895     1.000     2   5.4097
      101     0.00000     7.780     2.000     2   5.4123
      102     0.00000    15.556     4.000     2   5.4130
      103     0.00000     7.776     2.000     2   5.4134
      104     0.00000     7.774     2.000     2   5.4138
      105     0.00000     3.677     4.000     4   5.4354
      106     0.00000     4.297     1.000     2   5.4810
      107     0.00000     8.587     2.000     2   5.4825
      108     0.00000     3.724     2.000     3   5.4830
      109     0.00000     3.728     2.000     3   5.4831
      110     0.00000     8.581     2.000     2   5.4840
      111     0.00000    19.378     4.000     3   5.4837
      112     0.00000     5.479     1.000     4   5.4837
      113     0.00000     5.479     1.000     4   5.4840
      114     0.00000     4.289     1.000     2   5.4844
      115     0.00000     8.579     2.000     2   5.4845
      116     0.00000     9.681     2.000     3   5.4849
      117     0.00000     5.474     1.000     4   5.4849
      118     0.00000    21.439     5.000     2   5.4852
      119     0.00000     9.678     2.000     3   5.4854
      120     0.00000     3.729     2.000     3   5.4856
      121     0.00000     3.726     2.000     3   5.4856
      122     0.00000     5.471     1.000     4   5.4854
      123     0.00000    12.859     3.000     2   5.4860
      124     0.00000     3.726     2.000     3   5.4864
      125     0.00000     3.728     2.000     3   5.4866
      126     0.00000     3.713     2.000     3   5.4866
      127     0.00000     7.428     4.000     3   5.4865
      128     0.00000     3.718     2.000     3   5.4873
      129     0.00000     3.715     2.000     3   5.4874
      130     0.00000     3.710     2.000     3   5.4870
      131     0.00000     5.479     2.000     3   5.5270
      132     0.00000     5.470     2.000     3   5.5286
      133     0.00000     5.465     2.000     3   5.5291
      134     0.00000     5.468     2.000     3   5.5304
      135     0.00000     5.452     2.000     3   5.5308
      136     0.00000     5.463     2.000     3   5.5313
      137     0.00000     5.461     2.000     3   5.5313
      138     0.00000     5.455     2.000     3   5.5314
      139     0.00000     5.453     2.000     3   5.5315
      140     0.00000     5.452     2.000     3   5.5321
      141     0.00000     5.441     2.000     3   5.5324
      142     0.00000     5.448     2.000     3   5.5322
      143     0.00000     3.580     1.000     2   5.5767
      144     0.00000     7.093     2.000     3   5.5767
      145     0.00000     4.432     1.000     4   5.5767
      146     0.00000     3.579     1.000     2   5.5773
      147     0.00000     6.337     4.000     3   5.5770
      148     0.00000     7.090     2.000     3   5.5773
      149     0.00000     5.473     4.000     4   5.5774
      150     0.00000     4.429     1.000     4   5.5773
      151     0.00000     3.578     1.000     2   5.5778
      152     0.00000     3.166     2.000     3   5.5777
      153     0.00000     7.087     2.000     3   5.5778
      154     0.00000     2.735     2.000     4   5.5777
      155     0.00000     4.427     1.000     4   5.5778
      156     0.00000     3.577     1.000     2   5.5780
      157     0.00000     3.165     2.000     3   5.5781
      158     0.00000     7.085     2.000     3   5.5780
      159     0.00000     2.734     2.000     4   5.5781
      160     0.00000     4.425     1.000     4   5.5780
      161     0.00000     3.862     4.000     3   5.7260
      162     0.00000     3.846     4.000     3   5.7257
      163     0.00000     3.851     4.000     3   5.7263
      165     0.00000    27.138     8.000     2   5.9701
      166     0.00000    13.558     4.000     2   5.9718
