 Calculating EXAFS parameters...
    Curved wave chi amplitude ratio   4.00%
    Discard feff.dat for paths with cw ratio <   2.67%
    path  cw ratio     deg    nleg  reff
      1   100.000     2.000     2   1.9210
      2    49.977     1.000     2   1.9214
      3    49.963     1.000     2   1.9217
      4     4.942     2.000     3   3.4892
      5     4.932     2.000     3   3.4891
      6     9.888     4.000     3   3.4896
      7     4.934     2.000     3   3.4900
      8     4.989     2.000     3   3.4913
      9    13.565     1.000     2   3.4979
     10    27.092     2.000     2   3.5000
     11    27.084     2.000     2   3.5004
     12    27.068     2.000     2   3.5012
     13    13.533     1.000     2   3.5014
     14    40.591     3.000     2   3.5016
     15    13.527     1.000     2   3.5019
     16    24.343     2.000     2   3.5140
     17    12.144     1.000     2   3.5172
     18    24.273     2.000     2   3.5180
     19    12.133     1.000     2   3.5184
     20    24.261     2.000     2   3.5187
     21    12.127     1.000     2   3.5191
     22    12.123     1.000     2   3.5196
     23    12.116     1.000     2   3.5204
     24    12.112     1.000     2   3.5209
     25    48.716     4.000     2   3.6564
     26     5.468     2.000     3   3.7388
     27     5.460     2.000     3   3.7388
     28     5.462     2.000     3   3.7399
     29     5.458     2.000     3   3.7400
     30     5.460     2.000     3   3.7396
     31     5.459     2.000     3   3.7403
     32     5.453     2.000     3   3.7405
     33     5.454     2.000     3   3.7408
     34     5.452     2.000     3   3.7410
     35     5.449     2.000     3   3.7413
     36     5.448     2.000     3   3.7408
     37     5.448     2.000     3   3.7416
     38     2.728     1.000     4   3.8413
     39     2.726     1.000     4   3.8421
     40     2.724     1.000     4   3.8429
     41     2.722     1.000     4   3.8434
     42     1.112     1.000     4   3.9785 neglected
     43     1.108     1.000     4   3.9781 neglected
     44     1.112     1.000     4   3.9788 neglected
     45     1.106     1.000     4   3.9791 neglected
     46     1.108     1.000     4   3.9792 neglected
     47     1.098     1.000     4   3.9797 neglected
     48     1.107     1.000     4   3.9800 neglected
     49     1.106     1.000     4   3.9804 neglected
     50     1.102     1.000     4   3.9806 neglected
     51     1.097     1.000     4   3.9816 neglected
     52     1.104     1.000     4   3.9812 neglected
     53     1.102     1.000     4   3.9812 neglected
     54     6.796     6.000     3   4.2137
     55    25.113     4.000     2   4.5384
     56    12.553     2.000     2   4.5388
     57     6.271     1.000     2   4.5402
     58     6.270     1.000     2   4.5405
     59    18.803     3.000     2   4.5412
     60     6.267     1.000     2   4.5414
     61    16.381     4.000     3   4.6449
     62     8.139     2.000     3   4.6462
     63     8.141     2.000     3   4.6465
     64     8.124     2.000     3   4.6465
     65     8.151     2.000     3   4.6476
     66     8.120     2.000     3   4.6472
     67     8.153     2.000     3   4.6478
     68     8.159     2.000     3   4.6484
     69     8.146     2.000     3   4.6485
     70     8.132     2.000     3   4.6488
     71     8.128     2.000     3   4.6490
     72     6.865     2.000     4   4.7520
     73     3.405     1.000     4   4.7540
     74     3.406     1.000     4   4.7542
     75     3.395     1.000     4   4.7546
     76     3.415     1.000     4   4.7550
     77     3.413     1.000     4   4.7549
     78     3.419     1.000     4   4.7554
     79     3.411     1.000     4   4.7558
     80     3.393     1.000     4   4.7554
     81     3.402     1.000     4   4.7564
     82     3.400     1.000     4   4.7567
     83     3.394     8.000     3   4.9936
     84     4.355     6.000     3   5.0509
     85     2.675     4.000     3   5.1065
     86     2.668     4.000     3   5.1066
     87     2.671     4.000     3   5.1081
     88     4.149     2.000     3   5.3457
     89     4.149     2.000     3   5.3455
     90     4.136     2.000     3   5.3482
     91     4.137     2.000     3   5.3490
     92     8.263     4.000     3   5.3488
     93     4.134     2.000     3   5.3494
     94     4.137     2.000     3   5.3502
     95     4.132     2.000     3   5.3500
     96     4.139     2.000     3   5.3510
     97     4.138     2.000     3   5.3513
     98     4.135     2.000     3   5.3516
     99     3.896     1.000     2   5.4094
    100     3.895     1.000     2   5.4097
    101     7.780     2.000     2   5.4123
    102    15.556     4.000     2   5.4130
    103     7.776     2.000     2   5.4134
    104     7.774     2.000     2   5.4138
    105     3.677     4.000     4   5.4354
    106     4.297     1.000     2   5.4810
    107     8.587     2.000     2   5.4825
    108     3.724     2.000     3   5.4830
    109     3.728     2.000     3   5.4831
    110     8.581     2.000     2   5.4840
    111    19.378     4.000     3   5.4837
    112     5.479     1.000     4   5.4837
    113     5.479     1.000     4   5.4840
    114     4.289     1.000     2   5.4844
    115     8.579     2.000     2   5.4845
    116     9.681     2.000     3   5.4849
    117     5.474     1.000     4   5.4849
    118    21.439     5.000     2   5.4852
    119     9.678     2.000     3   5.4854
    120     3.729     2.000     3   5.4856
    121     3.726     2.000     3   5.4856
    122     5.471     1.000     4   5.4854
    123    12.859     3.000     2   5.4860
    124     3.726     2.000     3   5.4864
    125     3.728     2.000     3   5.4866
    126     3.713     2.000     3   5.4866
    127     7.428     4.000     3   5.4865
    128     3.718     2.000     3   5.4873
    129     3.715     2.000     3   5.4874
    130     3.710     2.000     3   5.4870
    131     5.479     2.000     3   5.5270
    132     5.470     2.000     3   5.5286
    133     5.465     2.000     3   5.5291
    134     5.468     2.000     3   5.5304
    135     5.452     2.000     3   5.5308
    136     5.463     2.000     3   5.5313
    137     5.461     2.000     3   5.5313
    138     5.455     2.000     3   5.5314
    139     5.453     2.000     3   5.5315
    140     5.452     2.000     3   5.5321
    141     5.441     2.000     3   5.5324
    142     5.448     2.000     3   5.5322
    143     3.580     1.000     2   5.5767
    144     7.093     2.000     3   5.5767
    145     4.432     1.000     4   5.5767
    146     3.579     1.000     2   5.5773
    147     6.337     4.000     3   5.5770
    148     7.090     2.000     3   5.5773
    149     5.473     4.000     4   5.5774
    150     4.429     1.000     4   5.5773
    151     3.578     1.000     2   5.5778
    152     3.166     2.000     3   5.5777
    153     7.087     2.000     3   5.5778
    154     2.735     2.000     4   5.5777
    155     4.427     1.000     4   5.5778
    156     3.577     1.000     2   5.5780
    157     3.165     2.000     3   5.5781
    158     7.085     2.000     3   5.5780
    159     2.734     2.000     4   5.5781
    160     4.425     1.000     4   5.5780
    161     3.862     4.000     3   5.7260
    162     3.846     4.000     3   5.7257
    163     3.851     4.000     3   5.7263
    164     2.540     4.000     3   5.8784 neglected
    165    27.138     8.000     2   5.9701
    166    13.558     4.000     2   5.9718
    167     2.485    10.000     3   5.9861 neglected
  153 paths kept,  167 examined.
 Done with module 5: F_eff.
