# comment: None given                          Feff8L (EXAFS)       0.1      
# Source:
# Structure Summary:  Fe4 O6
# Reduced formula:  Fe2O3
# space group: (R-3c), space number:  (167)
# abc:  5.091894   5.452030   5.091910
# angles: 62.162605 119.985134 117.837164
# sites: 10
# mp-19770
# POT  Non-SCF, core-hole, AFOLP (folp(0)= 1.150)
# Abs   Z=26 Rmt= 1.301 Rnm= 1.391 K  shell
# Pot 1 Z=26 Rmt= 1.304 Rnm= 1.397
# Pot 2 Z= 8 Rmt= 1.019 Rnm= 1.091
# Gam_ch=1.309E+00 H-L exch
# Mu=-9.980E-01 kf=2.225E+00 Vint=-1.987E+01 Rs_int= 1.630
# PATH  Rmax= 6.000,  Keep_limit= 0.00, Heap_limit 0.00  Pwcrit= 2.50%
#  S02=1.000                                        Global_sig2= 0.00000
#  Curved wave amplitude ratio filter   4.000%
#     file         sig2 tot  cw amp ratio   deg  nlegs   reff  inp sig2
#           1       0.00000    100.00      3.00     2   1.9672
#           2       0.00000     28.22      1.00     2   2.1213
#           3       0.00000     56.41      2.00     2   2.1219
#           4       0.00000     15.09      1.00     2   2.8866
#           5       0.00000     13.79      1.00     2   2.9984
#           6       0.00000     13.79      1.00     2   2.9988
#           7       0.00000     13.78      1.00     2   2.9992
#           8       0.00000     10.22      1.00     2   3.3980
#           9       0.00000     20.43      2.00     2   3.3989
#          10       0.00000     18.15      2.00     2   3.4331
#          11       0.00000      9.06      1.00     2   3.4343
#          12       0.00000      5.16      4.00     3   3.4688
#          15       0.00000     15.96      2.00     2   3.6130
#          16       0.00000      7.98      1.00     2   3.6134
#          17       0.00000      4.20      2.00     3   3.6665
#          18       0.00000      4.20      2.00     3   3.6665
#          19       0.00000      4.20      2.00     3   3.6662
#          20       0.00000     32.60      4.00     2   3.7297
#          21       0.00000     16.29      2.00     2   3.7307
#          22       0.00000     13.85      2.00     2   3.8202
#          23       0.00000      6.92      1.00     2   3.8207
#          24       0.00000      7.06      4.00     3   3.9091
#          29       0.00000      5.44      3.00     4   3.9344
#          31       0.00000      6.85      1.00     2   4.0006
#          32       0.00000      8.73      2.00     3   4.0648
#          33       0.00000      8.73      2.00     3   4.0651
#          34       0.00000      8.73      2.00     3   4.0654
#          35       0.00000      5.96      2.00     4   4.0885
#          36       0.00000     11.91      4.00     4   4.0889
#          37       0.00000     16.90      3.00     2   4.1379
#          38       0.00000      4.82      6.00     3   4.2406
#          41       0.00000      9.36      2.00     2   4.4394
#          42       0.00000      4.68      1.00     2   4.4398
#          43       0.00000      4.95      6.00     3   4.4958
#          44       0.00000      4.13      4.00     3   4.5219
#          45       0.00000     12.02      4.00     3   4.5498
#          46       0.00000      6.01      2.00     3   4.5504
#          47       0.00000      4.31      1.00     2   4.5794
#          48       0.00000      4.31      1.00     2   4.5795
#          49       0.00000      4.31      1.00     2   4.5800
#          50       0.00000      6.31      2.00     3   4.6650
#          51       0.00000      6.31      2.00     3   4.6652
#          52       0.00000      6.31      2.00     3   4.6656
#          53       0.00000      4.07      1.00     2   4.6770
#          54       0.00000      8.14      2.00     2   4.6783
#          56       0.00000     11.76      3.00     2   4.7446
#          69       0.00000      8.47      6.00     3   4.9683
#          75       0.00000      7.17      2.00     3   5.0126
#          76       0.00000      7.16      2.00     3   5.0137
#          77       0.00000      7.16      2.00     3   5.0134
#          79       0.00000      7.62      2.00     4   5.0227
#          80       0.00000     14.73      4.00     2   5.0919
#          81       0.00000      7.36      2.00     2   5.0930
#          82       0.00000      5.05      4.00     3   5.2461
#          83       0.00000      4.22      4.00     3   5.2461
#          89       0.00000     18.37      6.00     2   5.4520
#          91       0.00000      5.04      2.00     2   5.5738
#          92       0.00000      4.24      4.00     3   5.5934
#          95       0.00000      5.36      4.00     3   5.6355
#          96       0.00000      7.23      3.00     2   5.6619
#          99       0.00000      5.04      2.00     2   5.8527
#         100       0.00000      5.03      2.00     2   5.8536
#         101       0.00000      5.03      2.00     2   5.8542
#         111       0.00000      4.24      2.00     2   5.9276
#    64/ 103 paths used
#  -----------------------------------------------------------------------
#       k          chi          mag           phase @#
     0.0500    1.998051E-01  8.794366E-01  2.291982E-01
     0.1000    2.038739E-01  8.790805E-01  2.340481E-01
     0.1500    2.159907E-01  8.780061E-01  2.485527E-01
     0.2000    2.280309E-01  8.769021E-01  2.630652E-01
     0.2500    2.478652E-01  8.750289E-01  2.871970E-01
     0.3000    2.674613E-01  8.730750E-01  3.113500E-01
     0.3500    2.943658E-01  8.702720E-01  3.450521E-01
     0.4000    3.207326E-01  8.673142E-01  3.787935E-01
     0.4500    3.536379E-01  8.634410E-01  4.219806E-01
     0.5000    3.855117E-01  8.593188E-01  4.652259E-01
     0.5500    4.227406E-01  8.540684E-01  5.178035E-01
     0.6000    4.581869E-01  8.484602E-01  5.704628E-01
     0.6500    4.974031E-01  8.416137E-01  6.323118E-01
     0.7000    5.337933E-01  8.342888E-01  6.942618E-01
     0.7500    5.718727E-01  8.255637E-01  7.652339E-01
     0.8000    6.057946E-01  8.162340E-01  8.363210E-01
     0.8500    6.388889E-01  8.053289E-01  9.162540E-01
     0.9000    6.662800E-01  7.936920E-01  9.963057E-01
     0.9500    6.900272E-01  7.803022E-01  1.085009E+00
     1.0000    7.064844E-01  7.660586E-01  1.173816E+00
     1.0500    7.164493E-01  7.498867E-01  1.271046E+00
     1.1000    7.177872E-01  7.327536E-01  1.368337E+00
     1.1500    7.101733E-01  7.135277E-01  1.473792E+00
     1.2000    6.932321E-01  6.932567E-01  1.579219E+00
     1.2500    6.657905E-01  6.707513E-01  1.692493E+00
     1.3000    6.294014E-01  6.471543E-01  1.805567E+00
     1.3500    5.824324E-01  6.212246E-01  1.926059E+00
     1.4000    5.283622E-01  5.942138E-01  2.046046E+00
     1.4500    4.655231E-01  5.648328E-01  2.172842E+00
     1.5000    3.990529E-01  5.344624E-01  2.298591E+00
     1.5500    3.276073E-01  5.017855E-01  2.430208E+00
     1.6000    2.573573E-01  4.683261E-01  2.559796E+00
     1.6500    1.874242E-01  4.327475E-01  2.693660E+00
     1.7000    1.240342E-01  3.967558E-01  2.823641E+00
     1.7500    6.662433E-02  3.590455E-01  2.954951E+00
     1.8000    2.023815E-02  3.215414E-01  3.078610E+00
     1.8500   -1.580943E-02  2.830505E-01  3.197475E+00
     1.9000   -3.883920E-02  2.458437E-01  3.300241E+00
     1.9500   -5.018033E-02  2.090979E-01  3.383943E+00
     2.0000   -5.022992E-02  1.758265E-01  3.431307E+00
     2.0500   -4.099441E-02  1.456510E-01  3.426904E+00
     2.1000   -2.567200E-02  1.244190E-01  3.349421E+00
     2.1500   -8.463906E-03  1.153736E-01  3.215019E+00
     2.2000    6.606815E-03  1.191743E-01  3.086126E+00
     2.2500    1.789866E-02  1.333858E-01  3.007000E+00
     2.3000    1.997722E-02  1.541388E-01  3.011622E+00
     2.3500    1.077315E-02  1.770365E-01  3.080702E+00
     2.4000   -1.010419E-02  1.994320E-01  3.192279E+00
     2.4500   -4.141433E-02  2.202119E-01  3.330785E+00
     2.5000   -8.101792E-02  2.368075E-01  3.490771E+00
     2.5500   -1.240241E-01  2.486654E-01  3.663759E+00
     2.6000   -1.652278E-01  2.556475E-01  3.844333E+00
     2.6500   -1.981789E-01  2.575609E-01  4.019564E+00
     2.7000   -2.225455E-01  2.566589E-01  4.190917E+00
     2.7500   -2.377016E-01  2.534876E-01  4.357615E+00
     2.8000   -2.439751E-01  2.486002E-01  4.519192E+00
     2.8500   -2.447271E-01  2.448564E-01  4.679885E+00
     2.9000   -2.384475E-01  2.403649E-01  4.838783E+00
     2.9500   -2.259230E-01  2.353111E-01  4.995812E+00
     3.0000   -2.081007E-01  2.298604E-01  5.151017E+00
     3.0500   -1.855186E-01  2.240361E-01  5.307521E+00
     3.1000   -1.595453E-01  2.180155E-01  5.462215E+00
     3.1500   -1.312438E-01  2.119138E-01  5.615301E+00
     3.2000   -1.015736E-01  2.058164E-01  5.767058E+00
     3.2500   -7.133199E-02  1.997885E-01  5.918091E+00
     3.3000   -4.142365E-02  1.938992E-01  6.067891E+00
     3.3500   -1.246870E-02  1.881837E-01  6.216879E+00
     3.4000    1.501526E-02  1.826490E-01  6.365486E+00
     3.4500    4.068264E-02  1.774399E-01  6.514519E+00
     3.5000    6.406141E-02  1.724228E-01  6.663849E+00
     3.5500    8.480457E-02  1.675556E-01  6.813874E+00
     3.6000    1.025770E-01  1.627877E-01  6.964902E+00
     3.6500    1.174568E-01  1.584983E-01  7.117833E+00
     3.7000    1.288452E-01  1.542249E-01  7.272113E+00
     3.7500    1.365147E-01  1.499247E-01  7.427810E+00
     3.8000    1.403296E-01  1.455668E-01  7.584924E+00
     3.8500    1.404532E-01  1.413051E-01  7.744113E+00
     3.9000    1.368009E-01  1.369764E-01  7.904602E+00
     3.9500    1.296048E-01  1.325852E-01  8.066415E+00
     4.0000    1.192064E-01  1.281426E-01  8.229647E+00
     4.0500    1.062404E-01  1.239389E-01  8.394971E+00
     4.1000    9.093552E-02  1.197121E-01  8.562052E+00
     4.1500    7.380233E-02  1.154607E-01  8.731322E+00
     4.2000    5.537961E-02  1.111703E-01  8.903313E+00
     4.2500    3.635912E-02  1.070717E-01  9.078310E+00
     4.3000    1.715805E-02  1.028595E-01  9.257184E+00
     4.3500   -1.553849E-03  9.847082E-02  9.440558E+00
     4.4000   -1.902975E-02  9.383739E-02  9.628989E+00
     4.4500   -3.454575E-02  8.914824E-02  9.822706E+00
     4.5000   -4.727679E-02  8.405828E-02  1.002210E+01
     4.5500   -5.646221E-02  7.851647E-02  1.022730E+01
     4.6000   -6.152932E-02  7.249529E-02  1.043837E+01
     4.6500   -6.233606E-02  6.613846E-02  1.065484E+01
     4.7000   -5.885802E-02  5.927885E-02  1.087635E+01
     4.7500   -5.167268E-02  5.196949E-02  1.110250E+01
     4.8000   -4.179807E-02  4.429349E-02  1.133284E+01
     4.8500   -3.070775E-02  3.644726E-02  1.156442E+01
     4.9000   -1.979337E-02  2.841888E-02  1.179588E+01
     4.9500   -1.053496E-02  2.036072E-02  1.202254E+01
     5.0000   -4.112594E-03  1.244399E-02  1.222955E+01
     5.0500   -1.357376E-03  4.920722E-03  1.228690E+01
     5.1000   -2.233781E-03  3.018734E-03  1.025781E+01
     5.1500   -6.169259E-03  9.405758E-03  1.014016E+01
     5.2000   -1.206365E-02  1.531432E-02  1.033190E+01
     5.2500   -1.867716E-02  2.049519E-02  1.057120E+01
     5.3000   -2.435707E-02  2.474016E-02  1.081937E+01
     5.3500   -2.788737E-02  2.796466E-02  1.106994E+01
     5.4000   -2.855287E-02  3.012031E-02  1.131960E+01
     5.4500   -2.628632E-02  3.131759E-02  1.157029E+01
     5.5000   -2.150584E-02  3.147385E-02  1.181411E+01
     5.5500   -1.520099E-02  3.066034E-02  1.204763E+01
     5.6000   -8.581861E-03  2.899929E-02  1.226594E+01
     5.6500   -2.702809E-03  2.678688E-02  1.246530E+01
     5.7000    1.582639E-03  2.416811E-02  1.263190E+01
     5.7500    3.973604E-03  2.150852E-02  1.275218E+01
     5.8000    4.723162E-03  1.930644E-02  1.281352E+01
     5.8500    4.648737E-03  1.821013E-02  1.282451E+01
     5.9000    4.595214E-03  1.853295E-02  1.281693E+01
     5.9500    5.469386E-03  2.021672E-02  1.284032E+01
     6.0000    7.886879E-03  2.281043E-02  1.291942E+01
     6.0500    1.219906E-02  2.584101E-02  1.305802E+01
     6.1000    1.782337E-02  2.882800E-02  1.323291E+01
     6.1500    2.396732E-02  3.149497E-02  1.343121E+01
     6.2000    2.963858E-02  3.366417E-02  1.364312E+01
     6.2500    3.390457E-02  3.523752E-02  1.386124E+01
     6.3000    3.612745E-02  3.618725E-02  1.407967E+01
     6.3500    3.610831E-02  3.655324E-02  1.429335E+01
     6.4000    3.410069E-02  3.644420E-02  1.449774E+01
     6.4500    3.069078E-02  3.603884E-02  1.468893E+01
     6.5000    2.658071E-02  3.558170E-02  1.486438E+01
     6.5500    2.231399E-02  3.552646E-02  1.502886E+01
     6.6000    1.805099E-02  3.601597E-02  1.518299E+01
     6.6500    1.356497E-02  3.725812E-02  1.533532E+01
     6.7000    8.277495E-03  3.933018E-02  1.549592E+01
     6.7500    1.474327E-03  4.216388E-02  1.567299E+01
     6.8000   -7.393819E-03  4.557925E-02  1.587090E+01
     6.8500   -1.841106E-02  4.933946E-02  1.609037E+01
     6.9000   -3.098912E-02  5.319742E-02  1.632980E+01
     6.9500   -4.382659E-02  5.692400E-02  1.658667E+01
     7.0000   -5.506747E-02  6.032127E-02  1.685830E+01
     7.0500   -6.273958E-02  6.329194E-02  1.714655E+01
     7.1000   -6.471407E-02  6.561493E-02  1.744466E+01
     7.1500   -5.984518E-02  6.719895E-02  1.775097E+01
     7.2000   -4.807538E-02  6.798701E-02  1.806413E+01
     7.2500   -3.056344E-02  6.795442E-02  1.838306E+01
     7.3000   -9.546562E-03  6.710631E-02  1.870681E+01
     7.3500    1.204509E-02  6.547463E-02  1.903458E+01
     7.4000    3.114137E-02  6.311472E-02  1.936556E+01
     7.4500    4.512895E-02  6.010147E-02  1.969895E+01
     7.5000    5.235465E-02  5.652530E-02  2.003381E+01
     7.5500    5.239222E-02  5.245607E-02  2.037101E+01
     7.6000    4.606341E-02  4.801862E-02  2.070670E+01
     7.6500    3.530706E-02  4.333202E-02  2.103876E+01
     7.7000    2.260104E-02  3.852049E-02  2.136414E+01
     7.7500    1.037608E-02  3.371524E-02  2.167831E+01
     7.8000    4.829325E-04  2.906112E-02  2.197453E+01
     7.8500   -6.158479E-03  2.473180E-02  2.224281E+01
     7.9000   -9.648494E-03  2.095592E-02  2.246962E+01
     7.9500   -1.092523E-02  1.804619E-02  2.264142E+01
     8.0000   -1.137015E-02  1.637746E-02  2.275853E+01
     8.0500   -1.231205E-02  1.621803E-02  2.285317E+01
     8.1000   -1.460455E-02  1.749141E-02  2.297920E+01
     8.1500   -1.826636E-02  1.980128E-02  2.316561E+01
     8.2000   -2.246179E-02  2.272515E-02  2.340955E+01
     8.2500   -2.572239E-02  2.595698E-02  2.369649E+01
     8.3000   -2.637149E-02  2.929978E-02  2.401284E+01
     8.3500   -2.303665E-02  3.262380E-02  2.434872E+01
     8.4000   -1.511102E-02  3.583537E-02  2.469745E+01
     8.4500   -3.036652E-03  3.885931E-02  2.505452E+01
     8.5000    1.167169E-02  4.163039E-02  2.541692E+01
     8.5500    2.674461E-02  4.409929E-02  2.578435E+01
     8.6000    3.939255E-02  4.620362E-02  2.615365E+01
     8.6500    4.712707E-02  4.789815E-02  2.652386E+01
     8.7000    4.825401E-02  4.914545E-02  2.689429E+01
     8.7500    4.226737E-02  4.991731E-02  2.726449E+01
     8.8000    2.998447E-02  5.019616E-02  2.763415E+01
     8.8500    1.339222E-02  4.997593E-02  2.800305E+01
     8.9000   -4.756772E-03  4.926262E-02  2.837104E+01
     8.9500   -2.150195E-02  4.807430E-02  2.873804E+01
     9.0000   -3.425779E-02  4.644061E-02  2.910394E+01
     9.0500   -4.135958E-02  4.445328E-02  2.946985E+01
     9.1000   -4.210561E-02  4.210803E-02  2.983441E+01
     9.1500   -3.703623E-02  3.946053E-02  3.019748E+01
     9.2000   -2.764631E-02  3.657230E-02  3.055884E+01
     9.2500   -1.599799E-02  3.350875E-02  3.091820E+01
     9.3000   -4.257562E-03  3.033717E-02  3.127512E+01
     9.3500    5.735026E-03  2.712474E-02  3.162897E+01
     9.4000    1.277338E-02  2.393673E-02  3.197881E+01
     9.4500    1.641579E-02  2.083501E-02  3.232331E+01
     9.5000    1.693379E-02  1.787695E-02  3.266044E+01
     9.5500    1.513904E-02  1.513906E-02  3.298802E+01
     9.6000    1.201759E-02  1.263640E-02  3.330097E+01
     9.6500    8.558536E-03  1.041564E-02  3.359313E+01
     9.7000    5.499073E-03  8.523500E-03  3.385628E+01
     9.7500    3.211567E-03  7.008874E-03  3.408153E+01
     9.8000    1.706457E-03  5.918437E-03  3.426504E+01
     9.8500    7.307991E-04  5.275204E-03  3.441854E+01
     9.9000   -7.930384E-05  5.043842E-03  3.457324E+01
     9.9500   -1.042100E-03  5.124682E-03  3.476230E+01
    10.0000   -2.313052E-03  5.398509E-03  3.500031E+01
    10.0500   -3.844067E-03  5.779021E-03  3.528525E+01
    10.1000   -5.375753E-03  6.204781E-03  3.560544E+01
    10.1500   -6.543357E-03  6.648319E-03  3.595039E+01
    10.2000   -6.978460E-03  7.097171E-03  3.631147E+01
    10.2500   -6.417280E-03  7.545361E-03  3.668219E+01
    10.3000   -4.779264E-03  7.988687E-03  3.705779E+01
    10.3500   -2.198937E-03  8.422670E-03  3.743498E+01
    10.4000    9.924744E-04  8.842082E-03  3.781159E+01
    10.4500    4.326952E-03  9.241263E-03  3.818639E+01
    10.5000    7.284526E-03  9.614701E-03  3.855881E+01
    10.5500    9.383956E-03  9.957576E-03  3.892883E+01
    10.6000    1.026241E-02  1.026613E-02  3.929680E+01
    10.6500    9.732578E-03  1.053783E-02  3.966338E+01
    10.7000    7.811472E-03  1.077144E-02  4.002938E+01
    10.7500    4.720372E-03  1.096693E-02  4.039575E+01
    10.8000    8.581095E-04  1.112550E-02  4.076350E+01
    10.8500   -3.248362E-03  1.124952E-02  4.113363E+01
    10.9000   -7.011510E-03  1.134265E-02  4.150710E+01
    10.9500   -9.863078E-03  1.140986E-02  4.188473E+01
    11.0000   -1.133837E-02  1.145748E-02  4.226719E+01
    11.0500   -1.118190E-02  1.152657E-02  4.265666E+01
    11.1000   -9.297285E-03  1.159174E-02  4.305156E+01
    11.1500   -5.901924E-03  1.166150E-02  4.345164E+01
    11.2000   -1.476030E-03  1.174398E-02  4.385628E+01
    11.2500    3.298687E-03  1.184581E-02  4.426450E+01
    11.3000    7.644528E-03  1.197081E-02  4.467497E+01
    11.3500    1.082171E-02  1.211895E-02  4.508617E+01
    11.4000    1.226588E-02  1.228556E-02  4.549648E+01
    11.4500    1.170050E-02  1.246126E-02  4.590432E+01
    11.5000    9.197890E-03  1.263239E-02  4.630832E+01
    11.5500    5.172495E-03  1.278216E-02  4.670728E+01
    11.6000    3.045462E-04  1.289201E-02  4.710026E+01
    11.6500   -4.591472E-03  1.294324E-02  4.748652E+01
    11.7000   -8.725500E-03  1.291865E-02  4.786542E+01
    11.7500   -1.148251E-02  1.280398E-02  4.823635E+01
    11.8000   -1.253128E-02  1.258928E-02  4.859865E+01
    11.8500   -1.186767E-02  1.227005E-02  4.895149E+01
    11.9000   -9.784774E-03  1.184821E-02  4.929378E+01
    11.9500   -6.780589E-03  1.133303E-02  4.962410E+01
    12.0000   -3.428930E-03  1.074187E-02  4.994059E+01
    12.0500   -2.298399E-04  1.013479E-02  5.024280E+01
    12.1000    2.452178E-03  9.511172E-03  5.052625E+01
    12.1500    4.454488E-03  8.915823E-03  5.078864E+01
    12.2000    5.808826E-03  8.400668E-03  5.102901E+01
    12.2500    6.676465E-03  8.018587E-03  5.124931E+01
    12.3000    7.253608E-03  7.812303E-03  5.145580E+01
    12.3500    7.678342E-03  7.801109E-03  5.165864E+01
    12.4000    7.968663E-03  7.972946E-03  5.186906E+01
    12.4500    8.010666E-03  8.287949E-03  5.209568E+01
    12.5000    7.600048E-03  8.690898E-03  5.234270E+01
    12.5500    6.523358E-03  9.124402E-03  5.261054E+01
    12.6000    4.652919E-03  9.537447E-03  5.289744E+01
    12.6500    2.024689E-03  9.889050E-03  5.320088E+01
    12.7000   -1.127154E-03  1.014895E-02  5.351837E+01
    12.7500   -4.392683E-03  1.029703E-02  5.384780E+01
    12.8000   -7.262898E-03  1.032228E-02  5.418755E+01
    12.8500   -9.241802E-03  1.022183E-02  5.453640E+01
    12.9000   -9.964333E-03  9.999851E-03  5.489356E+01
    12.9500   -9.288335E-03  9.666613E-03  5.525855E+01
    13.0000   -7.335415E-03  9.237413E-03  5.563115E+01
    13.0500   -4.476102E-03  8.754703E-03  5.601199E+01
    13.1000   -1.212621E-03  8.211702E-03  5.640046E+01
    13.1500    1.873455E-03  7.631934E-03  5.679668E+01
    13.2000    4.271519E-03  7.039559E-03  5.720068E+01
    13.2500    5.644409E-03  6.457858E-03  5.761212E+01
    13.3000    5.883924E-03  5.907567E-03  5.802997E+01
    13.3500    5.108762E-03  5.405187E-03  5.845218E+01
    13.4000    3.610140E-03  4.961555E-03  5.887541E+01
    13.4500    1.763936E-03  4.581162E-03  5.929501E+01
    13.5000   -6.438949E-05  4.262724E-03  5.970537E+01
    13.5500   -1.596367E-03  4.001209E-03  6.010065E+01
    13.6000   -2.680711E-03  3.790858E-03  6.047572E+01
    13.6500   -3.291689E-03  3.628175E-03  6.082698E+01
    13.7000   -3.493223E-03  3.513648E-03  6.115318E+01
    13.7500   -3.385866E-03  3.451293E-03  6.145608E+01
    13.8000   -3.057165E-03  3.445861E-03  6.174061E+01
    13.8500   -2.552446E-03  3.498658E-03  6.201419E+01
    13.9000   -1.874179E-03  3.603958E-03  6.228496E+01
    13.9500   -1.006932E-03  3.747808E-03  6.255984E+01
    14.0000    4.458803E-05  3.909533E-03  6.284326E+01
    14.0500    1.229886E-03  4.072523E-03  6.313864E+01
    14.1000    2.418502E-03  4.204183E-03  6.344478E+01
    14.1500    3.428588E-03  4.280369E-03  6.376082E+01
    14.2000    4.066434E-03  4.279846E-03  6.408552E+01
    14.2500    4.184833E-03  4.185300E-03  6.441760E+01
    14.3000    3.737973E-03  3.983990E-03  6.475591E+01
    14.3500    2.812724E-03  3.668132E-03  6.509960E+01
    14.4000    1.622307E-03  3.235101E-03  6.544815E+01
    14.4500    4.595878E-04  2.687460E-03  6.580159E+01
    14.5000   -3.796486E-04  2.032850E-03  6.616131E+01
    14.5500   -6.824510E-04  1.283807E-03  6.653391E+01
    14.6000   -3.877367E-04  4.588718E-04  6.697997E+01
    14.6500    3.839964E-04  4.360695E-04  6.390895E+01
    14.7000    1.352503E-03  1.353327E-03  6.436775E+01
    14.7500    2.148557E-03  2.282548E-03  6.474699E+01
    14.8000    2.416112E-03  3.194941E-03  6.511591E+01
    14.8500    1.917888E-03  4.063418E-03  6.548190E+01
    14.9000    6.137847E-04  4.861735E-03  6.584686E+01
    14.9500   -1.312083E-03  5.565287E-03  6.621145E+01
    15.0000   -3.486128E-03  6.151944E-03  6.657591E+01
    15.0500   -5.458968E-03  6.626635E-03  6.694151E+01
    15.1000   -6.757625E-03  6.951851E-03  6.730730E+01
    15.1500   -7.056875E-03  7.115862E-03  6.767309E+01
    15.2000   -6.260129E-03  7.111675E-03  6.803863E+01
    15.2500   -4.529799E-03  6.937308E-03  6.840355E+01
    15.3000   -2.247643E-03  6.595905E-03  6.876731E+01
    15.3500    8.519969E-05  6.095690E-03  6.912902E+01
    15.4000    1.981352E-03  5.449818E-03  6.948713E+01
    15.4500    3.096459E-03  4.676198E-03  6.983876E+01
    15.5000    3.318030E-03  3.797587E-03  7.017784E+01
    15.5500    2.788361E-03  2.843013E-03  7.048944E+01
    15.6000    1.854651E-03  1.856148E-03  7.072600E+01
    15.6500    9.602062E-04  9.605329E-04  7.065975E+01
    15.7000    5.077785E-04  8.415213E-04  6.976280E+01
    15.7500    7.344524E-04  1.662332E-03  6.957267E+01
    15.8000    1.634696E-03  2.613781E-03  6.979070E+01
    15.8500    2.954773E-03  3.532330E-03  7.010589E+01
    15.9000    4.261483E-03  4.374887E-03  7.045765E+01
    15.9500    5.066854E-03  5.118721E-03  7.082831E+01
    16.0000    4.974023E-03  5.749507E-03  7.121124E+01
    16.0500    3.801435E-03  6.284727E-03  7.160703E+01
    16.1000    1.634833E-03  6.699841E-03  7.201013E+01
    16.1500   -1.139936E-03  6.995515E-03  7.242031E+01
    16.2000   -3.939807E-03  7.177149E-03  7.283772E+01
    16.2500   -6.128273E-03  7.254585E-03  7.326272E+01
    16.3000   -7.178906E-03  7.241609E-03  7.369574E+01
    16.3500   -6.814695E-03  7.155184E-03  7.413716E+01
    16.4000   -5.085406E-03  7.014377E-03  7.458719E+01
    16.4500   -2.361704E-03  6.838913E-03  7.504563E+01
    16.5000    7.528664E-04  6.647402E-03  7.551172E+01
    16.5500    3.568998E-03  6.455343E-03  7.598403E+01
    16.6000    5.479203E-03  6.273226E-03  7.646042E+01
    16.6500    6.102270E-03  6.105167E-03  7.693821E+01
    16.7000    5.367800E-03  5.948512E-03  7.741456E+01
    16.7500    3.520594E-03  5.794615E-03  7.788683E+01
    16.8000    1.046264E-03  5.630608E-03  7.835291E+01
    16.8500   -1.459937E-03  5.441664E-03  7.881143E+01
    16.9000   -3.444881E-03  5.213225E-03  7.926170E+01
    16.9500   -4.529779E-03  4.932802E-03  7.970357E+01
    17.0000   -4.589547E-03  4.591185E-03  8.013732E+01
    17.0500   -3.767464E-03  4.188003E-03  8.056259E+01
    17.1000   -2.399936E-03  3.718235E-03  8.097980E+01
    17.1500   -9.198804E-04  3.184341E-03  8.138836E+01
    17.2000    2.717992E-04  2.592204E-03  8.178645E+01
    17.2500    9.137068E-04  1.950975E-03  8.216881E+01
    17.3000    9.447609E-04  1.273568E-03  8.251719E+01
    17.3500    5.043688E-04  5.842209E-04  8.272322E+01
    17.4000   -1.245148E-04  2.668740E-04  8.119600E+01
    17.4500   -6.103224E-04  9.148888E-04  8.095110E+01
    17.5000   -6.771579E-04  1.605495E-03  8.124601E+01
    17.5500   -1.886581E-04  2.269345E-03  8.159818E+01
    17.6000    8.111882E-04  2.888247E-03  8.196610E+01
    17.6500    2.109883E-03  3.448598E-03  8.233975E+01
    17.7000    3.385569E-03  3.939185E-03  8.271562E+01
    17.7500    4.295445E-03  4.351036E-03  8.309218E+01
    17.8000    4.568316E-03  4.677525E-03  8.346872E+01
    17.8500    4.076301E-03  4.914462E-03  8.384488E+01
    17.9000    2.867594E-03  5.060126E-03  8.422050E+01
    17.9500    1.153487E-03  5.115223E-03  8.459554E+01
    18.0000   -7.447352E-04  5.082763E-03  8.497005E+01
    18.0500   -2.490620E-03  4.992002E-03  8.534536E+01
    18.1000   -3.770133E-03  4.825900E-03  8.571963E+01
    18.1500   -4.385873E-03  4.591930E-03  8.609309E+01
    18.2000   -4.287614E-03  4.298823E-03  8.646603E+01
    18.2500   -3.570717E-03  3.956254E-03  8.683894E+01
    18.3000   -2.441821E-03  3.574521E-03  8.721257E+01
    18.3500   -1.163286E-03  3.164237E-03  8.758813E+01
    18.4000    8.257846E-06  2.736081E-03  8.796761E+01
    18.4500    8.744451E-04  2.300662E-03  8.835448E+01
    18.5000    1.328087E-03  1.868636E-03  8.875512E+01
    18.5500    1.361964E-03  1.451481E-03  8.918235E+01
    18.6000    1.055308E-03  1.064191E-03  8.966469E+01
    18.6500    5.446071E-04  7.345957E-04  9.027108E+01
    18.7000   -1.234537E-05  5.311623E-04  9.112943E+01
    18.7500   -4.705266E-04  5.513988E-04  9.212853E+01
    18.8000   -7.235234E-04  7.385285E-04  9.287891E+01
    18.8500   -7.179762E-04  9.731407E-04  9.341798E+01
    18.9000   -4.564902E-04  1.205489E-03  9.385941E+01
    18.9500    9.006044E-06  1.419072E-03  9.425413E+01
    19.0000    5.905308E-04  1.607543E-03  9.462394E+01
    19.0500    1.189270E-03  1.777633E-03  9.498067E+01
    19.1000    1.692142E-03  1.918827E-03  9.532758E+01
    19.1500    2.006209E-03  2.029098E-03  9.566823E+01
    19.2000    2.070079E-03  2.106501E-03  9.600481E+01
    19.2500    1.865001E-03  2.149115E-03  9.633862E+01
    19.3000    1.419461E-03  2.155123E-03  9.667036E+01
    19.3500    8.055252E-04  2.122989E-03  9.700019E+01
    19.4000    1.263459E-04  2.051682E-03  9.732775E+01
    19.4500   -5.038934E-04  1.940935E-03  9.765199E+01
    19.5000   -9.840918E-04  1.791524E-03  9.797090E+01
    19.5500   -1.249125E-03  1.605624E-03  9.828080E+01
    19.6000   -1.285600E-03  1.387356E-03  9.857479E+01
    19.6500   -1.135571E-03  1.143958E-03  9.883901E+01
    19.7000   -8.859966E-04  8.890255E-04  9.904274E+01
    19.7500   -6.454832E-04  6.531577E-04  9.911362E+01
    19.8000   -5.136793E-04  5.138472E-04  9.893461E+01
    19.8500   -5.513724E-04  5.777587E-04  9.865678E+01
    19.9000   -7.599065E-04  8.045981E-04  9.862530E+01
    19.9500   -1.076596E-03  1.092780E-03  9.878785E+01
    20.0000   -1.388695E-03  1.393357E-03  9.904199E+01
