 comment: None given                            Feff8L (EXAFS)       0.1
 Source:
 Structure Summary:  Fe4 O6
 Reduced formula:  Fe2O3
 space group: (R-3c), space number:  (167)
 abc:  5.091894   5.452030   5.091910
 angles: 62.162605 119.985134 117.837164
 sites: 10
 mp-19770
 POT  Non-SCF, core-hole, AFOLP (folp(0)= 1.150)
 Abs   Z=26 Rmt= 1.301 Rnm= 1.391 K  shell
 Pot 1 Z=26 Rmt= 1.304 Rnm= 1.397
 Pot 2 Z= 8 Rmt= 1.019 Rnm= 1.091
 Gam_ch=1.309E+00 H-L exch
 Mu=-9.980E-01 kf=2.225E+00 Vint=-1.987E+01 Rs_int= 1.630
 PATH  Rmax= 6.000,  Keep_limit= 0.00, Heap_limit 0.00  Pwcrit= 2.50%
 Path   62      icalc       2
 -----------------------------------------------------------------------
   3   2.000   4.8579    2.3292   -0.99800 nleg, deg, reff, rnrmav(bohr), edge
        x         y         z   pot at#
    -0.0000   -0.0000   -0.0000  0  26 Fe       absorbing atom
     4.4232   -1.2611   -0.8540  2   8 O
     1.9264    0.3746   -0.1329  2   8 O
    k   real[2*phc]   mag[feff]  phase[feff] red factor   lambda     real[p]@#
  0.000  3.1283E+00  2.3634E-05 -1.2110E+00  1.008E+00  2.5914E+01  2.2257E+00
  0.100  3.1279E+00  3.2534E-02 -2.1628E+00  1.008E+00  2.5939E+01  2.2279E+00
  0.200  3.1266E+00  6.4666E-02 -3.0772E+00  1.008E+00  2.6011E+01  2.2343E+00
  0.300  3.1243E+00  9.6015E-02 -3.9539E+00  1.008E+00  2.6123E+01  2.2450E+00
  0.400  3.1212E+00  1.2623E-01 -4.7933E+00  1.008E+00  2.6264E+01  2.2599E+00
  0.500  3.1170E+00  1.5501E-01 -5.5959E+00  1.009E+00  2.6417E+01  2.2788E+00
  0.600  3.1117E+00  1.8209E-01 -6.3625E+00  1.009E+00  2.6563E+01  2.3019E+00
  0.700  3.1053E+00  2.0728E-01 -7.0939E+00  1.009E+00  2.6678E+01  2.3288E+00
  0.800  3.0976E+00  2.3045E-01 -7.7910E+00  1.010E+00  2.6739E+01  2.3595E+00
  0.900  3.0886E+00  2.5152E-01 -8.4547E+00  1.011E+00  2.6722E+01  2.3939E+00
  1.000  3.0780E+00  2.7044E-01 -9.0859E+00  1.011E+00  2.6605E+01  2.4319E+00
  1.100  3.0659E+00  2.8722E-01 -9.6854E+00  1.012E+00  2.6373E+01  2.4734E+00
  1.200  3.0520E+00  3.0189E-01 -1.0254E+01  1.013E+00  2.6015E+01  2.5182E+00
  1.300  3.0363E+00  3.1451E-01 -1.0793E+01  1.015E+00  2.5530E+01  2.5662E+00
  1.400  3.0184E+00  3.2516E-01 -1.1302E+01  1.016E+00  2.4924E+01  2.6174E+00
  1.500  2.9984E+00  3.3390E-01 -1.1783E+01  1.018E+00  2.4213E+01  2.6717E+00
  1.600  2.9759E+00  3.4083E-01 -1.2235E+01  1.021E+00  2.3418E+01  2.7291E+00
  1.700  2.9507E+00  3.4601E-01 -1.2660E+01  1.024E+00  2.2565E+01  2.7894E+00
  1.800  2.9227E+00  3.4951E-01 -1.3056E+01  1.027E+00  2.1681E+01  2.8527E+00
  1.900  2.8916E+00  3.5139E-01 -1.3424E+01  1.030E+00  2.0795E+01  2.9189E+00
  2.000  2.8572E+00  3.5168E-01 -1.3765E+01  1.034E+00  1.9933E+01  2.9881E+00
  2.200  2.7768E+00  3.4755E-01 -1.4359E+01  1.042E+00  1.8376E+01  3.1356E+00
  2.400  2.6849E+00  3.3707E-01 -1.4832E+01  1.051E+00  1.7176E+01  3.2958E+00
  2.600  2.5311E+00  3.1339E-01 -1.5104E+01  1.027E+00  1.6461E+01  3.4824E+00
  2.800  2.4093E+00  3.3007E-01 -1.5535E+01  1.165E+00  8.4249E+00  3.6507E+00
  3.000  2.3762E+00  3.3391E-01 -1.6195E+01  1.211E+00  7.0291E+00  3.7842E+00
  3.200  2.3338E+00  3.2844E-01 -1.6803E+01  1.234E+00  6.3830E+00  3.9215E+00
  3.400  2.2743E+00  3.1508E-01 -1.7330E+01  1.242E+00  6.0651E+00  4.0673E+00
  3.600  2.2048E+00  2.9584E-01 -1.7803E+01  1.239E+00  5.9200E+00  4.2183E+00
  3.800  2.1287E+00  2.7283E-01 -1.8231E+01  1.233E+00  5.8786E+00  4.3742E+00
  4.000  2.0478E+00  2.4790E-01 -1.8621E+01  1.217E+00  5.9062E+00  4.5345E+00
  4.200  1.9629E+00  2.2208E-01 -1.8977E+01  1.204E+00  5.9832E+00  4.6986E+00
  4.400  1.8760E+00  1.9703E-01 -1.9306E+01  1.189E+00  6.0974E+00  4.8662E+00
  4.600  1.7882E+00  1.7353E-01 -1.9612E+01  1.173E+00  6.2412E+00  5.0369E+00
  4.800  1.6991E+00  1.5171E-01 -1.9894E+01  1.159E+00  6.4092E+00  5.2103E+00
  5.000  1.6099E+00  1.3209E-01 -2.0158E+01  1.145E+00  6.5976E+00  5.3862E+00
  5.200  1.5211E+00  1.1465E-01 -2.0404E+01  1.132E+00  6.8035E+00  5.5643E+00
  5.400  1.4321E+00  9.9183E-02 -2.0631E+01  1.119E+00  7.0248E+00  5.7444E+00
  5.600  1.3436E+00  8.5526E-02 -2.0843E+01  1.108E+00  7.2599E+00  5.9261E+00
  5.800  1.2551E+00  7.3561E-02 -2.1042E+01  1.097E+00  7.5075E+00  6.1094E+00
  6.000  1.1667E+00  6.3162E-02 -2.1227E+01  1.086E+00  7.7665E+00  6.2941E+00
  6.500  9.4671E-01  4.2813E-02 -2.1636E+01  1.063E+00  8.4587E+00  6.7610E+00
  7.000  7.3088E-01  2.8649E-02 -2.1974E+01  1.043E+00  9.2074E+00  7.2338E+00
  7.500  5.2391E-01  1.9022E-02 -2.2247E+01  1.025E+00  1.0006E+01  7.7112E+00
  8.000  3.2901E-01  1.2742E-02 -2.2442E+01  1.011E+00  1.0850E+01  8.1923E+00
  8.500  1.4431E-01  8.8897E-03 -2.2534E+01  9.978E-01  1.1735E+01  8.6762E+00
  9.000 -3.8216E-02  6.7830E-03 -2.2518E+01  9.832E-01  1.2659E+01  9.1623E+00
  9.500 -2.1779E-01  5.8873E-03 -2.2456E+01  9.714E-01  1.3621E+01  9.6504E+00
 10.000 -3.9248E-01  5.6849E-03 -2.2429E+01  9.615E-01  1.4617E+01  1.0140E+01
 11.000 -7.1918E-01  5.8497E-03 -2.2575E+01  9.480E-01  1.6711E+01  1.1123E+01
 12.000 -1.0167E+00  5.7993E-03 -2.2859E+01  9.410E-01  1.8931E+01  1.2109E+01
 13.000 -1.2943E+00  5.3820E-03 -2.3187E+01  9.365E-01  2.1271E+01  1.3098E+01
 14.000 -1.5490E+00  4.9683E-03 -2.3530E+01  9.341E-01  2.3724E+01  1.4089E+01
 15.000 -1.7840E+00  4.4675E-03 -2.3870E+01  9.335E-01  2.6286E+01  1.5081E+01
 16.000 -2.0038E+00  3.8848E-03 -2.4204E+01  9.334E-01  2.8953E+01  1.6075E+01
 17.000 -2.2070E+00  3.3616E-03 -2.4520E+01  9.339E-01  3.1722E+01  1.7069E+01
 18.000 -2.3969E+00  2.8203E-03 -2.4815E+01  9.347E-01  3.4587E+01  1.8064E+01
 19.000 -2.5746E+00  2.2726E-03 -2.5104E+01  9.354E-01  3.7548E+01  1.9060E+01
 20.000 -2.7406E+00  1.8325E-03 -2.5365E+01  9.360E-01  4.0601E+01  2.0057E+01
