# comment: None given                          Feff8L (EXAFS)       0.1      
# Source:
# Structure Summary:  Fe4 O6
# Reduced formula:  Fe2O3
# space group: (R-3c), space number:  (167)
# abc:  5.091894   5.452030   5.091910
# angles: 62.162605 119.985134 117.837164
# sites: 10
# mp-19770
# POT  Non-SCF, core-hole, AFOLP (folp(0)= 1.150)
# Abs   Z=26 Rmt= 1.301 Rnm= 1.391 K  shell
# Pot 1 Z=26 Rmt= 1.304 Rnm= 1.397
# Pot 2 Z= 8 Rmt= 1.019 Rnm= 1.091
# Gam_ch=1.309E+00 H-L exch
# Mu=-9.980E-01 kf=2.225E+00 Vint=-1.987E+01 Rs_int= 1.630
# PATH  Rmax= 6.000,  Keep_limit= 0.00, Heap_limit 0.00  Pwcrit= 2.50%
#  S02=1.000                                        Global_sig2= 0.00000
#  Curved wave amplitude ratio filter   4.000%
#     file         sig2 tot  cw amp ratio   deg  nlegs   reff  inp sig2
#           1       0.00000    100.00      3.00     2   1.9672
#           2       0.00000     28.22      1.00     2   2.1213
#           3       0.00000     56.41      2.00     2   2.1219
#           4       0.00000     15.09      1.00     2   2.8866
#           5       0.00000     13.79      1.00     2   2.9984
#           6       0.00000     13.79      1.00     2   2.9988
#           7       0.00000     13.78      1.00     2   2.9992
#           8       0.00000     10.22      1.00     2   3.3980
#           9       0.00000     20.43      2.00     2   3.3989
#          10       0.00000     18.15      2.00     2   3.4331
#          11       0.00000      9.06      1.00     2   3.4343
#          12       0.00000      5.16      4.00     3   3.4688
#          15       0.00000     15.96      2.00     2   3.6130
#          16       0.00000      7.98      1.00     2   3.6134
#          17       0.00000      4.20      2.00     3   3.6665
#          18       0.00000      4.20      2.00     3   3.6665
#          19       0.00000      4.20      2.00     3   3.6662
#          20       0.00000     32.60      4.00     2   3.7297
#          21       0.00000     16.29      2.00     2   3.7307
#          22       0.00000     13.85      2.00     2   3.8202
#          23       0.00000      6.92      1.00     2   3.8207
#          24       0.00000      7.06      4.00     3   3.9091
#          29       0.00000      5.44      3.00     4   3.9344
#          31       0.00000      6.85      1.00     2   4.0006
#          32       0.00000      8.73      2.00     3   4.0648
#          33       0.00000      8.73      2.00     3   4.0651
#          34       0.00000      8.73      2.00     3   4.0654
#          35       0.00000      5.96      2.00     4   4.0885
#          36       0.00000     11.91      4.00     4   4.0889
#          37       0.00000     16.90      3.00     2   4.1379
#          38       0.00000      4.82      6.00     3   4.2406
#          41       0.00000      9.36      2.00     2   4.4394
#          42       0.00000      4.68      1.00     2   4.4398
#          43       0.00000      4.95      6.00     3   4.4958
#          44       0.00000      4.13      4.00     3   4.5219
#          45       0.00000     12.02      4.00     3   4.5498
#          46       0.00000      6.01      2.00     3   4.5504
#          47       0.00000      4.31      1.00     2   4.5794
#          48       0.00000      4.31      1.00     2   4.5795
#          49       0.00000      4.31      1.00     2   4.5800
#          50       0.00000      6.31      2.00     3   4.6650
#          51       0.00000      6.31      2.00     3   4.6652
#          52       0.00000      6.31      2.00     3   4.6656
#          53       0.00000      4.07      1.00     2   4.6770
#          54       0.00000      8.14      2.00     2   4.6783
#          56       0.00000     11.76      3.00     2   4.7446
#          69       0.00000      8.47      6.00     3   4.9683
#          75       0.00000      7.17      2.00     3   5.0126
#          76       0.00000      7.16      2.00     3   5.0137
#          77       0.00000      7.16      2.00     3   5.0134
#          79       0.00000      7.62      2.00     4   5.0227
#          80       0.00000     14.73      4.00     2   5.0919
#          81       0.00000      7.36      2.00     2   5.0930
#          82       0.00000      5.05      4.00     3   5.2461
#          83       0.00000      4.22      4.00     3   5.2461
#          89       0.00000     18.37      6.00     2   5.4520
#          91       0.00000      5.04      2.00     2   5.5738
#          92       0.00000      4.24      4.00     3   5.5934
#          95       0.00000      5.36      4.00     3   5.6355
#          96       0.00000      7.23      3.00     2   5.6619
#          99       0.00000      5.04      2.00     2   5.8527
#         100       0.00000      5.03      2.00     2   5.8536
#         101       0.00000      5.03      2.00     2   5.8542
#         111       0.00000      4.24      2.00     2   5.9276
#    64/ 103 paths used
#  xsedge+50, used to normalize mu           3.2008E-04
#  -----------------------------------------------------------------------
#  omega    e    k    mu    mu0     chi     @#
    7116.524     -0.988   0.050  6.52309E-01  4.70953E-01  1.99805E-01
    7116.552     -0.960   0.100  6.64579E-01  4.79460E-01  2.03874E-01
    7116.600     -0.912   0.150  7.00818E-01  5.04474E-01  2.15991E-01
    7116.666     -0.846   0.200  7.37012E-01  5.29489E-01  2.28031E-01
    7116.752     -0.760   0.250  7.92883E-01  5.66894E-01  2.47865E-01
    7116.857     -0.655   0.300  8.48604E-01  6.04299E-01  2.67461E-01
    7116.981     -0.531   0.350  9.13717E-01  6.44165E-01  2.94366E-01
    7117.124     -0.388   0.400  9.78459E-01  6.84032E-01  3.20733E-01
    7117.286     -0.226   0.450  1.04312E+00  7.17493E-01  3.53638E-01
    7117.466     -0.046   0.500  1.10702E+00  7.50955E-01  3.85512E-01
    7117.667      0.155   0.550  1.16785E+00  7.76019E-01  4.22741E-01
    7117.886      0.374   0.600  1.22727E+00  8.01083E-01  4.58187E-01
    7118.124      0.612   0.650  1.28405E+00  8.19571E-01  4.97403E-01
    7118.381      0.869   0.700  1.33846E+00  8.38058E-01  5.33793E-01
    7118.657      1.145   0.750  1.39045E+00  8.52121E-01  5.71873E-01
    7118.952      1.440   0.800  1.43881E+00  8.66184E-01  6.05795E-01
    7119.267      1.755   0.850  1.48384E+00  8.77340E-01  6.38889E-01
    7119.600      2.088   0.900  1.52371E+00  8.88496E-01  6.66280E-01
    7119.952      2.441   0.950  1.55836E+00  8.97680E-01  6.90027E-01
    7120.324      2.812   1.000  1.58621E+00  9.06865E-01  7.06484E-01
    7120.714      3.203   1.050  1.60645E+00  9.14628E-01  7.16449E-01
    7121.124      3.612   1.100  1.61841E+00  9.22391E-01  7.17787E-01
    7121.553      4.041   1.150  1.62044E+00  9.29052E-01  7.10173E-01
    7122.000      4.488   1.200  1.61329E+00  9.35712E-01  6.93232E-01
    7122.467      4.955   1.250  1.59461E+00  9.41448E-01  6.65790E-01
    7122.953      5.441   1.300  1.56691E+00  9.47185E-01  6.29401E-01
    7123.458      5.946   1.350  1.52747E+00  9.52098E-01  5.82432E-01
    7123.982      6.470   1.400  1.48068E+00  9.57010E-01  5.28362E-01
    7124.524      7.012   1.450  1.42384E+00  9.61151E-01  4.65523E-01
    7125.086      7.574   1.500  1.36303E+00  9.65293E-01  3.99053E-01
    7125.667      8.155   1.550  1.29597E+00  9.68693E-01  3.27607E-01
    7126.268      8.756   1.600  1.22978E+00  9.72092E-01  2.57357E-01
    7126.887      9.375   1.650  1.16275E+00  9.74767E-01  1.87424E-01
    7127.525     10.013   1.700  1.10205E+00  9.77442E-01  1.24034E-01
    7128.182     10.670   1.750  1.04641E+00  9.79403E-01  6.66243E-02
    7128.858     11.346   1.800  1.00174E+00  9.81365E-01  2.02382E-02
    7129.554     12.042   1.850  9.66700E-01  9.82623E-01 -1.58094E-02
    7130.268     12.756   1.900  9.44746E-01  9.83881E-01 -3.88392E-02
    7131.001     13.489   1.950  9.33862E-01  9.84410E-01 -5.01803E-02
    7131.754     14.242   2.000  9.34355E-01  9.84939E-01 -5.02299E-02
    7132.525     15.013   2.050  9.43277E-01  9.84507E-01 -4.09944E-02
    7133.316     15.804   2.100  9.58288E-01  9.84074E-01 -2.56720E-02
    7134.126     16.614   2.150  9.75151E-01  9.83642E-01 -8.46391E-03
    7134.954     17.442   2.200  9.89828E-01  9.83209E-01  6.60681E-03
    7135.802     18.290   2.250  9.98402E-01  9.80539E-01  1.78987E-02
    7136.669     19.157   2.300  9.97730E-01  9.77869E-01  1.99772E-02
    7137.555     20.043   2.350  9.85868E-01  9.75199E-01  1.07731E-02
    7138.459     20.947   2.400  9.62560E-01  9.72529E-01 -1.01042E-02
    7139.383     21.871   2.450  9.31817E-01  9.72622E-01 -4.14143E-02
    7140.326     22.814   2.500  8.92991E-01  9.72715E-01 -8.10179E-02
    7141.288     23.776   2.550  8.50921E-01  9.72809E-01 -1.24024E-01
    7142.269     24.757   2.600  8.10729E-01  9.72902E-01 -1.65228E-01
    7143.270     25.758   2.650  7.82308E-01  9.77386E-01 -1.98179E-01
    7144.289     26.777   2.700  7.62174E-01  9.81871E-01 -2.22546E-01
    7145.327     27.815   2.750  7.51020E-01  9.86355E-01 -2.37702E-01
    7146.384     28.872   2.800  7.48599E-01  9.90840E-01 -2.43975E-01
    7147.461     29.949   2.850  7.49032E-01  9.92230E-01 -2.44727E-01
    7148.556     31.044   2.900  7.56456E-01  9.93619E-01 -2.38447E-01
    7149.670     32.158   2.950  7.70109E-01  9.95009E-01 -2.25923E-01
    7150.804     33.292   3.000  7.89061E-01  9.96399E-01 -2.08101E-01
    7151.956     34.444   3.050  8.11555E-01  9.96427E-01 -1.85519E-01
    7153.128     35.616   3.100  8.37437E-01  9.96454E-01 -1.59545E-01
    7154.319     36.807   3.150  8.65649E-01  9.96481E-01 -1.31244E-01
    7155.528     38.016   3.200  8.95235E-01  9.96508E-01 -1.01574E-01
    7156.757     39.245   3.250  9.25255E-01  9.96405E-01 -7.13320E-02
    7158.005     40.493   3.300  9.54967E-01  9.96302E-01 -4.14237E-02
    7159.272     41.760   3.350  9.83752E-01  9.96198E-01 -1.24687E-02
    7160.557     43.045   3.400  1.01109E+00  9.96095E-01  1.50153E-02
    7161.862     44.350   3.450  1.03623E+00  9.95589E-01  4.06826E-02
    7163.186     45.674   3.500  1.05910E+00  9.95082E-01  6.40614E-02
    7164.529     47.017   3.550  1.07935E+00  9.94575E-01  8.48046E-02
    7165.891     48.379   3.600  1.09664E+00  9.94068E-01  1.02577E-01
    7167.272     49.760   3.650  1.11120E+00  9.93732E-01  1.17457E-01
    7168.673     51.161   3.700  1.12227E+00  9.93397E-01  1.28845E-01
    7170.092     52.580   3.750  1.12963E+00  9.93061E-01  1.36515E-01
    7171.530     54.018   3.800  1.13314E+00  9.92725E-01  1.40330E-01
    7172.987     55.475   3.850  1.13289E+00  9.92301E-01  1.40453E-01
    7174.464     56.952   3.900  1.12887E+00  9.91878E-01  1.36801E-01
    7175.959     58.447   3.950  1.12130E+00  9.91454E-01  1.29605E-01
    7177.474     59.962   4.000  1.11050E+00  9.91030E-01  1.19206E-01
    7179.007     61.495   4.050  1.09744E+00  9.90912E-01  1.06240E-01
    7180.560     63.048   4.100  1.08202E+00  9.90793E-01  9.09355E-02
    7182.131     64.619   4.150  1.06475E+00  9.90675E-01  7.38023E-02
    7183.722     66.210   4.200  1.04617E+00  9.90556E-01  5.53796E-02
    7185.332     67.820   4.250  1.02718E+00  9.90650E-01  3.63591E-02
    7186.961     69.449   4.300  1.00799E+00  9.90743E-01  1.71580E-02
    7188.608     71.096   4.350  9.89273E-01  9.90836E-01 -1.55385E-03
    7190.275     72.763   4.400  9.71779E-01  9.90930E-01 -1.90298E-02
    7191.961     74.449   4.450  9.56338E-01  9.91121E-01 -3.45458E-02
    7193.666     76.154   4.500  9.43685E-01  9.91313E-01 -4.72768E-02
    7195.390     77.878   4.550  9.34594E-01  9.91505E-01 -5.64622E-02
    7197.133     79.621   4.600  9.29645E-01  9.91696E-01 -6.15293E-02
    7198.895     81.383   4.650  9.28991E-01  9.91881E-01 -6.23361E-02
    7200.676     83.165   4.700  9.32660E-01  9.92067E-01 -5.88580E-02
    7202.477     84.965   4.750  9.40076E-01  9.92252E-01 -5.16727E-02
    7204.296     86.784   4.800  9.50214E-01  9.92437E-01 -4.17981E-02
    7206.134     88.622   4.850  9.61608E-01  9.92634E-01 -3.07077E-02
    7207.992     90.480   4.900  9.72828E-01  9.92831E-01 -1.97934E-02
    7209.868     92.356   4.950  9.82380E-01  9.93028E-01 -1.05350E-02
    7211.764     94.252   5.000  9.89068E-01  9.93226E-01 -4.11259E-03
    7213.678     96.166   5.050  9.91975E-01  9.93347E-01 -1.35738E-03
    7215.612     98.100   5.100  9.91211E-01  9.93469E-01 -2.23378E-03
    7217.564    100.052   5.150  9.87355E-01  9.93591E-01 -6.16926E-03
    7219.536    102.024   5.200  9.81521E-01  9.93712E-01 -1.20636E-02
    7221.527    104.015   5.250  9.74612E-01  9.93481E-01 -1.86772E-02
    7223.536    106.024   5.300  9.68651E-01  9.93249E-01 -2.43571E-02
    7225.565    108.053   5.350  9.64864E-01  9.93018E-01 -2.78874E-02
    7227.613    110.101   5.400  9.63971E-01  9.92786E-01 -2.85529E-02
    7229.680    112.168   5.450  9.65853E-01  9.92363E-01 -2.62863E-02
    7231.766    114.254   5.500  9.70265E-01  9.91940E-01 -2.15058E-02
    7233.871    116.359   5.550  9.76207E-01  9.91516E-01 -1.52010E-02
    7235.995    118.483   5.600  9.82456E-01  9.91093E-01 -8.58186E-03
    7238.138    120.626   5.650  9.87718E-01  9.90435E-01 -2.70281E-03
    7240.300    122.788   5.700  9.91367E-01  9.89777E-01  1.58264E-03
    7242.482    124.970   5.750  9.93107E-01  9.89119E-01  3.97360E-03
    7244.682    127.170   5.800  9.93196E-01  9.88461E-01  4.72316E-03
    7246.901    129.389   5.850  9.92130E-01  9.87476E-01  4.64874E-03
    7249.139    131.627   5.900  9.91086E-01  9.86490E-01  4.59521E-03
    7251.397    133.885   5.950  9.90968E-01  9.85505E-01  5.46939E-03
    7253.673    136.161   6.000  9.92388E-01  9.84520E-01  7.88688E-03
    7255.969    138.457   6.050  9.95478E-01  9.83326E-01  1.21991E-02
    7258.283    140.771   6.100  9.99861E-01  9.82132E-01  1.78234E-02
    7260.617    143.105   6.150  1.00474E+00  9.80939E-01  2.39673E-02
    7262.970    145.458   6.200  1.00914E+00  9.79745E-01  2.96386E-02
    7265.341    147.829   6.250  1.01213E+00  9.78551E-01  3.39046E-02
    7267.732    150.220   6.300  1.01308E+00  9.77358E-01  3.61275E-02
    7270.142    152.630   6.350  1.01182E+00  9.76164E-01  3.61083E-02
    7272.571    155.059   6.400  1.00859E+00  9.74970E-01  3.41007E-02
    7275.019    157.507   6.450  1.00399E+00  9.73777E-01  3.06908E-02
    7277.486    159.974   6.500  9.98713E-01  9.72583E-01  2.65807E-02
    7279.972    162.460   6.550  9.93235E-01  9.71331E-01  2.23140E-02
    7282.477    164.965   6.600  9.87772E-01  9.70080E-01  1.80510E-02
    7285.001    167.489   6.650  9.82103E-01  9.68828E-01  1.35650E-02
    7287.544    170.032   6.700  9.75665E-01  9.67577E-01  8.27750E-03
    7290.106    172.594   6.750  9.67764E-01  9.66325E-01  1.47433E-03
    7292.688    175.176   6.800  9.57871E-01  9.65074E-01 -7.39382E-03
    7295.288    177.776   6.850  9.45913E-01  9.63822E-01 -1.84111E-02
    7297.907    180.395   6.900  9.32473E-01  9.62570E-01 -3.09891E-02
    7300.546    183.034   6.950  9.18817E-01  9.61319E-01 -4.38266E-02
    7303.203    185.691   7.000  9.06746E-01  9.60067E-01 -5.50675E-02
    7305.880    188.368   7.050  8.98385E-01  9.59055E-01 -6.27396E-02
    7308.575    191.063   7.100  8.95546E-01  9.58042E-01 -6.47141E-02
    7311.290    193.778   7.150  8.99312E-01  9.57030E-01 -5.98452E-02
    7314.023    196.511   7.200  9.09712E-01  9.56017E-01 -4.80754E-02
    7316.776    199.264   7.250  9.25606E-01  9.55005E-01 -3.05634E-02
    7319.548    202.036   7.300  9.44821E-01  9.53992E-01 -9.54656E-03
    7322.339    204.827   7.350  9.64535E-01  9.52979E-01  1.20451E-02
    7325.149    207.637   7.400  9.81803E-01  9.51967E-01  3.11414E-02
    7327.978    210.466   7.450  9.94133E-01  9.50954E-01  4.51289E-02
    7330.825    213.313   7.500  9.99968E-01  9.49942E-01  5.23547E-02
    7333.692    216.181   7.550  9.99112E-01  9.49112E-01  5.23922E-02
    7336.579    219.067   7.600  9.92188E-01  9.48282E-01  4.60634E-02
    7339.484    221.972   7.650  9.81063E-01  9.47452E-01  3.53071E-02
    7342.408    224.896   7.700  9.68111E-01  9.46622E-01  2.26010E-02
    7345.351    227.839   7.750  9.55645E-01  9.45792E-01  1.03761E-02
    7348.313    230.801   7.800  9.45420E-01  9.44962E-01  4.82933E-04
    7351.295    233.783   7.850  9.38298E-01  9.44132E-01 -6.15848E-03
    7354.295    236.783   7.900  9.34173E-01  9.43302E-01 -9.64849E-03
    7357.314    239.802   7.950  9.32148E-01  9.42472E-01 -1.09252E-02
    7360.353    242.841   8.000  9.30911E-01  9.41642E-01 -1.13702E-02
    7363.410    245.898   8.050  9.29218E-01  9.40825E-01 -1.23121E-02
    7366.487    248.975   8.100  9.26255E-01  9.40008E-01 -1.46045E-02
    7369.583    252.071   8.150  9.22010E-01  9.39191E-01 -1.82664E-02
    7372.697    255.185   8.200  9.17270E-01  9.38374E-01 -2.24618E-02
    7375.831    258.319   8.250  9.13416E-01  9.37557E-01 -2.57224E-02
    7378.984    261.472   8.300  9.12018E-01  9.36740E-01 -2.63715E-02
    7382.155    264.643   8.350  9.14351E-01  9.35923E-01 -2.30366E-02
    7385.346    267.834   8.400  9.20972E-01  9.35106E-01 -1.51110E-02
    7388.556    271.044   8.450  9.31452E-01  9.34289E-01 -3.03665E-03
    7391.785    274.273   8.500  9.44365E-01  9.33472E-01  1.16717E-02
    7395.033    277.521   8.550  9.57345E-01  9.32414E-01  2.67446E-02
    7398.300    280.788   8.600  9.68035E-01  9.31356E-01  3.93925E-02
    7401.586    284.074   8.650  9.74129E-01  9.30298E-01  4.71271E-02
    7404.892    287.380   8.700  9.74067E-01  9.29240E-01  4.82540E-02
    7408.216    290.704   8.750  9.67402E-01  9.28182E-01  4.22674E-02
    7411.559    294.047   8.800  9.54914E-01  9.27124E-01  2.99845E-02
    7414.921    297.409   8.850  9.38464E-01  9.26066E-01  1.33922E-02
    7418.303    300.791   8.900  9.20609E-01  9.25008E-01 -4.75677E-03
    7421.703    304.191   8.950  9.04090E-01  9.23950E-01 -2.15020E-02
    7425.123    307.611   9.000  8.91288E-01  9.22892E-01 -3.42578E-02
    7428.561    311.049   9.050  8.83603E-01  9.21713E-01 -4.13596E-02
    7432.019    314.507   9.100  8.81782E-01  9.20534E-01 -4.21056E-02
    7435.495    317.983   9.150  8.85309E-01  9.19355E-01 -3.70362E-02
    7438.991    321.479   9.200  8.92792E-01  9.18176E-01 -2.76463E-02
    7442.506    324.994   9.250  9.02326E-01  9.16996E-01 -1.59980E-02
    7446.039    328.527   9.300  9.11918E-01  9.15817E-01 -4.25756E-03
    7449.592    332.080   9.350  9.19885E-01  9.14638E-01  5.73503E-03
    7453.164    335.652   9.400  9.25131E-01  9.13459E-01  1.27734E-02
    7456.755    339.243   9.450  9.27262E-01  9.12280E-01  1.64158E-02
    7460.365    342.853   9.500  9.26537E-01  9.11101E-01  1.69338E-02
    7463.994    346.482   9.550  9.23695E-01  9.09911E-01  1.51390E-02
    7467.642    350.130   9.600  9.19650E-01  9.08721E-01  1.20176E-02
    7471.309    353.797   9.650  9.15305E-01  9.07531E-01  8.55854E-03
    7474.995    357.483   9.700  9.11330E-01  9.06341E-01  5.49907E-03
    7478.700    361.188   9.750  9.08061E-01  9.05151E-01  3.21157E-03
    7482.425    364.913   9.800  9.05505E-01  9.03961E-01  1.70646E-03
    7486.168    368.656   9.850  9.03432E-01  9.02771E-01  7.30799E-04
    7489.930    372.418   9.900  9.01509E-01  9.01581E-01 -7.93038E-05
    7493.712    376.200   9.950  8.99451E-01  9.00391E-01 -1.04210E-03
    7497.512    380.000  10.000  8.97117E-01  8.99201E-01 -2.31305E-03
    7501.332    383.820  10.050  8.94635E-01  8.98094E-01 -3.84407E-03
    7505.170    387.658  10.100  8.92156E-01  8.96988E-01 -5.37575E-03
    7509.028    391.516  10.150  8.90007E-01  8.95881E-01 -6.54336E-03
    7512.905    395.393  10.200  8.88517E-01  8.94775E-01 -6.97846E-03
    7516.800    399.288  10.250  8.87921E-01  8.93668E-01 -6.41728E-03
    7520.715    403.203  10.300  8.88286E-01  8.92562E-01 -4.77926E-03
    7524.649    407.137  10.350  8.89490E-01  8.91456E-01 -2.19894E-03
    7528.602    411.090  10.400  8.91235E-01  8.90349E-01  9.92474E-04
    7532.574    415.062  10.450  8.93101E-01  8.89243E-01  4.32695E-03
    7536.565    419.053  10.500  8.94624E-01  8.88136E-01  7.28453E-03
    7540.575    423.063  10.550  8.95377E-01  8.87030E-01  9.38396E-03
    7544.604    427.092  10.600  8.95042E-01  8.85923E-01  1.02624E-02
    7548.652    431.140  10.650  8.93455E-01  8.84817E-01  9.73258E-03
    7552.719    435.207  10.700  8.90635E-01  8.83710E-01  7.81147E-03
    7556.805    439.293  10.750  8.86784E-01  8.82604E-01  4.72037E-03
    7560.910    443.398  10.800  8.82256E-01  8.81497E-01  8.58109E-04
    7565.035    447.523  10.850  8.77521E-01  8.80391E-01 -3.24836E-03
    7569.178    451.666  10.900  8.73098E-01  8.79285E-01 -7.01151E-03
    7573.340    455.828  10.950  8.69485E-01  8.78178E-01 -9.86308E-03
    7577.522    460.010  11.000  8.67090E-01  8.77072E-01 -1.13384E-02
    7581.722    464.210  11.050  8.65986E-01  8.75816E-01 -1.11819E-02
    7585.942    468.430  11.100  8.66399E-01  8.74560E-01 -9.29728E-03
    7590.180    472.669  11.150  8.68131E-01  8.73304E-01 -5.90192E-03
    7594.438    476.926  11.200  8.70756E-01  8.72048E-01 -1.47603E-03
    7598.715    481.203  11.250  8.73675E-01  8.70792E-01  3.29869E-03
    7603.011    485.499  11.300  8.76208E-01  8.69536E-01  7.64453E-03
    7607.325    489.813  11.350  8.77711E-01  8.68280E-01  1.08217E-02
    7611.659    494.147  11.400  8.77698E-01  8.67024E-01  1.22659E-02
    7616.012    498.500  11.450  8.75935E-01  8.65768E-01  1.17005E-02
    7620.384    502.872  11.500  8.72493E-01  8.64512E-01  9.19789E-03
    7624.775    507.263  11.550  8.67738E-01  8.63256E-01  5.17250E-03
    7629.185    511.673  11.600  8.62264E-01  8.62000E-01  3.04546E-04
    7633.614    516.102  11.650  8.56778E-01  8.60744E-01 -4.59147E-03
    7638.062    520.550  11.700  8.51962E-01  8.59488E-01 -8.72550E-03
    7642.530    525.018  11.750  8.48342E-01  8.58232E-01 -1.14825E-02
    7647.016    529.504  11.800  8.46199E-01  8.56976E-01 -1.25313E-02
    7651.521    534.009  11.850  8.45529E-01  8.55720E-01 -1.18677E-02
    7656.046    538.534  11.900  8.46074E-01  8.54464E-01 -9.78477E-03
    7660.589    543.077  11.950  8.47403E-01  8.53209E-01 -6.78059E-03
    7665.151    547.639  12.000  8.49021E-01  8.51953E-01 -3.42893E-03
    7669.733    552.221  12.050  8.50373E-01  8.50569E-01 -2.29840E-04
    7674.333    556.821  12.100  8.51275E-01  8.49185E-01  2.45218E-03
    7678.953    561.441  12.150  8.51592E-01  8.47802E-01  4.45449E-03
    7683.592    566.080  12.200  8.51352E-01  8.46418E-01  5.80883E-03
    7688.249    570.737  12.250  8.50696E-01  8.45034E-01  6.67647E-03
    7692.926    575.414  12.300  8.49792E-01  8.43651E-01  7.25361E-03
    7697.622    580.110  12.350  8.48757E-01  8.42267E-01  7.67834E-03
    7702.337    584.825  12.400  8.47608E-01  8.40883E-01  7.96866E-03
    7707.071    589.559  12.450  8.46249E-01  8.39500E-01  8.01067E-03
    7711.824    594.312  12.500  8.44508E-01  8.38116E-01  7.60005E-03
    7716.596    599.084  12.550  8.42210E-01  8.36732E-01  6.52336E-03
    7721.387    603.875  12.600  8.39249E-01  8.35349E-01  4.65292E-03
    7726.197    608.685  12.650  8.35660E-01  8.33965E-01  2.02469E-03
    7731.026    613.514  12.700  8.31640E-01  8.32581E-01 -1.12715E-03
    7735.874    618.362  12.750  8.27534E-01  8.31198E-01 -4.39268E-03
    7740.741    623.229  12.800  8.23766E-01  8.29814E-01 -7.26290E-03
    7745.628    628.116  12.850  8.20747E-01  8.28430E-01 -9.24180E-03
    7750.533    633.021  12.900  8.18777E-01  8.27047E-01 -9.96433E-03
    7755.458    637.946  12.950  8.17967E-01  8.25663E-01 -9.28834E-03
    7760.401    642.889  13.000  8.18212E-01  8.24279E-01 -7.33541E-03
    7765.363    647.851  13.050  8.19252E-01  8.22948E-01 -4.47610E-03
    7770.345    652.833  13.100  8.20618E-01  8.21617E-01 -1.21262E-03
    7775.346    657.834  13.150  8.21828E-01  8.20286E-01  1.87345E-03
    7780.365    662.853  13.200  8.22466E-01  8.18955E-01  4.27152E-03
    7785.404    667.892  13.250  8.22255E-01  8.17624E-01  5.64441E-03
    7790.462    672.950  13.300  8.21113E-01  8.16293E-01  5.88392E-03
    7795.539    678.027  13.350  8.19140E-01  8.14962E-01  5.10876E-03
    7800.634    683.122  13.400  8.16579E-01  8.13631E-01  3.61014E-03
    7805.749    688.237  13.450  8.13738E-01  8.12300E-01  1.76394E-03
    7810.883    693.371  13.500  8.10917E-01  8.10969E-01 -6.43895E-05
    7816.036    698.524  13.550  8.08341E-01  8.09638E-01 -1.59637E-03
    7821.208    703.696  13.600  8.06132E-01  8.08307E-01 -2.68071E-03
    7826.399    708.887  13.650  8.04310E-01  8.06976E-01 -3.29169E-03
    7831.610    714.098  13.700  8.02821E-01  8.05645E-01 -3.49322E-03
    7836.839    719.327  13.750  8.01581E-01  8.04314E-01 -3.38587E-03
    7842.087    724.575  13.800  8.00519E-01  8.02983E-01 -3.05716E-03
    7847.354    729.842  13.850  7.99598E-01  8.01652E-01 -2.55245E-03
    7852.641    735.129  13.900  7.98815E-01  8.00320E-01 -1.87418E-03
    7857.946    740.434  13.950  7.98182E-01  7.98989E-01 -1.00693E-03
    7863.270    745.759  14.000  7.97694E-01  7.97658E-01  4.45880E-05
    7868.614    751.102  14.050  7.97200E-01  7.96217E-01  1.22989E-03
    7873.977    756.465  14.100  7.96705E-01  7.94776E-01  2.41850E-03
    7879.358    761.846  14.150  7.96064E-01  7.93335E-01  3.42859E-03
    7884.759    767.247  14.200  7.95125E-01  7.91894E-01  4.06643E-03
    7890.178    772.667  14.250  7.93772E-01  7.90453E-01  4.18483E-03
    7895.617    778.105  14.300  7.91971E-01  7.89012E-01  3.73797E-03
    7901.075    783.563  14.350  7.89793E-01  7.87571E-01  2.81272E-03
    7906.552    789.040  14.400  7.87409E-01  7.86130E-01  1.62231E-03
    7912.048    794.536  14.450  7.85051E-01  7.84689E-01  4.59588E-04
    7917.563    800.051  14.500  7.82950E-01  7.83248E-01 -3.79649E-04
    7923.097    805.585  14.550  7.81272E-01  7.81807E-01 -6.82451E-04
    7928.650    811.138  14.600  7.80062E-01  7.80366E-01 -3.87737E-04
    7934.222    816.710  14.650  7.79225E-01  7.78925E-01  3.83996E-04
    7939.813    822.301  14.700  7.78538E-01  7.77484E-01  1.35250E-03
    7945.423    827.911  14.750  7.77714E-01  7.76043E-01  2.14856E-03
    7951.052    833.540  14.800  7.76478E-01  7.74602E-01  2.41611E-03
    7956.701    839.189  14.850  7.74647E-01  7.73160E-01  1.91789E-03
    7962.368    844.856  14.900  7.72194E-01  7.71719E-01  6.13785E-04
    7968.055    850.543  14.950  7.69265E-01  7.70278E-01 -1.31208E-03
    7973.760    856.248  15.000  7.66151E-01  7.68837E-01 -3.48613E-03
    7979.484    861.972  15.050  7.63174E-01  7.67373E-01 -5.45897E-03
    7985.228    867.716  15.100  7.60721E-01  7.65909E-01 -6.75762E-03
    7990.991    873.479  15.150  7.59038E-01  7.64445E-01 -7.05687E-03
    7996.772    879.260  15.200  7.58193E-01  7.62980E-01 -6.26013E-03
    8002.573    885.061  15.250  7.58059E-01  7.61516E-01 -4.52980E-03
    8008.393    890.881  15.300  7.58340E-01  7.60052E-01 -2.24764E-03
    8014.232    896.720  15.350  7.58653E-01  7.58588E-01  8.51997E-05
    8020.089    902.577  15.400  7.58627E-01  7.57124E-01  1.98135E-03
    8025.966    908.454  15.450  7.58004E-01  7.55659E-01  3.09646E-03
    8031.862    914.350  15.500  7.56703E-01  7.54195E-01  3.31803E-03
    8037.777    920.265  15.550  7.54834E-01  7.52731E-01  2.78836E-03
    8043.711    926.199  15.600  7.52663E-01  7.51267E-01  1.85465E-03
    8049.664    932.152  15.650  7.50524E-01  7.49803E-01  9.60206E-04
    8055.636    938.125  15.700  7.48719E-01  7.48338E-01  5.07779E-04
    8061.628    944.116  15.750  7.47424E-01  7.46874E-01  7.34452E-04
    8067.638    950.126  15.800  7.46631E-01  7.45410E-01  1.63470E-03
    8073.667    956.155  15.850  7.46148E-01  7.43946E-01  2.95477E-03
    8079.716    962.204  15.900  7.45652E-01  7.42482E-01  4.26148E-03
    8085.783    968.271  15.950  7.44779E-01  7.41017E-01  5.06685E-03
    8091.869    974.357  16.000  7.43238E-01  7.39553E-01  4.97402E-03
    8097.975    980.463  16.050  7.40912E-01  7.38101E-01  3.80143E-03
    8104.099    986.587  16.100  7.37856E-01  7.36650E-01  1.63483E-03
    8110.243    992.731  16.150  7.34359E-01  7.35198E-01 -1.13994E-03
    8116.406    998.894  16.200  7.30851E-01  7.33746E-01 -3.93981E-03
    8122.587   1005.075  16.250  7.27800E-01  7.32295E-01 -6.12827E-03
    8128.788   1011.276  16.300  7.25588E-01  7.30843E-01 -7.17891E-03
    8135.008   1017.496  16.350  7.24413E-01  7.29391E-01 -6.81469E-03
    8141.247   1023.735  16.400  7.24232E-01  7.27940E-01 -5.08541E-03
    8147.505   1029.993  16.450  7.24770E-01  7.26488E-01 -2.36170E-03
    8153.782   1036.270  16.500  7.25583E-01  7.25036E-01  7.52866E-04
    8160.078   1042.566  16.550  7.26171E-01  7.23585E-01  3.56900E-03
    8166.393   1048.881  16.600  7.26095E-01  7.22133E-01  5.47920E-03
    8172.727   1055.215  16.650  7.25085E-01  7.20681E-01  6.10227E-03
    8179.080   1061.568  16.700  7.23095E-01  7.19230E-01  5.36780E-03
    8185.452   1067.940  16.750  7.20308E-01  7.17778E-01  3.52059E-03
    8191.843   1074.331  16.800  7.17077E-01  7.16326E-01  1.04626E-03
    8198.254   1080.742  16.850  7.13830E-01  7.14875E-01 -1.45994E-03
    8204.683   1087.171  16.900  7.10963E-01  7.13423E-01 -3.44488E-03
    8211.131   1093.619  16.950  7.08743E-01  7.11971E-01 -4.52978E-03
    8217.599   1100.087  17.000  7.07256E-01  7.10520E-01 -4.58955E-03
    8224.085   1106.573  17.050  7.06359E-01  7.09033E-01 -3.76746E-03
    8230.591   1113.079  17.100  7.05846E-01  7.07546E-01 -2.39994E-03
    8237.115   1119.603  17.150  7.05409E-01  7.06059E-01 -9.19880E-04
    8243.659   1126.147  17.200  7.04764E-01  7.04572E-01  2.71799E-04
    8250.222   1132.710  17.250  7.03728E-01  7.03085E-01  9.13707E-04
    8256.804   1139.292  17.300  7.02261E-01  7.01598E-01  9.44761E-04
    8263.404   1145.892  17.350  7.00465E-01  7.00111E-01  5.04369E-04
    8270.024   1152.512  17.400  6.98537E-01  6.98624E-01 -1.24515E-04
    8276.663   1159.151  17.450  6.96712E-01  6.97137E-01 -6.10322E-04
    8283.321   1165.809  17.500  6.95179E-01  6.95650E-01 -6.77158E-04
    8289.998   1172.486  17.550  6.94033E-01  6.94164E-01 -1.88658E-04
    8296.694   1179.182  17.600  6.93239E-01  6.92677E-01  8.11188E-04
    8303.409   1185.897  17.650  6.92649E-01  6.91190E-01  2.10988E-03
    8310.143   1192.631  17.700  6.92039E-01  6.89703E-01  3.38557E-03
    8316.896   1199.385  17.750  6.91173E-01  6.88216E-01  4.29544E-03
    8323.669   1206.157  17.800  6.89867E-01  6.86729E-01  4.56832E-03
    8330.460   1212.948  17.850  6.88036E-01  6.85242E-01  4.07630E-03
    8337.270   1219.758  17.900  6.85716E-01  6.83755E-01  2.86759E-03
    8344.100   1226.588  17.950  6.83055E-01  6.82268E-01  1.15349E-03
    8350.948   1233.436  18.000  6.80274E-01  6.80781E-01 -7.44735E-04
    8357.816   1240.304  18.050  6.77617E-01  6.79309E-01 -2.49062E-03
    8364.702   1247.190  18.100  6.75282E-01  6.77837E-01 -3.77013E-03
    8371.608   1254.096  18.150  6.73399E-01  6.76365E-01 -4.38587E-03
    8378.532   1261.020  18.200  6.72000E-01  6.74893E-01 -4.28761E-03
    8385.476   1267.964  18.250  6.71017E-01  6.73421E-01 -3.57072E-03
    8392.439   1274.927  18.300  6.70308E-01  6.71949E-01 -2.44182E-03
    8399.421   1281.909  18.350  6.69697E-01  6.70477E-01 -1.16329E-03
    8406.422   1288.910  18.400  6.69010E-01  6.69005E-01  8.25785E-06
    8413.441   1295.929  18.450  6.68116E-01  6.67533E-01  8.74445E-04
    8420.480   1302.968  18.500  6.66945E-01  6.66061E-01  1.32809E-03
    8427.538   1310.026  18.550  6.65493E-01  6.64588E-01  1.36196E-03
    8434.615   1317.103  18.600  6.63816E-01  6.63116E-01  1.05531E-03
    8441.712   1324.200  18.650  6.62005E-01  6.61644E-01  5.44607E-04
    8448.827   1331.315  18.700  6.60164E-01  6.60172E-01 -1.23454E-05
    8455.961   1338.449  18.750  6.58390E-01  6.58700E-01 -4.70527E-04
    8463.114   1345.602  18.800  6.56753E-01  6.57228E-01 -7.23523E-04
    8470.286   1352.774  18.850  6.55285E-01  6.55756E-01 -7.17976E-04
    8477.478   1359.966  18.900  6.53985E-01  6.54284E-01 -4.56490E-04
    8484.688   1367.176  18.950  6.52818E-01  6.52812E-01  9.00604E-06
    8491.918   1374.406  19.000  6.51724E-01  6.51340E-01  5.90531E-04
    8499.166   1381.654  19.050  6.50658E-01  6.49886E-01  1.18927E-03
    8506.434   1388.922  19.100  6.49528E-01  6.48432E-01  1.69214E-03
    8513.720   1396.208  19.150  6.48275E-01  6.46978E-01  2.00621E-03
    8521.026   1403.514  19.200  6.46859E-01  6.45524E-01  2.07008E-03
    8528.351   1410.839  19.250  6.45270E-01  6.44070E-01  1.86500E-03
    8535.694   1418.182  19.300  6.43527E-01  6.42616E-01  1.41946E-03
    8543.057   1425.545  19.350  6.41678E-01  6.41162E-01  8.05525E-04
    8550.439   1432.927  19.400  6.39789E-01  6.39708E-01  1.26346E-04
    8557.840   1440.328  19.450  6.37933E-01  6.38254E-01 -5.03893E-04
    8565.260   1447.748  19.500  6.36174E-01  6.36800E-01 -9.84092E-04
    8572.699   1455.187  19.550  6.34553E-01  6.35346E-01 -1.24912E-03
    8580.157   1462.645  19.600  6.33078E-01  6.33892E-01 -1.28560E-03
    8587.634   1470.122  19.650  6.31721E-01  6.32438E-01 -1.13557E-03
    8595.130   1477.618  19.700  6.30426E-01  6.30984E-01 -8.85997E-04
    8602.645   1485.133  19.750  6.29125E-01  6.29530E-01 -6.45483E-04
    8610.179   1492.667  19.800  6.27754E-01  6.28076E-01 -5.13679E-04
    8617.733   1500.221  19.850  6.26277E-01  6.26623E-01 -5.51372E-04
    8625.305   1507.793  19.900  6.24694E-01  6.25169E-01 -7.59907E-04
    8632.896   1515.384  19.950  6.23044E-01  6.23715E-01 -1.07660E-03
    8640.507   1522.995  20.000  6.21398E-01  6.22261E-01 -1.38870E-03
