# comment: None given                          Feff8L (EXAFS)       0.1      
# Source:
# Structure Summary:  U1 O2
# Reduced formula:  UO2
# space group: (Fm-3m), space number:  (225)
# abc:  3.856567   3.856567   3.856567
# angles: 60.000000  60.000000  60.000000
# sites: 3
# mp-1597
# POT  Non-SCF, core-hole, AFOLP (folp(0)= 1.150)
# Abs   Z=92 Rmt= 1.626 Rnm= 1.706 L3 shell
# Pot 1 Z= 8 Rmt= 1.042 Rnm= 1.093
# Gam_ch=8.104E+00 H-L exch
# Mu=-4.652E+00 kf=2.032E+00 Vint=-2.038E+01 Rs_int= 1.785
# PATH  Rmax= 6.000,  Keep_limit= 0.00, Heap_limit 0.00  Pwcrit= 2.50%
#  S02=1.000                                        Global_sig2= 0.00000
#  Curved wave amplitude ratio filter   4.000%
#     file         sig2 tot  cw amp ratio   deg  nlegs   reff  inp sig2
#           1       0.00000    100.00      8.00     2   2.3617
#           2       0.00000      7.66     24.00     3   3.7252
#           3       0.00000      8.06     24.00     3   4.2899
#           4       0.00000     34.73     24.00     2   4.5222
#           5       0.00000      5.91      8.00     3   4.7233
#           6       0.00000     12.51      8.00     4   4.7233
#           7       0.00000      5.60      8.00     4   4.7233
#           8       0.00000     12.56     48.00     3   4.8054
#          10       0.00000      4.56     96.00     3   5.3702
#          11       0.00000     11.36     24.00     2   5.9434
#    10/  11 paths used
#  -----------------------------------------------------------------------
#       k          chi          mag           phase @#
     0.0000    4.561924E-02  1.911401E-01  2.409951E-01
     0.0500    4.689943E-02  1.914074E-01  2.475445E-01
     0.1000    4.818095E-02  1.916734E-01  2.540955E-01
     0.1500    5.202232E-02  1.924847E-01  2.736706E-01
     0.2000    5.587359E-02  1.932839E-01  2.932606E-01
     0.2500    6.229462E-02  1.945968E-01  3.258577E-01
     0.3000    6.872409E-02  1.958752E-01  3.584855E-01
     0.3500    7.768740E-02  1.976148E-01  4.040282E-01
     0.4000    8.661060E-02  1.992850E-01  4.496016E-01
     0.4500    9.791436E-02  2.013275E-01  5.079005E-01
     0.5000    1.090287E-01  2.032522E-01  5.661903E-01
     0.5500    1.221561E-01  2.054130E-01  6.368739E-01
     0.6000    1.347850E-01  2.073958E-01  7.074431E-01
     0.6500    1.487490E-01  2.094274E-01  7.898748E-01
     0.7000    1.617081E-01  2.112132E-01  8.719977E-01
     0.7500    1.749719E-01  2.128178E-01  9.652083E-01
     0.8000    1.865513E-01  2.141115E-01  1.057807E+00
     0.8500    1.971267E-01  2.149740E-01  1.160441E+00
     0.9000    2.052900E-01  2.154795E-01  1.262040E+00
     0.9500    2.110959E-01  2.153229E-01  1.372325E+00
     1.0000    2.139397E-01  2.148045E-01  1.481033E+00
     1.0500    2.134187E-01  2.134914E-01  1.596901E+00
     1.1000    2.098108E-01  2.118771E-01  1.710570E+00
     1.1500    2.024117E-01  2.093762E-01  1.829444E+00
     1.2000    1.923746E-01  2.067173E-01  1.945499E+00
     1.2500    1.789670E-01  2.033058E-01  2.065131E+00
     1.3000    1.638099E-01  1.999576E-01  2.181538E+00
     1.3500    1.462050E-01  1.961022E-01  2.300225E+00
     1.4000    1.278111E-01  1.925660E-01  2.415803E+00
     1.4500    1.079180E-01  1.888287E-01  2.533245E+00
     1.5000    8.786133E-02  1.856114E-01  2.648489E+00
     1.5500    6.685790E-02  1.824137E-01  2.766329E+00
     1.6000    4.587042E-02  1.797727E-01  2.883582E+00
     1.6500    2.413584E-02  1.771730E-01  3.004940E+00
     1.7000    2.496510E-03  1.749467E-01  3.127322E+00
     1.7500   -1.954243E-02  1.725406E-01  3.255099E+00
     1.8000   -4.093470E-02  1.701662E-01  3.384532E+00
     1.8500   -6.169856E-02  1.672598E-01  3.519395E+00
     1.9000   -8.056631E-02  1.640515E-01  3.654949E+00
     1.9500   -9.717444E-02  1.600343E-01  3.794137E+00
     2.0000   -1.105006E-01  1.555872E-01  3.931398E+00
     2.0500   -1.202330E-01  1.501032E-01  4.070559E+00
     2.1000   -1.261392E-01  1.444360E-01  4.203574E+00
     2.1500   -1.287994E-01  1.388904E-01  4.328847E+00
     2.2000   -1.290959E-01  1.338361E-01  4.445449E+00
     2.2500   -1.272544E-01  1.287970E-01  4.557466E+00
     2.3000   -1.252679E-01  1.254340E-01  4.660917E+00
     2.3500   -1.239084E-01  1.240563E-01  4.761222E+00
     2.4000   -1.231973E-01  1.246493E-01  4.865171E+00
     2.4500   -1.216956E-01  1.263421E-01  4.984437E+00
     2.5000   -1.184155E-01  1.288286E-01  5.117215E+00
     2.5500   -1.119871E-01  1.314054E-01  5.262960E+00
     2.6000   -1.015266E-01  1.335202E-01  5.419282E+00
     2.6500   -8.799955E-02  1.355424E-01  5.576600E+00
     2.7000   -7.083621E-02  1.371634E-01  5.740501E+00
     2.7500   -5.043747E-02  1.382268E-01  5.909672E+00
     2.8000   -2.759337E-02  1.386310E-01  6.082805E+00
     2.8500   -3.308508E-03  1.386601E-01  6.259322E+00
     2.9000    2.125805E-02  1.379296E-01  6.437925E+00
     2.9500    4.476243E-02  1.364472E-01  6.617431E+00
     3.0000    6.595732E-02  1.342575E-01  6.796738E+00
     3.0500    8.399439E-02  1.313138E-01  6.977224E+00
     3.1000    9.784696E-02  1.277809E-01  7.155376E+00
     3.1500    1.072007E-01  1.238011E-01  7.330152E+00
     3.2000    1.121537E-01  1.195381E-01  7.500651E+00
     3.2500    1.134839E-01  1.154384E-01  7.669706E+00
     3.3000    1.113775E-01  1.114018E-01  7.833127E+00
     3.3500    1.066146E-01  1.076221E-01  7.990921E+00
     3.4000    9.992676E-02  1.042716E-01  8.143675E+00
     3.4500    9.188171E-02  1.015851E-01  8.294618E+00
     3.5000    8.276169E-02  9.956865E-02  8.443511E+00
     3.5500    7.262844E-02  9.823569E-02  8.592706E+00
     3.6000    6.133600E-02  9.752428E-02  8.744601E+00
     3.6500    4.847675E-02  9.752185E-02  8.904541E+00
     3.7000    3.389164E-02  9.785124E-02  9.071091E+00
     3.7500    1.756866E-02  9.830648E-02  9.245100E+00
     3.8000   -1.926890E-04  9.868048E-02  9.426731E+00
     3.8500   -1.904647E-02  9.900067E-02  9.618372E+00
     3.9000   -3.775880E-02  9.886664E-02  9.816647E+00
     3.9500   -5.507235E-02  9.814857E-02  1.002051E+01
     4.0000   -6.967859E-02  9.675725E-02  1.022878E+01
     4.0500   -8.063007E-02  9.471833E-02  1.044316E+01
     4.1000   -8.677640E-02  9.192582E-02  1.065928E+01
     4.1500   -8.777413E-02  8.840816E-02  1.087574E+01
     4.2000   -8.384292E-02  8.422689E-02  1.109110E+01
     4.2500   -7.581818E-02  7.959859E-02  1.130501E+01
     4.3000   -6.470803E-02  7.450127E-02  1.151410E+01
     4.3500   -5.189822E-02  6.907903E-02  1.171636E+01
     4.4000   -3.877389E-02  6.349553E-02  1.190948E+01
     4.4500   -2.650508E-02  5.798760E-02  1.209166E+01
     4.5000   -1.594216E-02  5.270272E-02  1.225906E+01
     4.5500   -7.482044E-03  4.784335E-02  1.240934E+01
     4.6000   -1.099317E-03  4.360335E-02  1.254116E+01
     4.6500    3.550224E-03  4.027261E-02  1.265464E+01
     4.7000    7.072918E-03  3.784396E-02  1.275437E+01
     4.7500    1.007617E-02  3.632630E-02  1.284744E+01
     4.8000    1.307130E-02  3.562417E-02  1.294207E+01
     4.8500    1.643891E-02  3.566523E-02  1.304541E+01
     4.9000    2.026123E-02  3.614359E-02  1.316145E+01
     4.9500    2.443242E-02  3.686676E-02  1.329082E+01
     5.0000    2.870297E-02  3.768871E-02  1.343212E+01
     5.0500    3.290491E-02  3.866255E-02  1.358441E+01
     5.1000    3.658911E-02  3.960544E-02  1.374437E+01
     5.1500    3.947152E-02  4.050972E-02  1.391028E+01
     5.2000    4.132408E-02  4.138898E-02  1.408116E+01
     5.2500    4.206652E-02  4.237339E-02  1.425759E+01
     5.3000    4.141427E-02  4.337497E-02  1.443899E+01
     5.3500    3.919482E-02  4.439452E-02  1.462601E+01
     5.4000    3.524598E-02  4.541200E-02  1.481945E+01
     5.4500    2.948516E-02  4.651434E-02  1.502139E+01
     5.5000    2.181793E-02  4.751942E-02  1.523094E+01
     5.5500    1.241742E-02  4.835319E-02  1.544825E+01
     5.6000    1.703904E-03  4.893605E-02  1.567314E+01
     5.6500   -9.728404E-03  4.930270E-02  1.590659E+01
     5.7000   -2.091979E-02  4.926777E-02  1.614650E+01
     5.7500   -3.082176E-02  4.877063E-02  1.639206E+01
     5.8000   -3.841580E-02  4.776692E-02  1.664235E+01
     5.8500   -4.300292E-02  4.633126E-02  1.689741E+01
     5.9000   -4.400795E-02  4.434809E-02  1.715483E+01
     5.9500   -4.145181E-02  4.182948E-02  1.741324E+01
     6.0000   -3.586138E-02  3.880817E-02  1.767097E+01
     6.0500   -2.825307E-02  3.544631E-02  1.792713E+01
     6.1000   -1.975208E-02  3.168773E-02  1.817655E+01
     6.1500   -1.165241E-02  2.762911E-02  1.841419E+01
     6.2000   -5.055737E-03  2.339770E-02  1.863176E+01
     6.2500   -6.665711E-04  1.916847E-02  1.881477E+01
     6.3000    1.328292E-03  1.520733E-02  1.893701E+01
     6.3500    1.269480E-03  1.196715E-02  1.895584E+01
     6.4000   -7.749537E-05  1.017921E-02  1.884194E+01
     6.4500   -1.712920E-03  1.044220E-02  1.868477E+01
     6.5000   -2.637877E-03  1.236068E-02  1.863449E+01
     6.5500   -1.991624E-03  1.518710E-02  1.871804E+01
     6.6000    6.175615E-04  1.814407E-02  1.888360E+01
     6.6500    5.088547E-03  2.091340E-02  1.909534E+01
     6.7000    1.085361E-02  2.332935E-02  1.933346E+01
     6.7500    1.701294E-02  2.530129E-02  1.958702E+01
     6.8000    2.253696E-02  2.678193E-02  1.984961E+01
     6.8500    2.648732E-02  2.775363E-02  2.011711E+01
     6.9000    2.820568E-02  2.822170E-02  2.038666E+01
     6.9500    2.743038E-02  2.821050E-02  2.065607E+01
     7.0000    2.432023E-02  2.776057E-02  2.092350E+01
     7.0500    1.942957E-02  2.705476E-02  2.119000E+01
     7.1000    1.338589E-02  2.602160E-02  2.145082E+01
     7.1500    6.996463E-03  2.473212E-02  2.170434E+01
     7.2000    9.816762E-04  2.326368E-02  2.194894E+01
     7.2500   -4.138829E-03  2.169639E-02  2.218309E+01
     7.3000   -8.096330E-03  2.010878E-02  2.240553E+01
     7.3500   -1.085798E-02  1.857246E-02  2.261557E+01
     7.4000   -1.256199E-02  1.714586E-02  2.281336E+01
     7.4500   -1.342939E-02  1.586773E-02  2.300021E+01
     7.5000   -1.368105E-02  1.475209E-02  2.317854E+01
     7.5500   -1.355604E-02  1.386062E-02  2.335192E+01
     7.6000   -1.307632E-02  1.308635E-02  2.352280E+01
     7.6500   -1.227678E-02  1.238290E-02  2.369296E+01
     7.7000   -1.118019E-02  1.170378E-02  2.386219E+01
     7.7500   -9.840241E-03  1.101488E-02  2.402798E+01
     7.8000   -8.365730E-03  1.030494E-02  2.418548E+01
     7.8500   -6.914169E-03  9.593922E-03  2.432796E+01
     7.9000   -5.654665E-03  8.939140E-03  2.444787E+01
     7.9500   -4.712115E-03  8.436013E-03  2.454008E+01
     8.0000   -4.112589E-03  8.203239E-03  2.460760E+01
     8.0500   -3.751577E-03  8.379662E-03  2.466855E+01
     8.1000   -3.387400E-03  8.962091E-03  2.474514E+01
     8.1500   -2.706981E-03  9.897257E-03  2.485570E+01
     8.2000   -1.401877E-03  1.107826E-02  2.500586E+01
     8.2500    7.336838E-04  1.238695E-02  2.519201E+01
     8.3000    3.718641E-03  1.371689E-02  2.540728E+01
     8.3500    7.341068E-03  1.497938E-02  2.564492E+01
     8.4000    1.117107E-02  1.610278E-02  2.589940E+01
     8.4500    1.463270E-02  1.703051E-02  2.616645E+01
     8.5000    1.712061E-02  1.771948E-02  2.644281E+01
     8.5500    1.817634E-02  1.818198E-02  2.672845E+01
     8.6000    1.745254E-02  1.835638E-02  2.701865E+01
     8.6500    1.496499E-02  1.823380E-02  2.731165E+01
     8.7000    1.104240E-02  1.781614E-02  2.760585E+01
     8.7500    6.263807E-03  1.711564E-02  2.789966E+01
     8.8000    1.339027E-03  1.615417E-02  2.819135E+01
     8.8500   -3.038790E-03  1.496260E-02  2.847885E+01
     8.9000   -6.332834E-03  1.358020E-02  2.875947E+01
     8.9500   -8.261493E-03  1.205426E-02  2.902943E+01
     9.0000   -8.834403E-03  1.044065E-02  2.928306E+01
     9.0500   -8.347266E-03  8.831004E-03  2.951261E+01
     9.1000   -7.206963E-03  7.281338E-03  2.970208E+01
     9.1500   -5.905180E-03  5.905915E-03  2.982935E+01
     9.2000   -4.863317E-03  4.864760E-03  2.986948E+01
     9.2500   -4.340802E-03  4.341560E-03  2.982644E+01
     9.3000   -4.394023E-03  4.405511E-03  2.977290E+01
     9.3500   -4.891208E-03  4.898651E-03  2.979000E+01
     9.4000   -5.573340E-03  5.579193E-03  2.989094E+01
     9.4500   -6.139921E-03  6.273506E-03  3.005186E+01
     9.5000   -6.333795E-03  6.887751E-03  3.024893E+01
     9.5500   -6.005775E-03  7.395692E-03  3.046825E+01
     9.6000   -5.119695E-03  7.769949E-03  3.069656E+01
     9.6500   -3.765428E-03  8.017946E-03  3.092706E+01
     9.7000   -2.103458E-03  8.160743E-03  3.115523E+01
     9.7500   -3.097707E-04  8.228812E-03  3.137827E+01
     9.8000    1.471016E-03  8.257771E-03  3.159502E+01
     9.8500    3.149850E-03  8.283302E-03  3.180601E+01
     9.9000    4.689551E-03  8.335315E-03  3.201347E+01
     9.9500    6.078350E-03  8.432365E-03  3.222093E+01
    10.0000    7.293827E-03  8.578047E-03  3.243246E+01
    10.0500    8.316421E-03  8.800718E-03  3.265343E+01
    10.1000    8.992670E-03  9.039580E-03  3.288480E+01
    10.1500    9.170481E-03  9.262359E-03  3.312769E+01
    10.2000    8.706823E-03  9.434263E-03  3.338199E+01
    10.2500    7.522371E-03  9.522215E-03  3.364674E+01
    10.3000    5.649446E-03  9.497761E-03  3.392048E+01
    10.3500    3.255272E-03  9.338821E-03  3.420147E+01
    10.4000    6.290164E-04  9.030601E-03  3.448781E+01
    10.4500   -1.868327E-03  8.565959E-03  3.477740E+01
    10.5000   -3.880557E-03  7.945466E-03  3.506777E+01
    10.5500   -5.139767E-03  7.177348E-03  3.535573E+01
    10.6000   -5.533611E-03  6.277595E-03  3.563652E+01
    10.6500   -5.136452E-03  5.270854E-03  3.590201E+01
    10.7000   -4.193792E-03  4.193918E-03  3.613606E+01
    10.7500   -3.062049E-03  3.108456E-03  3.630133E+01
    10.8000   -2.118332E-03  2.150604E-03  3.630177E+01
    10.8500   -1.663528E-03  1.680089E-03  3.598779E+01
    10.9000   -1.844399E-03  2.071315E-03  3.565585E+01
    10.9500   -2.615540E-03  2.958527E-03  3.564202E+01
    11.0000   -3.751473E-03  3.957236E-03  3.580442E+01
    11.0500   -4.931609E-03  4.948730E-03  3.604511E+01
    11.1000   -5.746480E-03  5.854160E-03  3.632041E+01
    11.1500   -5.872897E-03  6.639251E-03  3.661354E+01
    11.2000   -5.136148E-03  7.282097E-03  3.691625E+01
    11.2500   -3.554529E-03  7.769009E-03  3.722390E+01
    11.3000   -1.334322E-03  8.093129E-03  3.753348E+01
    11.3500    1.181733E-03  8.253868E-03  3.784278E+01
    11.4000    3.597188E-03  8.256576E-03  3.814990E+01
    11.4500    5.552974E-03  8.112244E-03  3.845305E+01
    11.5000    6.802979E-03  7.837157E-03  3.875036E+01
    11.5500    7.255888E-03  7.452475E-03  3.903971E+01
    11.6000    6.975421E-03  6.983735E-03  3.931871E+01
    11.6500    6.142958E-03  6.460227E-03  3.958461E+01
    11.7000    4.996473E-03  5.914133E-03  3.983445E+01
    11.7500    3.764971E-03  5.379154E-03  4.006542E+01
    11.8000    2.616963E-03  4.888137E-03  4.027576E+01
    11.8500    1.635533E-03  4.469113E-03  4.046604E+01
    11.9000    8.233363E-04  4.139739E-03  4.064048E+01
    11.9500    1.314502E-04  3.901858E-03  4.080701E+01
    12.0000   -5.007934E-04  3.739701E-03  4.097502E+01
    12.0500   -1.122026E-03  3.635064E-03  4.115450E+01
    12.1000   -1.714519E-03  3.541781E-03  4.134602E+01
    12.1500   -2.228665E-03  3.429347E-03  4.154813E+01
    12.2000   -2.596434E-03  3.275903E-03  4.175574E+01
    12.2500   -2.764276E-03  3.070986E-03  4.196076E+01
    12.3000   -2.722994E-03  2.817461E-03  4.215182E+01
    12.3500   -2.522298E-03  2.534534E-03  4.231320E+01
    12.4000   -2.263089E-03  2.263297E-03  4.242507E+01
    12.4500   -2.068391E-03  2.072174E-03  4.247193E+01
    12.5000   -2.041581E-03  2.044949E-03  4.246890E+01
    12.5500   -2.225625E-03  2.230253E-03  4.247593E+01
    12.6000   -2.577668E-03  2.601843E-03  4.254793E+01
    12.6500   -2.969174E-03  3.091544E-03  4.269380E+01
    12.7000   -3.214196E-03  3.634628E-03  4.289725E+01
    12.7500   -3.119462E-03  4.182341E-03  4.314046E+01
    12.8000   -2.542702E-03  4.698873E-03  4.341052E+01
    12.8500   -1.442267E-03  5.157244E-03  4.369886E+01
    12.9000    9.727926E-05  5.536852E-03  4.399987E+01
    12.9500    1.872545E-03  5.822259E-03  4.430974E+01
    13.0000    3.601422E-03  6.002625E-03  4.462577E+01
    13.0500    5.013291E-03  6.094726E-03  4.494820E+01
    13.1000    5.836399E-03  6.072999E-03  4.527304E+01
    13.1500    5.931622E-03  5.937838E-03  4.559885E+01
    13.2000    5.305737E-03  5.693383E-03  4.592424E+01
    13.2500    4.108524E-03  5.347315E-03  4.624766E+01
    13.3000    2.594604E-03  4.910600E-03  4.656721E+01
    13.3500    1.060550E-03  4.397233E-03  4.688030E+01
    13.4000   -2.257449E-04  3.824081E-03  4.718296E+01
    13.4500   -1.084820E-03  3.211052E-03  4.746851E+01
    13.5000   -1.459510E-03  2.582212E-03  4.772459E+01
    13.5500   -1.415557E-03  1.969746E-03  4.792575E+01
    13.6000   -1.110963E-03  1.426851E-03  4.801634E+01
    13.6500   -7.444680E-04  1.061983E-03  4.790071E+01
    13.7000   -4.985276E-04  1.030182E-03  4.762902E+01
    13.7500   -4.925950E-04  1.294221E-03  4.751435E+01
    13.8000   -7.583834E-04  1.663148E-03  4.759738E+01
    13.8500   -1.241660E-03  2.029202E-03  4.778235E+01
    13.9000   -1.827197E-03  2.350747E-03  4.801423E+01
    13.9500   -2.377191E-03  2.612056E-03  4.826738E+01
    14.0000   -2.770538E-03  2.809130E-03  4.852874E+01
    14.0500   -2.937288E-03  2.951304E-03  4.879219E+01
    14.1000   -2.850268E-03  3.041726E-03  4.905138E+01
    14.1500   -2.537389E-03  3.092507E-03  4.930320E+01
    14.2000   -2.055172E-03  3.118717E-03  4.954602E+01
    14.2500   -1.464081E-03  3.136740E-03  4.977987E+01
    14.3000   -8.091714E-04  3.161985E-03  5.000670E+01
    14.3500   -1.128088E-04  3.206181E-03  5.023029E+01
    14.4000    6.187790E-04  3.274987E-03  5.045557E+01
    14.4500    1.378889E-03  3.366868E-03  5.068744E+01
    14.5000    2.141411E-03  3.473682E-03  5.092973E+01
    14.5500    2.848474E-03  3.582642E-03  5.118462E+01
    14.6000    3.411410E-03  3.678731E-03  5.145271E+01
    14.6500    3.727071E-03  3.746853E-03  5.173347E+01
    14.7000    3.705836E-03  3.773366E-03  5.202575E+01
    14.7500    3.302875E-03  3.747018E-03  5.232811E+01
    14.8000    2.542124E-03  3.659453E-03  5.263911E+01
    14.8500    1.523745E-03  3.505410E-03  5.295739E+01
    14.9000    4.103487E-04  3.282746E-03  5.328175E+01
    14.9500   -6.063596E-04  2.992322E-03  5.361113E+01
    15.0000   -1.350586E-03  2.637805E-03  5.394460E+01
    15.0500   -1.714886E-03  2.231722E-03  5.428343E+01
    15.1000   -1.665493E-03  1.774846E-03  5.462501E+01
    15.1500   -1.276952E-03  1.277006E-03  5.496864E+01
    15.2000   -7.077062E-04  7.494783E-04  5.531331E+01
    15.2500   -1.597834E-04  2.045692E-04  5.565229E+01
    15.3000    1.742172E-04  3.448762E-04  5.287751E+01
    15.3500    1.626721E-04  8.857751E-04  5.322238E+01
    15.4000   -2.290251E-04  1.405431E-03  5.357076E+01
    15.4500   -9.278463E-04  1.891828E-03  5.391968E+01
    15.5000   -1.770909E-03  2.334055E-03  5.426843E+01
    15.5500   -2.546844E-03  2.722647E-03  5.461655E+01
    15.6000   -3.049563E-03  3.049873E-03  5.496360E+01
    15.6500   -3.130012E-03  3.309978E-03  5.530914E+01
    15.7000   -2.732408E-03  3.499343E-03  5.565267E+01
    15.7500   -1.905968E-03  3.616596E-03  5.599359E+01
    15.8000   -7.901070E-04  3.662637E-03  5.633124E+01
    15.8500    4.217498E-04  3.640612E-03  5.666477E+01
    15.9000    1.529115E-03  3.555811E-03  5.699320E+01
    15.9500    2.369309E-03  3.415518E-03  5.731527E+01
    16.0000    2.848867E-03  3.228806E-03  5.762945E+01
    16.0500    2.965981E-03  3.016518E-03  5.793616E+01
    16.1000    2.762513E-03  2.779802E-03  5.823105E+01
    16.1500    2.338736E-03  2.530874E-03  5.851163E+01
    16.2000    1.808886E-03  2.282362E-03  5.877528E+01
    16.2500    1.271677E-03  2.046546E-03  5.901976E+01
    16.3000    7.914173E-04  1.834192E-03  5.924413E+01
    16.3500    3.934708E-04  1.652893E-03  5.944990E+01
    16.4000    7.281107E-05  1.505194E-03  5.964187E+01
    16.4500   -1.896485E-04  1.387394E-03  5.982738E+01
    16.5000   -4.102444E-04  1.290102E-03  6.001387E+01
    16.5500   -5.918788E-04  1.200771E-03  6.020570E+01
    16.6000   -7.231270E-04  1.107090E-03  6.040203E+01
    16.6500   -7.867092E-04  9.999895E-04  6.059573E+01
    16.7000   -7.731278E-04  8.760798E-04  6.077138E+01
    16.7500   -6.931338E-04  7.408750E-04  6.090011E+01
    16.8000   -5.829422E-04  6.159300E-04  6.093229E+01
    16.8500   -4.986682E-04  5.505341E-04  6.082350E+01
    16.9000   -5.004632E-04  6.048547E-04  6.066474E+01
    16.9500   -6.308834E-04  7.793119E-04  6.063363E+01
    17.0000   -8.947331E-04  1.026564E-03  6.074868E+01
    17.0500   -1.249673E-03  1.308887E-03  6.095911E+01
    17.1000   -1.603264E-03  1.604546E-03  6.122107E+01
    17.1500   -1.837889E-03  1.898320E-03  6.151406E+01
    17.2000   -1.838687E-03  2.178233E-03  6.182693E+01
    17.2500   -1.527796E-03  2.434169E-03  6.215333E+01
    17.3000   -8.924709E-04  2.657425E-03  6.248936E+01
    17.3500    1.934541E-06  2.840633E-03  6.283253E+01
    17.4000    1.019261E-03  2.977799E-03  6.318120E+01
    17.4500    1.979675E-03  3.064393E-03  6.353422E+01
    17.5000    2.700437E-03  3.097424E-03  6.389079E+01
    17.5500    3.039890E-03  3.075488E-03  6.425035E+01
    17.6000    2.932945E-03  2.998777E-03  6.461257E+01
    17.6500    2.408281E-03  2.869055E-03  6.497727E+01
    17.7000    1.582313E-03  2.689578E-03  6.534447E+01
    17.7500    6.312464E-04  2.464987E-03  6.571448E+01
    17.8000   -2.515333E-04  2.201165E-03  6.608797E+01
    17.8500   -9.015045E-04  1.905080E-03  6.646638E+01
    17.9000   -1.220496E-03  1.584649E-03  6.685260E+01
    17.9500   -1.196120E-03  1.248718E-03  6.725297E+01
    18.0000   -8.987636E-04  9.075393E-04  6.768342E+01
    18.0500   -4.614474E-04  5.773155E-04  6.818891E+01
    18.1000   -3.246638E-05  2.921489E-04  6.900368E+01
    18.1500    2.547140E-04  2.550691E-04  7.063306E+01
    18.2000    3.170632E-04  4.893895E-04  7.155184E+01
    18.2500    1.388174E-04  7.500035E-04  7.207047E+01
    18.3000   -2.306114E-04  9.902644E-04  7.249167E+01
    18.3500   -6.953962E-04  1.199767E-03  7.287488E+01
    18.4000   -1.142047E-03  1.374581E-03  7.323723E+01
    18.4500   -1.469306E-03  1.513609E-03  7.358488E+01
    18.5000   -1.610895E-03  1.617843E-03  7.392014E+01
    18.5500   -1.545802E-03  1.690135E-03  7.424370E+01
    18.6000   -1.295035E-03  1.735030E-03  7.455558E+01
    18.6500   -9.079920E-04  1.758544E-03  7.485566E+01
    18.7000   -4.443436E-04  1.767767E-03  7.514414E+01
    18.7500    4.201500E-05  1.770244E-03  7.542196E+01
    18.8000    5.120258E-04  1.773101E-03  7.569117E+01
    18.8500    9.417425E-04  1.781995E-03  7.595503E+01
    18.9000    1.315540E-03  1.800139E-03  7.621772E+01
    18.9500    1.616630E-03  1.827712E-03  7.648367E+01
    19.0000    1.820133E-03  1.861908E-03  7.675679E+01
    19.0500    1.897393E-03  1.902292E-03  7.704081E+01
    19.1000    1.808748E-03  1.937957E-03  7.733624E+01
    19.1500    1.532014E-03  1.961810E-03  7.764368E+01
    19.2000    1.072740E-03  1.967096E-03  7.796302E+01
    19.2500    4.742669E-04  1.947971E-03  7.829388E+01
    19.3000   -1.823035E-04  1.899871E-03  7.863592E+01
    19.3500   -7.904222E-04  1.819729E-03  7.898915E+01
    19.4000   -1.240883E-03  1.706114E-03  7.935422E+01
    19.4500   -1.449455E-03  1.559344E-03  7.973295E+01
    19.5000   -1.381436E-03  1.381675E-03  8.012924E+01
    19.5500   -1.065320E-03  1.177755E-03  8.055112E+01
    19.6000   -5.903482E-04  9.559202E-04  8.101576E+01
    19.6500   -8.715122E-05  7.322462E-04  8.156211E+01
    19.7000    3.043076E-04  5.435806E-04  8.227558E+01
    19.7500    4.712991E-04  4.714548E-04  8.322650E+01
    19.8000    3.594129E-04  5.770449E-04  8.415062E+01
    19.8500   -1.073498E-05  7.922721E-04  8.483655E+01
    19.9000   -5.463398E-04  1.043871E-03  8.537381E+01
    19.9500   -1.104624E-03  1.298690E-03  8.584007E+01
    20.0000   -1.528844E-03  1.540627E-03  8.627004E+01
