 comment: None given                            Feff8L (EXAFS)       0.1
 Source:
 Structure Summary:  U1 O2
 Reduced formula:  UO2
 space group: (Fm-3m), space number:  (225)
 abc:  3.856567   3.856567   3.856567
 angles: 60.000000  60.000000  60.000000
 sites: 3
 mp-1597
 POT  Non-SCF, core-hole, AFOLP (folp(0)= 1.150)
 Abs   Z=92 Rmt= 1.626 Rnm= 1.706 L3 shell
 Pot 1 Z= 8 Rmt= 1.042 Rnm= 1.093
 Gam_ch=8.104E+00 H-L exch
 Mu=-4.652E+00 kf=2.032E+00 Vint=-2.038E+01 Rs_int= 1.785
 PATH  Rmax= 6.000,  Keep_limit= 0.00, Heap_limit 0.00  Pwcrit= 2.50%
 Path    7      icalc       2
 -----------------------------------------------------------------------
   4   8.000   4.7233    2.0759   -4.65224 nleg, deg, reff, rnrmav(bohr), edge
        x         y         z   pot at#
    -0.0000   -0.0000   -0.0000  0  92 U        absorbing atom
     1.3635    1.3635    1.3635  1   8 O
    -0.0000   -0.0000   -0.0000  0  92 U
     1.3635    1.3635    1.3635  1   8 O
    k   real[2*phc]   mag[feff]  phase[feff] red factor   lambda     real[p]@#
 -0.000  1.4440E+01  1.6306E-04 -1.5367E+01  5.378E-01  3.8521E+00  2.0484E+00
  0.100  1.4445E+01  7.2878E-02 -1.6295E+01  5.399E-01  3.8564E+00  2.0507E+00
  0.200  1.4462E+01  1.4403E-01 -1.7183E+01  5.462E-01  3.8693E+00  2.0576E+00
  0.300  1.4489E+01  2.1184E-01 -1.8033E+01  5.567E-01  3.8905E+00  2.0690E+00
  0.400  1.4524E+01  2.7488E-01 -1.8844E+01  5.716E-01  3.9194E+00  2.0850E+00
  0.500  1.4567E+01  3.3202E-01 -1.9618E+01  5.910E-01  3.9556E+00  2.1053E+00
  0.600  1.4614E+01  3.8250E-01 -2.0354E+01  6.147E-01  3.9982E+00  2.1299E+00
  0.700  1.4663E+01  4.2595E-01 -2.1052E+01  6.425E-01  4.0463E+00  2.1587E+00
  0.800  1.4713E+01  4.6238E-01 -2.1714E+01  6.741E-01  4.0988E+00  2.1916E+00
  0.900  1.4761E+01  4.9213E-01 -2.2341E+01  7.089E-01  4.1548E+00  2.2284E+00
  1.000  1.4806E+01  5.1566E-01 -2.2932E+01  7.461E-01  4.2129E+00  2.2689E+00
  1.100  1.4847E+01  5.3366E-01 -2.3490E+01  7.849E-01  4.2722E+00  2.3132E+00
  1.200  1.4882E+01  5.4639E-01 -2.4016E+01  8.243E-01  4.3313E+00  2.3610E+00
  1.300  1.4909E+01  5.5441E-01 -2.4511E+01  8.636E-01  4.3893E+00  2.4124E+00
  1.400  1.4930E+01  5.5814E-01 -2.4976E+01  9.018E-01  4.4454E+00  2.4671E+00
  1.500  1.4942E+01  5.5798E-01 -2.5412E+01  9.385E-01  4.4987E+00  2.5251E+00
  1.600  1.4946E+01  5.5421E-01 -2.5819E+01  9.729E-01  4.5490E+00  2.5864E+00
  1.700  1.4941E+01  5.4722E-01 -2.6197E+01  1.005E+00  4.5961E+00  2.6510E+00
  1.800  1.4928E+01  5.3741E-01 -2.6548E+01  1.034E+00  4.6404E+00  2.7189E+00
  1.900  1.4905E+01  5.2503E-01 -2.6869E+01  1.059E+00  4.6830E+00  2.7901E+00
  2.000  1.4873E+01  5.1057E-01 -2.7162E+01  1.082E+00  4.7252E+00  2.8646E+00
  2.200  1.4783E+01  4.7693E-01 -2.7656E+01  1.115E+00  4.8183E+00  3.0243E+00
  2.400  1.4627E+01  4.2673E-01 -2.7977E+01  1.130E+00  4.9576E+00  3.2109E+00
  2.600  1.4497E+01  5.5133E-01 -2.8315E+01  1.309E+00  3.9491E+00  3.3868E+00
  2.800  1.4474E+01  6.0113E-01 -2.8743E+01  1.389E+00  3.6617E+00  3.5199E+00
  3.000  1.4442E+01  6.2909E-01 -2.9134E+01  1.431E+00  3.5306E+00  3.6569E+00
  3.200  1.4392E+01  6.3344E-01 -2.9491E+01  1.439E+00  3.4891E+00  3.8025E+00
  3.400  1.4333E+01  6.2350E-01 -2.9811E+01  1.433E+00  3.5004E+00  3.9537E+00
  3.600  1.4267E+01  5.9211E-01 -3.0111E+01  1.412E+00  3.5469E+00  4.1100E+00
  3.800  1.4196E+01  5.4202E-01 -3.0384E+01  1.387E+00  3.6187E+00  4.2709E+00
  4.000  1.4122E+01  4.7396E-01 -3.0638E+01  1.359E+00  3.7097E+00  4.4358E+00
  4.200  1.4044E+01  3.9794E-01 -3.0871E+01  1.328E+00  3.8161E+00  4.6044E+00
  4.400  1.3962E+01  3.2068E-01 -3.1082E+01  1.300E+00  3.9351E+00  4.7763E+00
  4.600  1.3876E+01  2.5130E-01 -3.1265E+01  1.270E+00  4.0646E+00  4.9510E+00
  4.800  1.3784E+01  1.9175E-01 -3.1418E+01  1.245E+00  4.2033E+00  5.1282E+00
  5.000  1.3686E+01  1.4438E-01 -3.1537E+01  1.218E+00  4.3498E+00  5.3076E+00
  5.200  1.3583E+01  1.0829E-01 -3.1619E+01  1.196E+00  4.5034E+00  5.4890E+00
  5.400  1.3476E+01  8.1249E-02 -3.1673E+01  1.174E+00  4.6632E+00  5.6721E+00
  5.600  1.3365E+01  6.1599E-02 -3.1700E+01  1.154E+00  4.8287E+00  5.8568E+00
  5.800  1.3252E+01  4.7442E-02 -3.1706E+01  1.135E+00  4.9992E+00  6.0428E+00
  6.000  1.3138E+01  3.7124E-02 -3.1695E+01  1.118E+00  5.1745E+00  6.2301E+00
  6.500  1.2854E+01  2.3173E-02 -3.1632E+01  1.081E+00  5.6311E+00  6.7026E+00
  7.000  1.2587E+01  1.7303E-02 -3.1638E+01  1.052E+00  6.1105E+00  7.1803E+00
  7.500  1.2325E+01  1.3397E-02 -3.1793E+01  1.031E+00  6.6094E+00  7.6620E+00
  8.000  1.2068E+01  1.0148E-02 -3.2014E+01  1.015E+00  7.1255E+00  8.1466E+00
  8.500  1.1817E+01  7.5920E-03 -3.2234E+01  1.002E+00  7.6569E+00  8.6337E+00
  9.000  1.1574E+01  5.6113E-03 -3.2441E+01  9.905E-01  8.2021E+00  9.1226E+00
  9.500  1.1341E+01  4.0771E-03 -3.2636E+01  9.801E-01  8.7599E+00  9.6131E+00
 10.000  1.1117E+01  2.9700E-03 -3.2808E+01  9.708E-01  9.3293E+00  1.0105E+01
 11.000  1.0681E+01  1.7807E-03 -3.3090E+01  9.550E-01  1.0499E+01  1.1091E+01
 12.000  1.0270E+01  1.1948E-03 -3.3366E+01  9.433E-01  1.1707E+01  1.2081E+01
 13.000  9.8835E+00  8.6346E-04 -3.3688E+01  9.359E-01  1.2948E+01  1.3072E+01
 14.000  9.5184E+00  6.6207E-04 -3.4056E+01  9.311E-01  1.4218E+01  1.4065E+01
 15.000  9.1762E+00  4.9671E-04 -3.4446E+01  9.284E-01  1.5515E+01  1.5059E+01
 16.000  8.8528E+00  4.5035E-04 -3.4747E+01  9.269E-01  1.6836E+01  1.6054E+01
 17.000  8.5477E+00  5.6165E-04 -3.5827E+01  9.263E-01  1.8180E+01  1.7050E+01
 18.000  8.2580E+00  6.7051E-04 -3.7740E+01  9.265E-01  1.9545E+01  1.8047E+01
 19.000  7.9846E+00  1.0698E-03 -3.9394E+01  9.270E-01  2.0928E+01  1.9043E+01
 20.000  7.7253E+00  1.5631E-03 -4.0619E+01  9.275E-01  2.2329E+01  2.0041E+01
