 comment: None given                            Feff8L (EXAFS)       0.1
 Source:
 Structure Summary:  U1 O2
 Reduced formula:  UO2
 space group: (Fm-3m), space number:  (225)
 abc:  3.856567   3.856567   3.856567
 angles: 60.000000  60.000000  60.000000
 sites: 3
 mp-1597
 POT  Non-SCF, core-hole, AFOLP (folp(0)= 1.150)
 Abs   Z=92 Rmt= 1.626 Rnm= 1.706 L3 shell
 Pot 1 Z= 8 Rmt= 1.042 Rnm= 1.093
 Gam_ch=8.104E+00 H-L exch
 Mu=-4.652E+00 kf=2.032E+00 Vint=-2.038E+01 Rs_int= 1.785
 PATH  Rmax= 6.000,  Keep_limit= 0.00, Heap_limit 0.00  Pwcrit= 2.50%
 Path    8      icalc       2
 -----------------------------------------------------------------------
   3  48.000   4.8054    2.0759   -4.65224 nleg, deg, reff, rnrmav(bohr), edge
        x         y         z   pot at#
    -0.0000   -0.0000   -0.0000  0  92 U        absorbing atom
    -1.3635   -4.0905    1.3635  1   8 O
    -1.3635   -1.3635    1.3635  1   8 O
    k   real[2*phc]   mag[feff]  phase[feff] red factor   lambda     real[p]@#
 -0.000  1.4440E+01  7.7194E-05 -1.5565E+01  5.378E-01  3.8521E+00  2.0484E+00
  0.100  1.4445E+01  3.4523E-02 -1.6512E+01  5.399E-01  3.8564E+00  2.0507E+00
  0.200  1.4462E+01  6.8243E-02 -1.7424E+01  5.462E-01  3.8693E+00  2.0576E+00
  0.300  1.4489E+01  1.0041E-01 -1.8303E+01  5.567E-01  3.8905E+00  2.0690E+00
  0.400  1.4524E+01  1.3039E-01 -1.9149E+01  5.716E-01  3.9194E+00  2.0850E+00
  0.500  1.4567E+01  1.5767E-01 -1.9960E+01  5.910E-01  3.9556E+00  2.1053E+00
  0.600  1.4614E+01  1.8191E-01 -2.0734E+01  6.147E-01  3.9982E+00  2.1299E+00
  0.700  1.4663E+01  2.0292E-01 -2.1473E+01  6.425E-01  4.0463E+00  2.1587E+00
  0.800  1.4713E+01  2.2066E-01 -2.2173E+01  6.741E-01  4.0988E+00  2.1916E+00
  0.900  1.4761E+01  2.3518E-01 -2.2837E+01  7.089E-01  4.1548E+00  2.2284E+00
  1.000  1.4806E+01  2.4662E-01 -2.3463E+01  7.461E-01  4.2129E+00  2.2689E+00
  1.100  1.4847E+01  2.5518E-01 -2.4053E+01  7.849E-01  4.2722E+00  2.3132E+00
  1.200  1.4882E+01  2.6104E-01 -2.4606E+01  8.243E-01  4.3313E+00  2.3610E+00
  1.300  1.4909E+01  2.6444E-01 -2.5125E+01  8.636E-01  4.3893E+00  2.4124E+00
  1.400  1.4930E+01  2.6562E-01 -2.5611E+01  9.018E-01  4.4454E+00  2.4671E+00
  1.500  1.4942E+01  2.6479E-01 -2.6063E+01  9.385E-01  4.4987E+00  2.5251E+00
  1.600  1.4946E+01  2.6217E-01 -2.6484E+01  9.729E-01  4.5490E+00  2.5864E+00
  1.700  1.4941E+01  2.5796E-01 -2.6874E+01  1.005E+00  4.5961E+00  2.6510E+00
  1.800  1.4928E+01  2.5236E-01 -2.7233E+01  1.034E+00  4.6404E+00  2.7189E+00
  1.900  1.4905E+01  2.4553E-01 -2.7561E+01  1.059E+00  4.6830E+00  2.7901E+00
  2.000  1.4873E+01  2.3765E-01 -2.7859E+01  1.082E+00  4.7252E+00  2.8646E+00
  2.200  1.4783E+01  2.1923E-01 -2.8359E+01  1.115E+00  4.8183E+00  3.0243E+00
  2.400  1.4627E+01  1.9678E-01 -2.8630E+01  1.130E+00  4.9576E+00  3.2109E+00
  2.600  1.4497E+01  1.9185E-01 -2.8984E+01  1.309E+00  3.9491E+00  3.3868E+00
  2.800  1.4474E+01  1.7835E-01 -2.9689E+01  1.389E+00  3.6617E+00  3.5199E+00
  3.000  1.4442E+01  1.6396E-01 -3.0371E+01  1.431E+00  3.5306E+00  3.6569E+00
  3.200  1.4392E+01  1.4994E-01 -3.0985E+01  1.439E+00  3.4891E+00  3.8025E+00
  3.400  1.4333E+01  1.3675E-01 -3.1544E+01  1.433E+00  3.5004E+00  3.9537E+00
  3.600  1.4267E+01  1.2393E-01 -3.2052E+01  1.412E+00  3.5469E+00  4.1100E+00
  3.800  1.4196E+01  1.1161E-01 -3.2508E+01  1.387E+00  3.6187E+00  4.2709E+00
  4.000  1.4122E+01  9.9322E-02 -3.2924E+01  1.359E+00  3.7097E+00  4.4358E+00
  4.200  1.4044E+01  8.7167E-02 -3.3299E+01  1.328E+00  3.8161E+00  4.6044E+00
  4.400  1.3962E+01  7.5555E-02 -3.3646E+01  1.300E+00  3.9351E+00  4.7763E+00
  4.600  1.3876E+01  6.4636E-02 -3.3965E+01  1.270E+00  4.0646E+00  4.9510E+00
  4.800  1.3784E+01  5.4507E-02 -3.4262E+01  1.245E+00  4.2033E+00  5.1282E+00
  5.000  1.3686E+01  4.5384E-02 -3.4542E+01  1.218E+00  4.3498E+00  5.3076E+00
  5.200  1.3583E+01  3.7285E-02 -3.4807E+01  1.196E+00  4.5034E+00  5.4890E+00
  5.400  1.3476E+01  3.0192E-02 -3.5065E+01  1.174E+00  4.6632E+00  5.6721E+00
  5.600  1.3365E+01  2.4066E-02 -3.5318E+01  1.154E+00  4.8287E+00  5.8568E+00
  5.800  1.3252E+01  1.8882E-02 -3.5574E+01  1.135E+00  4.9992E+00  6.0428E+00
  6.000  1.3138E+01  1.4572E-02 -3.5842E+01  1.118E+00  5.1745E+00  6.2301E+00
  6.500  1.2854E+01  7.1358E-03 -3.6644E+01  1.081E+00  5.6311E+00  6.7026E+00
  7.000  1.2587E+01  4.2714E-03 -3.7865E+01  1.052E+00  6.1105E+00  7.1803E+00
  7.500  1.2325E+01  4.9604E-03 -3.8935E+01  1.031E+00  6.6094E+00  7.6620E+00
  8.000  1.2068E+01  6.0759E-03 -3.9559E+01  1.015E+00  7.1255E+00  8.1466E+00
  8.500  1.1817E+01  6.6935E-03 -4.0009E+01  1.002E+00  7.6569E+00  8.6337E+00
  9.000  1.1574E+01  6.8474E-03 -4.0386E+01  9.905E-01  8.2021E+00  9.1226E+00
  9.500  1.1341E+01  6.6878E-03 -4.0720E+01  9.801E-01  8.7599E+00  9.6131E+00
 10.000  1.1117E+01  6.3445E-03 -4.1023E+01  9.708E-01  9.3293E+00  1.0105E+01
 11.000  1.0681E+01  5.4411E-03 -4.1559E+01  9.550E-01  1.0499E+01  1.1091E+01
 12.000  1.0270E+01  4.4485E-03 -4.2035E+01  9.433E-01  1.1707E+01  1.2081E+01
 13.000  9.8835E+00  3.4764E-03 -4.2464E+01  9.359E-01  1.2948E+01  1.3072E+01
 14.000  9.5184E+00  2.6444E-03 -4.2838E+01  9.311E-01  1.4218E+01  1.4065E+01
 15.000  9.1762E+00  1.9874E-03 -4.3137E+01  9.284E-01  1.5515E+01  1.5059E+01
 16.000  8.8528E+00  1.5267E-03 -4.3354E+01  9.269E-01  1.6836E+01  1.6054E+01
 17.000  8.5477E+00  1.2709E-03 -4.3516E+01  9.263E-01  1.8180E+01  1.7050E+01
 18.000  8.2580E+00  1.1472E-03 -4.3687E+01  9.265E-01  1.9545E+01  1.8047E+01
 19.000  7.9846E+00  1.0560E-03 -4.3901E+01  9.270E-01  2.0928E+01  1.9043E+01
 20.000  7.7253E+00  9.6827E-04 -4.4139E+01  9.275E-01  2.2329E+01  2.0041E+01
