# comment: None given                          Feff8L (EXAFS)       0.1      
# Source:
# Structure Summary:  U1 O2
# Reduced formula:  UO2
# space group: (Fm-3m), space number:  (225)
# abc:  3.856567   3.856567   3.856567
# angles: 60.000000  60.000000  60.000000
# sites: 3
# mp-1597
# POT  Non-SCF, core-hole, AFOLP (folp(0)= 1.150)
# Abs   Z=92 Rmt= 1.626 Rnm= 1.706 L3 shell
# Pot 1 Z= 8 Rmt= 1.042 Rnm= 1.093
# Gam_ch=8.104E+00 H-L exch
# Mu=-4.652E+00 kf=2.032E+00 Vint=-2.038E+01 Rs_int= 1.785
# PATH  Rmax= 6.000,  Keep_limit= 0.00, Heap_limit 0.00  Pwcrit= 2.50%
#  S02=1.000                                        Global_sig2= 0.00000
#  Curved wave amplitude ratio filter   4.000%
#     file         sig2 tot  cw amp ratio   deg  nlegs   reff  inp sig2
#           1       0.00000    100.00      8.00     2   2.3617
#           2       0.00000      7.66     24.00     3   3.7252
#           3       0.00000      8.06     24.00     3   4.2899
#           4       0.00000     34.73     24.00     2   4.5222
#           5       0.00000      5.91      8.00     3   4.7233
#           6       0.00000     12.51      8.00     4   4.7233
#           7       0.00000      5.60      8.00     4   4.7233
#           8       0.00000     12.56     48.00     3   4.8054
#          10       0.00000      4.56     96.00     3   5.3702
#          11       0.00000     11.36     24.00     2   5.9434
#    10/  11 paths used
#  xsedge+50, used to normalize mu           2.1866E-04
#  -----------------------------------------------------------------------
#  omega    e    k    mu    mu0     chi     @#
   17165.091     -4.652   0.000  7.74426E-01  6.93750E-01  4.56192E-02
   17165.101     -4.643   0.050  7.78720E-01  6.95803E-01  4.68994E-02
   17165.130     -4.614   0.100  7.83014E-01  6.97856E-01  4.81810E-02
   17165.177     -4.567   0.150  7.95973E-01  7.04112E-01  5.20223E-02
   17165.244     -4.500   0.200  8.08936E-01  7.10368E-01  5.58736E-02
   17165.330     -4.414   0.250  8.30528E-01  7.20827E-01  6.22946E-02
   17165.434     -4.309   0.300  8.52095E-01  7.31287E-01  6.87241E-02
   17165.558     -4.186   0.350  8.81985E-01  7.45808E-01  7.76874E-02
   17165.701     -4.043   0.400  9.11714E-01  7.60330E-01  8.66106E-02
   17165.863     -3.881   0.450  9.48981E-01  7.78556E-01  9.79144E-02
   17166.044     -3.700   0.500  9.85754E-01  7.96782E-01  1.09029E-01
   17166.244     -3.500   0.550  1.02854E+00  8.18032E-01  1.22156E-01
   17166.463     -3.281   0.600  1.07021E+00  8.39281E-01  1.34785E-01
   17166.701     -3.043   0.650  1.11546E+00  8.62505E-01  1.48749E-01
   17166.958     -2.785   0.700  1.15867E+00  8.85729E-01  1.61708E-01
   17167.235     -2.509   0.750  1.20220E+00  9.09575E-01  1.74972E-01
   17167.530     -2.214   0.800  1.24253E+00  9.33420E-01  1.86551E-01
   17167.844     -1.900   0.850  1.27955E+00  9.56433E-01  1.97127E-01
   17168.178     -1.566   0.900  1.31229E+00  9.79446E-01  2.05290E-01
   17168.530     -1.214   0.950  1.33839E+00  1.00032E+00  2.11096E-01
   17168.901     -0.842   1.000  1.35959E+00  1.02120E+00  2.13940E-01
   17169.292     -0.452   1.050  1.37200E+00  1.03898E+00  2.13419E-01
   17169.702     -0.042   1.100  1.37969E+00  1.05676E+00  2.09811E-01
   17170.130      0.386   1.150  1.37795E+00  1.07089E+00  2.02412E-01
   17170.578      0.834   1.200  1.37258E+00  1.08503E+00  1.92375E-01
   17171.045      1.301   1.250  1.35883E+00  1.09535E+00  1.78967E-01
   17171.530      1.787   1.300  1.34314E+00  1.10568E+00  1.63810E-01
   17172.035      2.291   1.350  1.32098E+00  1.11233E+00  1.46205E-01
   17172.559      2.815   1.400  1.29851E+00  1.11898E+00  1.27811E-01
   17173.102      3.358   1.450  1.27153E+00  1.12232E+00  1.07918E-01
   17173.664      3.920   1.500  1.24520E+00  1.12565E+00  8.78613E-02
   17174.245      4.501   1.550  1.21570E+00  1.12614E+00  6.68579E-02
   17174.845      5.101   1.600  1.18711E+00  1.12663E+00  4.58704E-02
   17175.464      5.720   1.650  1.15617E+00  1.12483E+00  2.41358E-02
   17176.102      6.359   1.700  1.12621E+00  1.12302E+00  2.49651E-03
   17176.759      7.016   1.750  1.09485E+00  1.11948E+00 -1.95424E-02
   17177.436      7.692   1.800  1.06510E+00  1.11593E+00 -4.09347E-02
   17178.131      8.387   1.850  1.03561E+00  1.11118E+00 -6.16986E-02
   17178.845      9.102   1.900  1.00910E+00  1.10642E+00 -8.05663E-02
   17179.579      9.835   1.950  9.84947E-01  1.10086E+00 -9.71744E-02
   17180.331     10.588   2.000  9.65159E-01  1.09529E+00 -1.10501E-01
   17181.103     11.359   2.050  9.49692E-01  1.08981E+00 -1.20233E-01
   17181.893     12.150   2.100  9.38876E-01  1.08433E+00 -1.26139E-01
   17182.703     12.959   2.150  9.31908E-01  1.07885E+00 -1.28799E-01
   17183.532     13.788   2.200  9.27674E-01  1.07337E+00 -1.29096E-01
   17184.379     14.636   2.250  9.27620E-01  1.07026E+00 -1.27254E-01
   17185.246     15.503   2.300  9.27699E-01  1.06714E+00 -1.25268E-01
   17186.132     16.388   2.350  9.27054E-01  1.06402E+00 -1.23908E-01
   17187.037     17.293   2.400  9.25676E-01  1.06091E+00 -1.23197E-01
   17187.961     18.217   2.450  9.25561E-01  1.05811E+00 -1.21696E-01
   17188.904     19.160   2.500  9.27343E-01  1.05532E+00 -1.18416E-01
   17189.866     20.122   2.550  9.32445E-01  1.05253E+00 -1.11987E-01
   17190.847     21.103   2.600  9.41727E-01  1.04973E+00 -1.01527E-01
   17191.847     22.103   2.650  9.51671E-01  1.04450E+00 -8.79996E-02
   17192.866     23.123   2.700  9.65179E-01  1.03928E+00 -7.08362E-02
   17193.904     24.161   2.750  9.81738E-01  1.03405E+00 -5.04375E-02
   17194.962     25.218   2.800  1.00045E+00  1.02882E+00 -2.75934E-02
   17196.038     26.294   2.850  1.02249E+00  1.02588E+00 -3.30851E-03
   17197.133     27.390   2.900  1.04456E+00  1.02293E+00  2.12581E-02
   17198.248     28.504   2.950  1.06529E+00  1.01998E+00  4.47624E-02
   17199.381     29.638   3.000  1.08344E+00  1.01703E+00  6.59573E-02
   17200.534     30.790   3.050  1.09911E+00  1.01474E+00  8.39944E-02
   17201.705     31.962   3.100  1.11051E+00  1.01246E+00  9.78470E-02
   17202.896     33.152   3.150  1.11734E+00  1.01018E+00  1.07201E-01
   17204.106     34.362   3.200  1.11974E+00  1.00790E+00  1.12154E-01
   17205.334     35.591   3.250  1.12057E+00  1.00746E+00  1.13484E-01
   17206.582     36.838   3.300  1.11797E+00  1.00703E+00  1.11378E-01
   17207.849     38.105   3.350  1.11274E+00  1.00660E+00  1.06615E-01
   17209.135     39.391   3.400  1.10559E+00  1.00617E+00  9.99268E-02
   17210.440     40.696   3.450  1.09788E+00  1.00636E+00  9.18817E-02
   17211.764     42.020   3.500  1.08907E+00  1.00656E+00  8.27617E-02
   17213.107     43.363   3.550  1.07924E+00  1.00675E+00  7.26284E-02
   17214.469     44.725   3.600  1.06823E+00  1.00694E+00  6.13360E-02
   17215.850     46.106   3.650  1.05661E+00  1.00809E+00  4.84768E-02
   17217.250     47.506   3.700  1.04322E+00  1.00923E+00  3.38916E-02
   17218.669     48.926   3.750  1.02803E+00  1.01037E+00  1.75687E-02
   17220.108     50.364   3.800  1.01132E+00  1.01151E+00 -1.92689E-04
   17221.565     51.821   3.850  9.93649E-01  1.01287E+00 -1.90465E-02
   17223.041     53.298   3.900  9.76039E-01  1.01422E+00 -3.77588E-02
   17224.537     54.793   3.950  9.59764E-01  1.01557E+00 -5.50724E-02
   17226.051     56.307   4.000  9.46161E-01  1.01693E+00 -6.96786E-02
   17227.585     57.841   4.050  9.36232E-01  1.01831E+00 -8.06301E-02
   17229.137     59.394   4.100  9.31156E-01  1.01969E+00 -8.67764E-02
   17230.709     60.965   4.150  9.31315E-01  1.02106E+00 -8.77741E-02
   17232.300     62.556   4.200  9.36521E-01  1.02244E+00 -8.38429E-02
   17233.909     64.166   4.250  9.45768E-01  1.02360E+00 -7.58182E-02
   17235.538     65.794   4.300  9.58217E-01  1.02476E+00 -6.47080E-02
   17237.186     67.442   4.350  9.72455E-01  1.02592E+00 -5.18982E-02
   17238.853     69.109   4.400  9.87064E-01  1.02707E+00 -3.87739E-02
   17240.539     70.795   4.450  1.00040E+00  1.02779E+00 -2.65051E-02
   17242.244     72.500   4.500  1.01201E+00  1.02850E+00 -1.59422E-02
   17243.968     74.224   4.550  1.02146E+00  1.02922E+00 -7.48204E-03
   17245.711     75.967   4.600  1.02879E+00  1.02993E+00 -1.09932E-03
   17247.473     77.729   4.650  1.03396E+00  1.03027E+00  3.55022E-03
   17249.254     79.510   4.700  1.03797E+00  1.03062E+00  7.07292E-03
   17251.054     81.310   4.750  1.04143E+00  1.03096E+00  1.00762E-02
   17252.873     83.130   4.800  1.04490E+00  1.03130E+00  1.30713E-02
   17254.712     84.968   4.850  1.04824E+00  1.03113E+00  1.64389E-02
   17256.569     86.825   4.900  1.05205E+00  1.03096E+00  2.02612E-02
   17258.446     88.702   4.950  1.05623E+00  1.03080E+00  2.44324E-02
   17260.341     90.597   5.000  1.06051E+00  1.03063E+00  2.87030E-02
   17262.255     92.512   5.050  1.06456E+00  1.03030E+00  3.29049E-02
   17264.189     94.445   5.100  1.06806E+00  1.02998E+00  3.65891E-02
   17266.142     96.398   5.150  1.07072E+00  1.02966E+00  3.94715E-02
   17268.113     98.370   5.200  1.07232E+00  1.02933E+00  4.13241E-02
   17270.104    100.360   5.250  1.07246E+00  1.02872E+00  4.20665E-02
   17272.114    102.370   5.300  1.07115E+00  1.02811E+00  4.14143E-02
   17274.143    104.399   5.350  1.06822E+00  1.02749E+00  3.91948E-02
   17276.191    106.447   5.400  1.06349E+00  1.02688E+00  3.52460E-02
   17278.257    108.514   5.450  1.05701E+00  1.02639E+00  2.94852E-02
   17280.343    110.600   5.500  1.04855E+00  1.02590E+00  2.18179E-02
   17282.448    112.705   5.550  1.03830E+00  1.02542E+00  1.24174E-02
   17284.572    114.829   5.600  1.02670E+00  1.02493E+00  1.70390E-03
   17286.716    116.972   5.650  1.01441E+00  1.02450E+00 -9.72840E-03
   17288.878    119.134   5.700  1.00238E+00  1.02408E+00 -2.09198E-02
   17291.059    121.315   5.750  9.91695E-01  1.02365E+00 -3.08218E-02
   17293.259    123.516   5.800  9.83403E-01  1.02323E+00 -3.84158E-02
   17295.479    125.735   5.850  9.78348E-01  1.02293E+00 -4.30029E-02
   17297.717    127.973   5.900  9.77006E-01  1.02262E+00 -4.40080E-02
   17299.974    130.231   5.950  9.79356E-01  1.02232E+00 -4.14518E-02
   17302.251    132.507   6.000  9.84850E-01  1.02202E+00 -3.58614E-02
   17304.546    134.803   6.050  9.92741E-01  1.02203E+00 -2.82531E-02
   17306.861    137.117   6.100  1.00156E+00  1.02203E+00 -1.97521E-02
   17309.194    139.451   6.150  1.00996E+00  1.02204E+00 -1.16524E-02
   17311.547    141.803   6.200  1.01680E+00  1.02205E+00 -5.05574E-03
   17313.919    144.175   6.250  1.02136E+00  1.02205E+00 -6.66571E-04
   17316.310    146.566   6.300  1.02343E+00  1.02206E+00  1.32829E-03
   17318.719    148.976   6.350  1.02338E+00  1.02206E+00  1.26948E-03
   17321.148    151.405   6.400  1.02199E+00  1.02207E+00 -7.74954E-05
   17323.596    153.853   6.450  1.02030E+00  1.02208E+00 -1.71292E-03
   17326.063    156.320   6.500  1.01935E+00  1.02208E+00 -2.63788E-03
   17328.549    158.806   6.550  1.01998E+00  1.02204E+00 -1.99162E-03
   17331.054    161.311   6.600  1.02265E+00  1.02200E+00  6.17561E-04
   17333.578    163.835   6.650  1.02724E+00  1.02197E+00  5.08855E-03
   17336.122    166.378   6.700  1.03318E+00  1.02193E+00  1.08536E-02
   17338.684    168.940   6.750  1.03953E+00  1.02189E+00  1.70129E-02
   17341.265    171.521   6.800  1.04523E+00  1.02185E+00  2.25370E-02
   17343.865    174.122   6.850  1.04928E+00  1.02181E+00  2.64873E-02
   17346.485    176.741   6.900  1.05103E+00  1.02177E+00  2.82057E-02
   17349.123    179.379   6.950  1.05019E+00  1.02174E+00  2.74304E-02
   17351.781    182.037   7.000  1.04692E+00  1.02170E+00  2.43202E-02
   17354.457    184.713   7.050  1.04142E+00  1.02128E+00  1.94296E-02
   17357.153    187.409   7.100  1.03473E+00  1.02086E+00  1.33859E-02
   17359.867    190.124   7.150  1.02768E+00  1.02044E+00  6.99646E-03
   17362.601    192.857   7.200  1.02103E+00  1.02002E+00  9.81676E-04
   17365.354    195.610   7.250  1.01532E+00  1.01960E+00 -4.13883E-03
   17368.125    198.382   7.300  1.01081E+00  1.01918E+00 -8.09633E-03
   17370.916    201.173   7.350  1.00755E+00  1.01876E+00 -1.08580E-02
   17373.726    203.982   7.400  1.00537E+00  1.01834E+00 -1.25620E-02
   17376.555    206.811   7.450  1.00407E+00  1.01792E+00 -1.34294E-02
   17379.403    209.659   7.500  1.00340E+00  1.01750E+00 -1.36811E-02
   17382.270    212.526   7.550  1.00288E+00  1.01685E+00 -1.35560E-02
   17385.156    215.412   7.600  1.00273E+00  1.01619E+00 -1.30763E-02
   17388.061    218.317   7.650  1.00291E+00  1.01553E+00 -1.22768E-02
   17390.985    221.242   7.700  1.00340E+00  1.01488E+00 -1.11802E-02
   17393.928    224.185   7.750  1.00413E+00  1.01422E+00 -9.84024E-03
   17396.891    227.147   7.800  1.00499E+00  1.01356E+00 -8.36573E-03
   17399.872    230.128   7.850  1.00583E+00  1.01290E+00 -6.91417E-03
   17402.872    233.129   7.900  1.00647E+00  1.01225E+00 -5.65466E-03
   17405.892    236.148   7.950  1.00678E+00  1.01159E+00 -4.71212E-03
   17408.930    239.187   8.000  1.00674E+00  1.01093E+00 -4.11259E-03
   17411.988    242.244   8.050  1.00649E+00  1.01031E+00 -3.75158E-03
   17415.064    245.321   8.100  1.00624E+00  1.00969E+00 -3.38740E-03
   17418.160    248.416   8.150  1.00632E+00  1.00907E+00 -2.70698E-03
   17421.275    251.531   8.200  1.00703E+00  1.00845E+00 -1.40188E-03
   17424.408    254.665   8.250  1.00858E+00  1.00783E+00  7.33684E-04
   17427.561    257.817   8.300  1.01098E+00  1.00721E+00  3.71864E-03
   17430.733    260.989   8.350  1.01403E+00  1.00659E+00  7.34107E-03
   17433.924    264.180   8.400  1.01728E+00  1.00597E+00  1.11711E-02
   17437.134    267.390   8.450  1.02015E+00  1.00535E+00  1.46327E-02
   17440.363    270.619   8.500  1.02203E+00  1.00473E+00  1.71206E-02
   17443.611    273.867   8.550  1.02259E+00  1.00423E+00  1.81763E-02
   17446.878    277.134   8.600  1.02135E+00  1.00374E+00  1.74525E-02
   17450.164    280.420   8.650  1.01834E+00  1.00325E+00  1.49650E-02
   17453.469    283.725   8.700  1.01388E+00  1.00275E+00  1.10424E-02
   17456.793    287.050   8.750  1.00857E+00  1.00226E+00  6.26381E-03
   17460.136    290.393   8.800  1.00312E+00  1.00177E+00  1.33903E-03
   17463.499    293.755   8.850  9.98219E-01  1.00127E+00 -3.03879E-03
   17466.880    297.136   8.900  9.94417E-01  1.00078E+00 -6.33283E-03
   17470.281    300.537   8.950  9.91991E-01  1.00029E+00 -8.26149E-03
   17473.700    303.956   9.000  9.90928E-01  9.99796E-01 -8.83440E-03
   17477.138    307.395   9.050  9.90992E-01  9.99365E-01 -8.34727E-03
   17480.596    310.852   9.100  9.91709E-01  9.98935E-01 -7.20696E-03
   17484.073    314.329   9.150  9.92587E-01  9.98504E-01 -5.90518E-03
   17487.568    317.825   9.200  9.93204E-01  9.98074E-01 -4.86332E-03
   17491.083    321.339   9.250  9.93299E-01  9.97644E-01 -4.34080E-03
   17494.617    324.873   9.300  9.92818E-01  9.97213E-01 -4.39402E-03
   17498.170    328.426   9.350  9.91893E-01  9.96783E-01 -4.89121E-03
   17501.741    331.998   9.400  9.90783E-01  9.96352E-01 -5.57334E-03
   17505.332    335.589   9.450  9.89790E-01  9.95922E-01 -6.13992E-03
   17508.942    339.199   9.500  9.89170E-01  9.95492E-01 -6.33380E-03
   17512.571    342.828   9.550  9.88941E-01  9.94931E-01 -6.00577E-03
   17516.219    346.476   9.600  9.89268E-01  9.94371E-01 -5.11970E-03
   17519.886    350.143   9.650  9.90060E-01  9.93811E-01 -3.76543E-03
   17523.573    353.829   9.700  9.91157E-01  9.93251E-01 -2.10346E-03
   17527.278    357.534   9.750  9.92383E-01  9.92691E-01 -3.09771E-04
   17531.002    361.258   9.800  9.93594E-01  9.92131E-01  1.47102E-03
   17534.745    365.002   9.850  9.94701E-01  9.91571E-01  3.14985E-03
   17538.508    368.764   9.900  9.95668E-01  9.91011E-01  4.68955E-03
   17542.289    372.546   9.950  9.96483E-01  9.90451E-01  6.07835E-03
   17546.090    376.346  10.000  9.97124E-01  9.89891E-01  7.29383E-03
   17549.909    380.165  10.050  9.97522E-01  9.89279E-01  8.31642E-03
   17553.748    384.004  10.100  9.97575E-01  9.88667E-01  8.99267E-03
   17557.605    387.862  10.150  9.97134E-01  9.88055E-01  9.17048E-03
   17561.482    391.738  10.200  9.96058E-01  9.87444E-01  8.70682E-03
   17565.378    395.634  10.250  9.94270E-01  9.86832E-01  7.52237E-03
   17569.292    399.549  10.300  9.91803E-01  9.86220E-01  5.64945E-03
   17573.226    403.483  10.350  9.88823E-01  9.85608E-01  3.25527E-03
   17577.179    407.435  10.400  9.85617E-01  9.84997E-01  6.29016E-04
   17581.151    411.407  10.450  9.82542E-01  9.84385E-01 -1.86833E-03
   17585.142    415.398  10.500  9.79948E-01  9.83773E-01 -3.88056E-03
   17589.152    419.408  10.550  9.78098E-01  9.83161E-01 -5.13977E-03
   17593.181    423.437  10.600  9.77101E-01  9.82550E-01 -5.53361E-03
   17597.229    427.485  10.650  9.76884E-01  9.81938E-01 -5.13645E-03
   17601.296    431.553  10.700  9.77202E-01  9.81326E-01 -4.19379E-03
   17605.382    435.639  10.750  9.77705E-01  9.80714E-01 -3.06205E-03
   17609.488    439.744  10.800  9.78022E-01  9.80103E-01 -2.11833E-03
   17613.612    443.868  10.850  9.77858E-01  9.79491E-01 -1.66353E-03
   17617.755    448.012  10.900  9.77070E-01  9.78879E-01 -1.84440E-03
   17621.918    452.174  10.950  9.75703E-01  9.78267E-01 -2.61554E-03
   17626.099    456.356  11.000  9.73980E-01  9.77656E-01 -3.75147E-03
   17630.300    460.556  11.050  9.72249E-01  9.77078E-01 -4.93161E-03
   17634.519    464.776  11.100  9.70877E-01  9.76501E-01 -5.74648E-03
   17638.758    469.014  11.150  9.70178E-01  9.75924E-01 -5.87290E-03
   17643.016    473.272  11.200  9.70325E-01  9.75347E-01 -5.13615E-03
   17647.292    477.549  11.250  9.71296E-01  9.74769E-01 -3.55453E-03
   17651.588    481.844  11.300  9.72889E-01  9.74192E-01 -1.33432E-03
   17655.903    486.159  11.350  9.74769E-01  9.73615E-01  1.18173E-03
   17660.237    490.493  11.400  9.76548E-01  9.73038E-01  3.59719E-03
   17664.590    494.846  11.450  9.77876E-01  9.72460E-01  5.55297E-03
   17668.962    499.218  11.500  9.78515E-01  9.71883E-01  6.80298E-03
   17673.353    503.609  11.550  9.78375E-01  9.71306E-01  7.25589E-03
   17677.763    508.019  11.600  9.77521E-01  9.70728E-01  6.97542E-03
   17682.192    512.448  11.650  9.76130E-01  9.70151E-01  6.14296E-03
   17686.640    516.896  11.700  9.74435E-01  9.69574E-01  4.99647E-03
   17691.107    521.363  11.750  9.72657E-01  9.68997E-01  3.76497E-03
   17695.593    525.850  11.800  9.70963E-01  9.68419E-01  2.61696E-03
   17700.099    530.355  11.850  9.69431E-01  9.67842E-01  1.63553E-03
   17704.623    534.879  11.900  9.68064E-01  9.67265E-01  8.23336E-04
   17709.166    539.423  11.950  9.66815E-01  9.66688E-01  1.31450E-04
   17713.729    543.985  12.000  9.65625E-01  9.66110E-01 -5.00793E-04
   17718.310    548.567  12.050  9.64279E-01  9.65366E-01 -1.12203E-03
   17722.911    553.167  12.100  9.62962E-01  9.64622E-01 -1.71452E-03
   17727.531    557.787  12.150  9.61721E-01  9.63878E-01 -2.22866E-03
   17732.169    562.426  12.200  9.60623E-01  9.63133E-01 -2.59643E-03
   17736.827    567.083  12.250  9.59718E-01  9.62389E-01 -2.76428E-03
   17741.504    571.760  12.300  9.59016E-01  9.61645E-01 -2.72299E-03
   17746.199    576.456  12.350  9.58467E-01  9.60900E-01 -2.52230E-03
   17750.914    581.171  12.400  9.57975E-01  9.60156E-01 -2.26309E-03
   17755.648    585.905  12.450  9.57420E-01  9.59412E-01 -2.06839E-03
   17760.401    590.657  12.500  9.56703E-01  9.58668E-01 -2.04158E-03
   17765.173    595.429  12.550  9.55783E-01  9.57923E-01 -2.22563E-03
   17769.964    600.221  12.600  9.54702E-01  9.57179E-01 -2.57767E-03
   17774.774    605.031  12.650  9.53583E-01  9.56435E-01 -2.96917E-03
   17779.603    609.860  12.700  9.52606E-01  9.55691E-01 -3.21420E-03
   17784.452    614.708  12.750  9.51955E-01  9.54946E-01 -3.11946E-03
   17789.319    619.575  12.800  9.51766E-01  9.54202E-01 -2.54270E-03
   17794.205    624.462  12.850  9.52077E-01  9.53458E-01 -1.44227E-03
   17799.111    629.367  12.900  9.52807E-01  9.52714E-01  9.72793E-05
   17804.035    634.291  12.950  9.53759E-01  9.51969E-01  1.87254E-03
   17808.978    639.235  13.000  9.54665E-01  9.51225E-01  3.60142E-03
   17813.941    644.197  13.050  9.55288E-01  9.50502E-01  5.01329E-03
   17818.922    649.179  13.100  9.55347E-01  9.49780E-01  5.83640E-03
   17823.923    654.179  13.150  9.54711E-01  9.49057E-01  5.93162E-03
   17828.943    659.199  13.200  9.53388E-01  9.48334E-01  5.30574E-03
   17833.981    664.238  13.250  9.51522E-01  9.47611E-01  4.10852E-03
   17839.039    669.296  13.300  9.49356E-01  9.46889E-01  2.59460E-03
   17844.116    674.372  13.350  9.47174E-01  9.46166E-01  1.06055E-03
   17849.212    679.468  13.400  9.45229E-01  9.45443E-01 -2.25745E-04
   17854.327    684.583  13.450  9.43691E-01  9.44721E-01 -1.08482E-03
   17859.461    689.717  13.500  9.42614E-01  9.43998E-01 -1.45951E-03
   17864.614    694.870  13.550  9.41934E-01  9.43275E-01 -1.41556E-03
   17869.786    700.042  13.600  9.41501E-01  9.42553E-01 -1.11096E-03
   17874.977    705.233  13.650  9.41126E-01  9.41830E-01 -7.44468E-04
   17880.187    710.443  13.700  9.40636E-01  9.41107E-01 -4.98528E-04
   17885.416    715.673  13.750  9.39919E-01  9.40384E-01 -4.92595E-04
   17890.664    720.921  13.800  9.38946E-01  9.39662E-01 -7.58383E-04
   17895.932    726.188  13.850  9.37768E-01  9.38939E-01 -1.24166E-03
   17901.218    731.474  13.900  9.36494E-01  9.38216E-01 -1.82720E-03
   17906.523    736.780  13.950  9.35255E-01  9.37494E-01 -2.37719E-03
   17911.848    742.104  14.000  9.34163E-01  9.36771E-01 -2.77054E-03
   17917.191    747.448  14.050  9.33207E-01  9.35969E-01 -2.93729E-03
   17922.554    752.810  14.100  9.32489E-01  9.35167E-01 -2.85027E-03
   17927.936    758.192  14.150  9.31983E-01  9.34365E-01 -2.53739E-03
   17933.336    763.593  14.200  9.31636E-01  9.33563E-01 -2.05517E-03
   17938.756    769.012  14.250  9.31390E-01  9.32762E-01 -1.46408E-03
   17944.195    774.451  14.300  9.31202E-01  9.31960E-01 -8.09171E-04
   17949.652    779.909  14.350  9.31052E-01  9.31158E-01 -1.12809E-04
   17955.129    785.386  14.400  9.30934E-01  9.30356E-01  6.18779E-04
   17960.625    790.882  14.450  9.30841E-01  9.29554E-01  1.37889E-03
   17966.140    796.397  14.500  9.30750E-01  9.28752E-01  2.14141E-03
   17971.674    801.931  14.550  9.30605E-01  9.27950E-01  2.84847E-03
   17977.227    807.484  14.600  9.30325E-01  9.27148E-01  3.41141E-03
   17982.799    813.056  14.650  9.29814E-01  9.26346E-01  3.72707E-03
   17988.390    818.647  14.700  9.28989E-01  9.25544E-01  3.70584E-03
   17994.001    824.257  14.750  9.27810E-01  9.24743E-01  3.30287E-03
   17999.630    829.886  14.800  9.26300E-01  9.23941E-01  2.54212E-03
   18005.278    835.535  14.850  9.24551E-01  9.23139E-01  1.52374E-03
   18010.946    841.202  14.900  9.22717E-01  9.22337E-01  4.10349E-04
   18016.632    846.888  14.950  9.20974E-01  9.21535E-01 -6.06360E-04
   18022.337    852.594  15.000  9.19484E-01  9.20733E-01 -1.35059E-03
   18028.062    858.318  15.050  9.18300E-01  9.19884E-01 -1.71489E-03
   18033.805    864.062  15.100  9.17499E-01  9.19036E-01 -1.66549E-03
   18039.568    869.824  15.150  9.17010E-01  9.18187E-01 -1.27695E-03
   18045.350    875.606  15.200  9.16687E-01  9.17338E-01 -7.07706E-04
   18051.150    881.407  15.250  9.16343E-01  9.16490E-01 -1.59783E-04
   18056.970    887.226  15.300  9.15801E-01  9.15641E-01  1.74217E-04
   18062.809    893.065  15.350  9.14942E-01  9.14793E-01  1.62672E-04
   18068.667    898.923  15.400  9.13734E-01  9.13944E-01 -2.29025E-04
   18074.544    904.800  15.450  9.12245E-01  9.13095E-01 -9.27846E-04
   18080.440    910.696  15.500  9.10624E-01  9.12247E-01 -1.77091E-03
   18086.355    916.611  15.550  9.09067E-01  9.11398E-01 -2.54684E-03
   18092.289    922.545  15.600  9.07761E-01  9.10549E-01 -3.04956E-03
   18098.242    928.498  15.650  9.06842E-01  9.09701E-01 -3.13001E-03
   18104.214    934.470  15.700  9.06358E-01  9.08852E-01 -2.73241E-03
   18110.205    940.461  15.750  9.06266E-01  9.08003E-01 -1.90597E-03
   18116.215    946.472  15.800  9.06435E-01  9.07155E-01 -7.90107E-04
   18122.245    952.501  15.850  9.06690E-01  9.06306E-01  4.21750E-04
   18128.293    958.549  15.900  9.06848E-01  9.05457E-01  1.52911E-03
   18134.360    964.617  15.950  9.06761E-01  9.04609E-01  2.36931E-03
   18140.447    970.703  16.000  9.06345E-01  9.03760E-01  2.84887E-03
   18146.552    976.809  16.050  9.05580E-01  9.02891E-01  2.96598E-03
   18152.677    982.933  16.100  9.04524E-01  9.02022E-01  2.76251E-03
   18158.821    989.077  16.150  9.03269E-01  9.01153E-01  2.33874E-03
   18164.983    995.239  16.200  9.01919E-01  9.00284E-01  1.80889E-03
   18171.165   1001.421  16.250  9.00563E-01  8.99415E-01  1.27168E-03
   18177.366   1007.622  16.300  8.99260E-01  8.98546E-01  7.91417E-04
   18183.585   1013.842  16.350  8.98032E-01  8.97677E-01  3.93471E-04
   18189.824   1020.081  16.400  8.96874E-01  8.96808E-01  7.28111E-05
   18196.082   1026.338  16.450  8.95769E-01  8.95939E-01 -1.89649E-04
   18202.359   1032.615  16.500  8.94702E-01  8.95070E-01 -4.10244E-04
   18208.655   1038.911  16.550  8.93670E-01  8.94201E-01 -5.91879E-04
   18214.970   1045.226  16.600  8.92684E-01  8.93332E-01 -7.23127E-04
   18221.304   1051.561  16.650  8.91759E-01  8.92463E-01 -7.86709E-04
   18227.657   1057.914  16.700  8.90903E-01  8.91594E-01 -7.73128E-04
   18234.030   1064.286  16.750  8.90106E-01  8.90725E-01 -6.93134E-04
   18240.421   1070.677  16.800  8.89336E-01  8.89857E-01 -5.82942E-04
   18246.831   1077.087  16.850  8.88543E-01  8.88988E-01 -4.98668E-04
   18253.260   1083.517  16.900  8.87673E-01  8.88119E-01 -5.00463E-04
   18259.709   1089.965  16.950  8.86688E-01  8.87250E-01 -6.30883E-04
   18266.176   1096.433  17.000  8.85585E-01  8.86381E-01 -8.94733E-04
   18272.663   1102.919  17.050  8.84358E-01  8.85468E-01 -1.24967E-03
   18279.168   1109.425  17.100  8.83132E-01  8.84555E-01 -1.60326E-03
   18285.693   1115.949  17.150  8.82013E-01  8.83642E-01 -1.83789E-03
   18292.237   1122.493  17.200  8.81101E-01  8.82729E-01 -1.83869E-03
   18298.799   1129.056  17.250  8.80465E-01  8.81816E-01 -1.52780E-03
   18305.381   1135.637  17.300  8.80115E-01  8.80903E-01 -8.92471E-04
   18311.982   1142.238  17.350  8.79992E-01  8.79990E-01  1.93454E-06
   18318.602   1148.858  17.400  8.79976E-01  8.79077E-01  1.01926E-03
   18325.241   1155.497  17.450  8.79907E-01  8.78164E-01  1.97968E-03
   18331.898   1162.155  17.500  8.79626E-01  8.77252E-01  2.70044E-03
   18338.575   1168.832  17.550  8.79008E-01  8.76339E-01  3.03989E-03
   18345.272   1175.528  17.600  8.77999E-01  8.75426E-01  2.93295E-03
   18351.987   1182.243  17.650  8.76623E-01  8.74513E-01  2.40828E-03
   18358.721   1188.977  17.700  8.74985E-01  8.73600E-01  1.58231E-03
   18365.474   1195.730  17.750  8.73239E-01  8.72687E-01  6.31246E-04
   18372.246   1202.503  17.800  8.71554E-01  8.71774E-01 -2.51533E-04
   18379.037   1209.294  17.850  8.70075E-01  8.70861E-01 -9.01505E-04
   18385.848   1216.104  17.900  8.68885E-01  8.69948E-01 -1.22050E-03
   18392.677   1222.934  17.950  8.67994E-01  8.69035E-01 -1.19612E-03
   18399.526   1229.782  18.000  8.67341E-01  8.68123E-01 -8.98764E-04
   18406.393   1236.649  18.050  8.66764E-01  8.67165E-01 -4.61447E-04
   18413.280   1243.536  18.100  8.66180E-01  8.66208E-01 -3.24664E-05
   18420.185   1250.442  18.150  8.65471E-01  8.65250E-01  2.54714E-04
   18427.110   1257.366  18.200  8.64567E-01  8.64293E-01  3.17063E-04
   18434.054   1264.310  18.250  8.63455E-01  8.63335E-01  1.38817E-04
   18441.016   1271.273  18.300  8.62179E-01  8.62378E-01 -2.30611E-04
   18447.998   1278.254  18.350  8.60821E-01  8.61421E-01 -6.95396E-04
   18454.999   1285.255  18.400  8.59480E-01  8.60463E-01 -1.14205E-03
   18462.019   1292.275  18.450  8.58242E-01  8.59506E-01 -1.46931E-03
   18469.058   1299.314  18.500  8.57164E-01  8.58548E-01 -1.61090E-03
   18476.116   1306.372  18.550  8.56264E-01  8.57591E-01 -1.54580E-03
   18483.193   1313.449  18.600  8.55523E-01  8.56634E-01 -1.29504E-03
   18490.289   1320.545  18.650  8.54899E-01  8.55676E-01 -9.07992E-04
   18497.404   1327.660  18.700  8.54339E-01  8.54719E-01 -4.44344E-04
   18504.538   1334.795  18.750  8.53797E-01  8.53761E-01  4.20150E-05
   18511.692   1341.948  18.800  8.53241E-01  8.52804E-01  5.12026E-04
   18518.864   1349.120  18.850  8.52649E-01  8.51847E-01  9.41742E-04
   18526.055   1356.312  18.900  8.52009E-01  8.50889E-01  1.31554E-03
   18533.266   1363.522  18.950  8.51307E-01  8.49932E-01  1.61663E-03
   18540.495   1370.751  19.000  8.50520E-01  8.48974E-01  1.82013E-03
   18547.743   1378.000  19.050  8.49645E-01  8.48036E-01  1.89739E-03
   18555.011   1385.267  19.100  8.48630E-01  8.47097E-01  1.80875E-03
   18562.298   1392.554  19.150  8.47455E-01  8.46159E-01  1.53201E-03
   18569.603   1399.860  19.200  8.46127E-01  8.45220E-01  1.07274E-03
   18576.928   1407.184  19.250  8.44682E-01  8.44281E-01  4.74267E-04
   18584.272   1414.528  19.300  8.43189E-01  8.43343E-01 -1.82303E-04
   18591.634   1421.891  19.350  8.41738E-01  8.42404E-01 -7.90422E-04
   18599.016   1429.273  19.400  8.40421E-01  8.41465E-01 -1.24088E-03
   18606.417   1436.674  19.450  8.39309E-01  8.40527E-01 -1.44945E-03
   18613.837   1444.093  19.500  8.38429E-01  8.39588E-01 -1.38144E-03
   18621.276   1451.532  19.550  8.37756E-01  8.38649E-01 -1.06532E-03
   18628.734   1458.991  19.600  8.37217E-01  8.37711E-01 -5.90348E-04
   18636.211   1466.468  19.650  8.36699E-01  8.36772E-01 -8.71512E-05
   18643.707   1473.964  19.700  8.36088E-01  8.35834E-01  3.04308E-04
   18651.223   1481.479  19.750  8.35288E-01  8.34895E-01  4.71299E-04
   18658.757   1489.013  19.800  8.34256E-01  8.33956E-01  3.59413E-04
   18666.310   1496.566  19.850  8.33009E-01  8.33018E-01 -1.07350E-05
   18673.882   1504.139  19.900  8.31625E-01  8.32079E-01 -5.46340E-04
   18681.474   1511.730  19.950  8.30223E-01  8.31140E-01 -1.10462E-03
   18689.084   1519.341  20.000  8.28934E-01  8.30202E-01 -1.52884E-03
