# comment: None given                          Feff8L (EXAFS)       0.1      
# Source:
# Structure Summary:  Fe6 O8
# Reduced formula:  Fe3O4
# space group: (F-43m), space number:  (216)
# abc:  6.432635   6.432635   6.432635
# angles: 60.000000  60.000000  60.000000
# sites: 14
# mp-611817
# POT  Non-SCF, core-hole, AFOLP (folp(0)= 1.150)
# Abs   Z=26 Rmt= 1.319 Rnm= 1.463 K  shell
# Pot 1 Z=26 Rmt= 1.382 Rnm= 1.457
# Pot 2 Z= 8 Rmt= 1.018 Rnm= 1.105
# Gam_ch=1.309E+00 H-L exch
# Mu=-2.234E+00 kf=2.107E+00 Vint=-1.914E+01 Rs_int= 1.721
# PATH  Rmax= 6.000,  Keep_limit= 0.00, Heap_limit 0.00  Pwcrit= 2.50%
#  S02=1.000                                        Global_sig2= 0.00000
#  Curved wave amplitude ratio filter   4.000%
#     file         sig2 tot  cw amp ratio   deg  nlegs   reff  inp sig2
#           1       0.00000    100.00      4.00     2   2.0131
#           2       0.00000     13.69     12.00     3   3.6569
#           3       0.00000     77.84     12.00     2   3.7280
#           4       0.00000     64.28     12.00     2   3.8194
#           5       0.00000     37.06     24.00     3   3.9058
#           6       0.00000      5.12      4.00     4   4.0263
#           7       0.00000      4.78     12.00     4   4.0263
#           8       0.00000     11.18     12.00     4   4.0836
#           9       0.00000     24.84     48.00     3   4.5283
#          10       0.00000     23.43      6.00     2   4.5486
#          12       0.00000     32.52     12.00     2   4.9279
#          13       0.00000     13.77     48.00     3   4.9619
#          14       0.00000     40.47     24.00     3   5.0431
#          15       0.00000      9.53     24.00     3   5.0513
#          16       0.00000      6.87     24.00     3   5.0643
#          17       0.00000     16.50     12.00     4   5.1583
#          18       0.00000      6.43     24.00     3   5.1629
#          20       0.00000      7.81     48.00     4   5.2421
#          21       0.00000      5.45     24.00     3   5.2737
#          22       0.00000      4.51     24.00     3   5.2895
#          23       0.00000      8.61     12.00     4   5.3006
#          24       0.00000     13.68     48.00     3   5.3632
#          25       0.00000     14.33     48.00     3   5.3921
#          26       0.00000      9.66     48.00     4   5.4784
#          27       0.00000     11.55     48.00     4   5.5410
#          28       0.00000      7.16     48.00     4   5.5495
#          30       0.00000      4.54     48.00     4   5.5699
#          31       0.00000      8.97      4.00     2   5.5758
#          32       0.00000     19.98      8.00     3   5.5758
#          33       0.00000     11.11      4.00     4   5.5758
#          34       0.00000      9.49     48.00     5   5.6562
#          35       0.00000      5.28     24.00     5   5.6700
#          36       0.00000     20.45     24.00     3   5.7244
#          37       0.00000      4.12     48.00     3   5.7275
#          39       0.00000     21.33     12.00     2   5.7279
#          41       0.00000      4.65     24.00     4   5.7411
#          43       0.00000      8.32     24.00     4   5.8325
#          44       0.00000      7.21     48.00     4   5.8325
#          45       0.00000      6.98     24.00     3   5.9162
#          50       0.00000      7.03     48.00     3   5.9857
#    40/  46 paths used
#  -----------------------------------------------------------------------
#       k          chi          mag           phase @#
     0.0500   -4.678479E-01  8.359407E-01 -5.939832E-01
     0.1000   -4.631944E-01  8.364120E-01 -5.869060E-01
     0.1500   -4.490863E-01  8.377606E-01 -5.657577E-01
     0.2000   -4.346537E-01  8.389927E-01 -5.445884E-01
     0.2500   -4.100311E-01  8.408267E-01 -5.093987E-01
     0.3000   -3.846013E-01  8.423414E-01 -4.741541E-01
     0.3500   -3.480167E-01  8.440175E-01 -4.250139E-01
     0.4000   -3.101395E-01  8.450820E-01 -3.757748E-01
     0.4500   -2.602700E-01  8.457273E-01 -3.128242E-01
     0.5000   -2.089293E-01  8.453942E-01 -2.497259E-01
     0.5500   -1.453717E-01  8.439623E-01 -1.731124E-01
     0.6000   -8.087827E-02  8.411312E-01 -9.630296E-02
     0.6500   -5.336803E-03  8.364644E-01 -6.380234E-03
     0.7000    6.945718E-02  8.299623E-01  8.378514E-02
     0.7500    1.524124E-01  8.208923E-01  1.867504E-01
     0.8000    2.314972E-01  8.095678E-01  2.899993E-01
     0.8500    3.137180E-01  7.950292E-01  4.056318E-01
     0.9000    3.875787E-01  7.778808E-01  5.215786E-01
     0.9500    4.578094E-01  7.569650E-01  6.495097E-01
     1.0000    5.144958E-01  7.332011E-01  7.777973E-01
     1.0500    5.601585E-01  7.053501E-01  9.176186E-01
     1.1000    5.877566E-01  6.745765E-01  1.057839E+00
     1.1500    5.982825E-01  6.396466E-01  1.209199E+00
     1.2000    5.887290E-01  6.019234E-01  1.361030E+00
     1.2500    5.596305E-01  5.602522E-01  1.523681E+00
     1.3000    5.126716E-01  5.161500E-01  1.686957E+00
     1.3500    4.490411E-01  4.686305E-01  1.860955E+00
     1.4000    3.747279E-01  4.192800E-01  2.035975E+00
     1.4500    2.921234E-01  3.673230E-01  2.222129E+00
     1.5000    2.098926E-01  3.143574E-01  2.410494E+00
     1.5500    1.312474E-01  2.598773E-01  2.612169E+00
     1.6000    6.480199E-02  2.054071E-01  2.820630E+00
     1.6500    1.324938E-02  1.508130E-01  3.053626E+00
     1.7000   -1.781555E-02  9.761737E-02  3.325125E+00
     1.7500   -2.795517E-02  4.736890E-02  3.772848E+00
     1.8000   -1.656898E-02  2.273030E-02  5.466416E+00
     1.8500    1.330481E-02  6.083917E-02  6.503655E+00
     1.9000    5.744899E-02  1.047003E-01  6.863993E+00
     1.9500    1.096102E-01  1.459499E-01  7.132780E+00
     2.0000    1.631477E-01  1.838000E-01  7.375375E+00
     2.0500    2.105196E-01  2.169476E-01  7.609945E+00
     2.1000    2.458555E-01  2.458861E-01  7.838191E+00
     2.1500    2.645633E-01  2.704230E-01  8.062534E+00
     2.2000    2.639578E-01  2.904142E-01  8.284136E+00
     2.2500    2.414189E-01  3.027409E-01  8.501731E+00
     2.3000    2.024878E-01  3.107216E-01  8.714995E+00
     2.3500    1.509833E-01  3.147625E-01  8.924495E+00
     2.4000    9.137352E-02  3.152612E-01  9.130724E+00
     2.4500    2.871736E-02  3.108625E-01  9.332266E+00
     2.5000   -3.118462E-02  3.037015E-01  9.527641E+00
     2.5500   -8.489645E-02  2.943582E-01  9.717346E+00
     2.6000   -1.301276E-01  2.833196E-01  9.901980E+00
     2.6500   -1.641283E-01  2.728492E-01  1.007020E+01
     2.7000   -1.900182E-01  2.626599E-01  1.023355E+01
     2.7500   -2.083750E-01  2.529290E-01  1.039294E+01
     2.8000   -2.198735E-01  2.437287E-01  1.054945E+01
     2.8500   -2.269688E-01  2.369700E-01  1.070401E+01
     2.9000   -2.287960E-01  2.309620E-01  1.085851E+01
     2.9500   -2.254924E-01  2.255320E-01  1.101432E+01
     3.0000   -2.169855E-01  2.204265E-01  1.117250E+01
     3.0500   -2.030469E-01  2.153668E-01  1.133545E+01
     3.1000   -1.838825E-01  2.101519E-01  1.150094E+01
     3.1500   -1.599388E-01  2.046240E-01  1.166911E+01
     3.2000   -1.319389E-01  1.986303E-01  1.183989E+01
     3.2500   -1.012056E-01  1.926267E-01  1.201319E+01
     3.3000   -6.870935E-02  1.860246E-01  1.218805E+01
     3.3500   -3.597088E-02  1.788506E-01  1.236387E+01
     3.4000   -4.503153E-03  1.711744E-01  1.254006E+01
     3.4500    2.480557E-02  1.637049E-01  1.271848E+01
     3.5000    5.058385E-02  1.558621E-01  1.289690E+01
     3.5500    7.198422E-02  1.477674E-01  1.307519E+01
     3.6000    8.851318E-02  1.395327E-01  1.325354E+01
     3.6500    1.005381E-01  1.314204E-01  1.343743E+01
     3.7000    1.072280E-01  1.230965E-01  1.362379E+01
     3.7500    1.086015E-01  1.145425E-01  1.381368E+01
     3.8000    1.048296E-01  1.057044E-01  1.400843E+01
     3.8500    9.587408E-02  9.616362E-02  1.421479E+01
     3.9000    8.232428E-02  8.595166E-02  1.442872E+01
     3.9500    6.528003E-02  7.501399E-02  1.465228E+01
     4.0000    4.626336E-02  6.332516E-02  1.488881E+01
     4.0500    2.687355E-02  5.036728E-02  1.514517E+01
     4.1000    9.907568E-03  3.671164E-02  1.543470E+01
     4.1500   -2.368293E-03  2.271202E-02  1.581243E+01
     4.2000   -8.100177E-03  1.023086E-02  1.662162E+01
     4.2500   -5.580442E-03  1.280468E-02  1.839861E+01
     4.3000    5.024630E-03  2.732630E-02  1.903448E+01
     4.3500    2.239605E-02  4.292772E-02  1.939842E+01
     4.4000    4.402425E-02  5.835696E-02  1.970429E+01
     4.4500    6.733122E-02  7.368623E-02  2.000199E+01
     4.5000    8.726404E-02  8.803173E-02  2.028819E+01
     4.5500    9.995297E-02  1.010677E-01  2.056902E+01
     4.6000    1.024287E-01  1.125331E-01  2.084736E+01
     4.6500    9.297225E-02  1.225431E-01  2.112985E+01
     4.7000    7.162532E-02  1.305795E-01  2.141056E+01
     4.7500    4.048980E-02  1.365102E-01  2.169001E+01
     4.8000    3.181399E-03  1.402558E-01  2.196846E+01
     4.8500   -3.644925E-02  1.420208E-01  2.225070E+01
     4.9000   -7.280270E-02  1.415830E-01  2.253123E+01
     4.9500   -1.015292E-01  1.390259E-01  2.280990E+01
     5.0000   -1.195608E-01  1.344839E-01  2.308638E+01
     5.0500   -1.257301E-01  1.282523E-01  2.336330E+01
     5.1000   -1.201104E-01  1.204423E-01  2.363620E+01
     5.1500   -1.048696E-01  1.113185E-01  2.390400E+01
     5.2000   -8.332615E-02  1.011789E-01  2.416510E+01
     5.2500   -5.922235E-02  9.045283E-02  2.441891E+01
     5.3000   -3.618040E-02  7.939728E-02  2.465960E+01
     5.3500   -1.697429E-02  6.840918E-02  2.488199E+01
     5.4000   -3.133518E-03  5.793042E-02  2.507862E+01
     5.4500    5.277990E-03  4.856612E-02  2.524163E+01
     5.5000    9.122986E-03  4.077311E-02  2.535840E+01
     5.5500    1.012712E-02  3.513400E-02  2.542513E+01
     5.6000    1.024363E-02  3.202109E-02  2.545837E+01
     5.6500    1.118776E-02  3.121298E-02  2.549933E+01
     5.7000    1.382351E-02  3.195105E-02  2.558017E+01
     5.7500    1.826099E-02  3.331501E-02  2.571287E+01
     5.8000    2.380447E-02  3.457276E-02  2.589220E+01
     5.8500    2.911452E-02  3.519212E-02  2.610703E+01
     5.9000    3.282136E-02  3.499987E-02  2.634885E+01
     5.9500    3.376347E-02  3.390460E-02  2.661226E+01
     6.0000    3.133532E-02  3.191619E-02  2.689462E+01
     6.0500    2.569985E-02  2.903051E-02  2.718726E+01
     6.1000    1.783085E-02  2.545616E-02  2.749830E+01
     6.1500    9.086551E-03  2.136399E-02  2.783502E+01
     6.2000    1.010890E-03  1.698610E-02  2.821479E+01
     6.2500   -4.995400E-03  1.268383E-02  2.867914E+01
     6.3000   -7.954381E-03  9.187336E-03  2.932108E+01
     6.3500   -7.481267E-03  7.988922E-03  3.020354E+01
     6.4000   -3.816977E-03  9.897153E-03  3.102000E+01
     6.4500    2.270301E-03  1.344804E-02  3.158556E+01
     6.5000    9.677358E-03  1.741877E-02  3.200498E+01
     6.5500    1.731553E-02  2.123852E-02  3.236915E+01
     6.6000    2.382690E-02  2.491801E-02  3.268970E+01
     6.6500    2.838879E-02  2.838896E-02  3.298325E+01
     6.7000    3.048890E-02  3.165265E-02  3.325873E+01
     6.7500    2.989366E-02  3.474820E-02  3.352167E+01
     6.8000    2.657440E-02  3.773281E-02  3.377611E+01
     6.8500    2.063242E-02  4.066607E-02  3.402540E+01
     6.9000    1.225813E-02  4.359648E-02  3.427250E+01
     6.9500    1.742598E-03  4.655123E-02  3.452008E+01
     7.0000   -1.046363E-02  4.953022E-02  3.477038E+01
     7.0500   -2.401165E-02  5.265234E-02  3.503106E+01
     7.1000   -3.755811E-02  5.571294E-02  3.529731E+01
     7.1500   -4.972476E-02  5.862890E-02  3.556996E+01
     7.2000   -5.893915E-02  6.130757E-02  3.584945E+01
     7.2500   -6.365284E-02  6.365472E-02  3.613599E+01
     7.3000   -6.262736E-02  6.558182E-02  3.642962E+01
     7.3500   -5.523042E-02  6.701213E-02  3.673035E+01
     7.4000   -4.167191E-02  6.788564E-02  3.703818E+01
     7.4500   -2.311292E-02  6.816279E-02  3.735317E+01
     7.5000   -1.602446E-03  6.782724E-02  3.767548E+01
     7.5500    2.033764E-02  6.680516E-02  3.800845E+01
     7.6000    3.943450E-02  6.517226E-02  3.834898E+01
     7.6500    5.295436E-02  6.298812E-02  3.869769E+01
     7.7000    5.895593E-02  6.033835E-02  3.905544E+01
     7.7500    5.666018E-02  5.733281E-02  3.942324E+01
     7.8000    4.661620E-02  5.410315E-02  3.980226E+01
     7.8500    3.062435E-02  5.079892E-02  4.019363E+01
     7.9000    1.142618E-02  4.758116E-02  4.059819E+01
     7.9500   -7.782143E-03  4.461193E-02  4.101604E+01
     8.0000   -2.391906E-02  4.203814E-02  4.144598E+01
     8.0500   -3.453656E-02  3.985011E-02  4.188918E+01
     8.1000   -3.812339E-02  3.822746E-02  4.233769E+01
     8.1500   -3.459210E-02  3.716195E-02  4.278557E+01
     8.2000   -2.508031E-02  3.657251E-02  4.322664E+01
     8.2500   -1.165125E-02  3.632366E-02  4.365576E+01
     8.3000    3.160588E-03  3.625539E-02  4.406958E+01
     8.3500    1.685517E-02  3.621241E-02  4.446644E+01
     8.4000    2.741620E-02  3.606514E-02  4.484590E+01
     8.4500    3.361606E-02  3.572080E-02  4.520810E+01
     8.5000    3.512720E-02  3.512720E-02  4.555335E+01
     8.5500    3.250429E-02  3.438499E-02  4.588536E+01
     8.6000    2.664947E-02  3.341134E-02  4.620055E+01
     8.6500    1.887728E-02  3.225609E-02  4.649872E+01
     8.7000    1.046339E-02  3.099709E-02  4.677957E+01
     8.7500    2.402102E-03  2.973422E-02  4.704302E+01
     8.8000   -4.719863E-03  2.858001E-02  4.728980E+01
     8.8500   -1.071873E-02  2.764507E-02  4.752205E+01
     8.9000   -1.569706E-02  2.701834E-02  4.774382E+01
     8.9500   -1.986176E-02  2.674633E-02  4.796083E+01
     9.0000   -2.333907E-02  2.681978E-02  4.817954E+01
     9.0500   -2.615118E-02  2.723681E-02  4.841140E+01
     9.1000   -2.779802E-02  2.782086E-02  4.865417E+01
     9.1500   -2.780925E-02  2.846390E-02  4.890957E+01
     9.2000   -2.573383E-02  2.906141E-02  4.917792E+01
     9.2500   -2.131845E-02  2.952297E-02  4.945865E+01
     9.3000   -1.465687E-02  2.977773E-02  4.975086E+01
     9.3500   -6.263472E-03  2.977626E-02  5.005355E+01
     9.4000    2.955702E-03  2.949018E-02  5.036588E+01
     9.4500    1.183444E-02  2.891091E-02  5.068721E+01
     9.5000    1.915334E-02  2.804773E-02  5.101719E+01
     9.5500    2.390209E-02  2.691837E-02  5.135834E+01
     9.6000    2.534986E-02  2.555851E-02  5.170841E+01
     9.6500    2.337785E-02  2.401935E-02  5.206791E+01
     9.7000    1.843958E-02  2.236226E-02  5.243761E+01
     9.7500    1.146991E-02  2.065615E-02  5.281838E+01
     9.8000    3.696214E-03  1.897418E-02  5.321102E+01
     9.8500   -3.603837E-03  1.738941E-02  5.361583E+01
     9.9000   -9.342538E-03  1.596883E-02  5.403201E+01
     9.9500   -1.280719E-02  1.476562E-02  5.445696E+01
    10.0000   -1.375229E-02  1.381085E-02  5.488576E+01
    10.0500   -1.233331E-02  1.306974E-02  5.531516E+01
    10.1000   -9.131214E-03  1.256618E-02  5.573523E+01
    10.1500   -4.891698E-03  1.226446E-02  5.613840E+01
    10.2000   -3.609959E-04  1.212318E-02  5.651889E+01
    10.2500    3.863715E-03  1.211026E-02  5.687339E+01
    10.3000    7.415532E-03  1.221311E-02  5.720117E+01
    10.3500    1.015791E-02  1.244158E-02  5.750390E+01
    10.4000    1.211484E-02  1.282323E-02  5.778552E+01
    10.4500    1.336199E-02  1.339251E-02  5.805193E+01
    10.5000    1.392007E-02  1.417720E-02  5.831021E+01
    10.5500    1.368910E-02  1.518685E-02  5.856732E+01
    10.6000    1.244881E-02  1.640752E-02  5.882891E+01
    10.6500    9.928904E-03  1.780326E-02  5.909865E+01
    10.7000    5.930213E-03  1.932203E-02  5.937831E+01
    10.7500    4.596417E-04  2.090282E-02  5.966827E+01
    10.8000   -6.165387E-03  2.248165E-02  5.996806E+01
    10.8500   -1.328245E-02  2.399619E-02  6.027685E+01
    10.9000   -1.994211E-02  2.538881E-02  6.059371E+01
    10.9500   -2.505656E-02  2.660882E-02  6.091780E+01
    11.0000   -2.761170E-02  2.761392E-02  6.124840E+01
    11.0500   -2.696207E-02  2.846664E-02  6.158763E+01
    11.1000   -2.274165E-02  2.904835E-02  6.193256E+01
    11.1500   -1.531111E-02  2.934275E-02  6.228289E+01
    11.2000   -5.637978E-03  2.934430E-02  6.263852E+01
    11.2500    4.848029E-03  2.905817E-02  6.299948E+01
    11.3000    1.450803E-02  2.849997E-02  6.336594E+01
    11.3500    2.180344E-02  2.769511E-02  6.373822E+01
    11.4000    2.559498E-02  2.667798E-02  6.411674E+01
    11.4500    2.536501E-02  2.549074E-02  6.450201E+01
    11.5000    2.131409E-02  2.418186E-02  6.489461E+01
    11.5500    1.431078E-02  2.280411E-02  6.529504E+01
    11.6000    5.707219E-03  2.141214E-02  6.570364E+01
    11.6500   -2.936951E-03  2.005929E-02  6.612039E+01
    11.7000   -1.016032E-02  1.879373E-02  6.654462E+01
    11.7500   -1.486865E-02  1.765404E-02  6.697484E+01
    11.8000   -1.651169E-02  1.666492E-02  6.740853E+01
    11.8500   -1.513629E-02  1.583417E-02  6.784224E+01
    11.9000   -1.131411E-02  1.515230E-02  6.827196E+01
    11.9500   -5.970681E-03  1.459547E-02  6.869360E+01
    12.0000   -1.630273E-04  1.413138E-02  6.910350E+01
    12.0500    5.184181E-03  1.374904E-02  6.950166E+01
    12.1000    9.305352E-03  1.339091E-02  6.988332E+01
    12.1500    1.180316E-02  1.303855E-02  7.024701E+01
    12.2000    1.263021E-02  1.268628E-02  7.059179E+01
    12.2500    1.201313E-02  1.234208E-02  7.091723E+01
    12.3000    1.032894E-02  1.202630E-02  7.122359E+01
    12.3500    7.974584E-03  1.176825E-02  7.151209E+01
    12.4000    5.267109E-03  1.160039E-02  7.178533E+01
    12.4500    2.398750E-03  1.155072E-02  7.204744E+01
    12.5000   -5.481519E-04  1.163496E-02  7.230376E+01
    12.5500   -3.540645E-03  1.185119E-02  7.256002E+01
    12.6000   -6.516970E-03  1.217894E-02  7.282126E+01
    12.6500   -9.322923E-03  1.258302E-02  7.309106E+01
    12.7000   -1.168915E-02  1.301977E-02  7.337138E+01
    12.7500   -1.326174E-02  1.344346E-02  7.366282E+01
    12.8000   -1.368057E-02  1.381122E-02  7.396508E+01
    12.8500   -1.268385E-02  1.408617E-02  7.427743E+01
    12.9000   -1.020711E-02  1.423920E-02  7.459898E+01
    12.9500   -6.445022E-03  1.424960E-02  7.492889E+01
    13.0000   -1.852942E-03  1.410527E-02  7.526648E+01
    13.0500    2.950309E-03  1.381778E-02  7.561340E+01
    13.1000    7.198982E-03  1.336862E-02  7.596688E+01
    13.1500    1.022477E-02  1.276784E-02  7.632689E+01
    13.2000    1.157867E-02  1.203196E-02  7.669366E+01
    13.2500    1.112871E-02  1.118310E-02  7.706769E+01
    13.3000    9.086305E-03  1.024810E-02  7.744980E+01
    13.3500    5.954016E-03  9.257425E-03  7.784120E+01
    13.4000    2.407685E-03  8.244020E-03  7.824344E+01
    13.4500   -8.574117E-04  7.242038E-03  7.865849E+01
    13.5000   -3.277923E-03  6.285219E-03  7.908846E+01
    13.5500   -4.534293E-03  5.404728E-03  7.953517E+01
    13.6000   -4.597255E-03  4.626018E-03  7.999904E+01
    13.6500   -3.700750E-03  3.964450E-03  8.047740E+01
    13.7000   -2.252396E-03  3.420399E-03  8.096256E+01
    13.7500   -7.085174E-04  2.976557E-03  8.144107E+01
    13.8000    5.511804E-04  2.601377E-03  8.189491E+01
    13.8500    1.315671E-03  2.260293E-03  8.230269E+01
    13.9000    1.578372E-03  1.932876E-03  8.263689E+01
    13.9500    1.509960E-03  1.636544E-03  8.285631E+01
    14.0000    1.379341E-03  1.460533E-03  8.291720E+01
    14.0500    1.441620E-03  1.543468E-03  8.288690E+01
    14.1000    1.841588E-03  1.953155E-03  8.291258E+01
    14.1500    2.571830E-03  2.618104E-03  8.306391E+01
    14.2000    3.440978E-03  3.445687E-03  8.330449E+01
    14.2500    4.118307E-03  4.372943E-03  8.359514E+01
    14.3000    4.226934E-03  5.355865E-03  8.391347E+01
    14.3500    3.460032E-03  6.358996E-03  8.424767E+01
    14.4000    1.687368E-03  7.351111E-03  8.459140E+01
    14.4500   -9.786046E-04  8.303852E-03  8.494113E+01
    14.5000   -4.177491E-03  9.191563E-03  8.529480E+01
    14.5500   -7.361030E-03  9.991550E-03  8.565122E+01
    14.6000   -9.905745E-03  1.068449E-02  8.600964E+01
    14.6500   -1.125153E-02  1.125481E-02  8.636965E+01
    14.7000   -1.103253E-02  1.169103E-02  8.673103E+01
    14.7500   -9.168237E-03  1.198592E-02  8.709368E+01
    14.8000   -5.892648E-03  1.213664E-02  8.745763E+01
    14.8500   -1.714114E-03  1.214464E-02  8.782298E+01
    14.9000    2.684519E-03  1.201555E-02  8.818992E+01
    14.9500    6.582252E-03  1.175881E-02  8.855870E+01
    15.0000    9.361620E-03  1.138737E-02  8.892969E+01
    15.0500    1.065818E-02  1.094634E-02  8.930543E+01
    15.1000    1.030867E-02  1.042394E-02  8.968424E+01
    15.1500    8.483750E-03  9.840129E-03  9.006667E+01
    15.2000    5.598502E-03  9.216249E-03  9.045333E+01
    15.2500    2.215521E-03  8.574317E-03  9.084483E+01
    15.3000   -1.072561E-03  7.936278E-03  9.124175E+01
    15.3500   -3.754222E-03  7.323187E-03  9.164445E+01
    15.4000   -5.481211E-03  6.754274E-03  9.205293E+01
    15.4500   -6.108089E-03  6.245912E-03  9.246652E+01
    15.5000   -5.686873E-03  5.810528E-03  9.288366E+01
    15.5500   -4.424989E-03  5.455661E-03  9.330178E+01
    15.6000   -2.621897E-03  5.183495E-03  9.371745E+01
    15.6500   -6.020576E-04  4.991182E-03  9.412686E+01
    15.7000    1.340524E-03  4.872048E-03  9.452652E+01
    15.7500    2.976955E-03  4.817354E-03  9.491393E+01
    15.8000    4.155489E-03  4.817980E-03  9.528796E+01
    15.8500    4.795626E-03  4.865517E-03  9.564888E+01
    15.9000    4.872954E-03  4.952535E-03  9.599809E+01
    15.9500    4.403846E-03  5.072222E-03  9.633775E+01
    16.0000    3.436528E-03  5.217725E-03  9.667038E+01
    16.0500    2.047367E-03  5.389238E-03  9.699968E+01
    16.1000    3.484810E-04  5.572325E-03  9.732679E+01
    16.1500   -1.503044E-03  5.757939E-03  9.765347E+01
    16.2000   -3.310912E-03  5.936190E-03  9.798105E+01
    16.2500   -4.854586E-03  6.096808E-03  9.831044E+01
    16.3000   -5.917509E-03  6.229686E-03  9.864225E+01
    16.3500   -6.324530E-03  6.325404E-03  9.897680E+01
    16.4000   -5.980269E-03  6.375701E-03  9.931421E+01
    16.4500   -4.898091E-03  6.373845E-03  9.965452E+01
    16.5000   -3.210340E-03  6.314910E-03  9.999767E+01
    16.5500   -1.154404E-03  6.195950E-03  1.003436E+02
    16.6000    9.649930E-04  6.016082E-03  1.006921E+02
    16.6500    2.830572E-03  5.776478E-03  1.010431E+02
    16.7000    4.172779E-03  5.480282E-03  1.013965E+02
    16.7500    4.821865E-03  5.132457E-03  1.017521E+02
    16.8000    4.739421E-03  4.739574E-03  1.021098E+02
    16.8500    4.021642E-03  4.309548E-03  1.024694E+02
    16.9000    2.873300E-03  3.851340E-03  1.028304E+02
    16.9500    1.558562E-03  3.374628E-03  1.031925E+02
    17.0000    3.404685E-04  2.889481E-03  1.035545E+02
    17.0500   -5.712127E-04  2.407044E-03  1.039122E+02
    17.1000   -1.072621E-03  1.931280E-03  1.042614E+02
    17.1500   -1.170761E-03  1.472517E-03  1.045917E+02
    17.2000   -9.742710E-04  1.043490E-03  1.048771E+02
    17.2500   -6.539712E-04  6.675998E-04  1.050409E+02
    17.3000   -3.887178E-04  4.191884E-04  1.048597E+02
    17.3500   -3.112265E-04  4.562093E-04  1.044233E+02
    17.4000   -4.685594E-04  6.882973E-04  1.044213E+02
    17.4500   -8.080949E-04  9.558246E-04  1.046800E+02
    17.5000   -1.193041E-03  1.218789E-03  1.050374E+02
    17.5500   -1.443624E-03  1.472376E-03  1.054413E+02
    17.6000   -1.393037E-03  1.720893E-03  1.058709E+02
    17.6500   -9.429695E-04  1.971485E-03  1.063154E+02
    17.7000   -1.031792E-04  2.231527E-03  1.067679E+02
    17.7500    9.966714E-04  2.506979E-03  1.072230E+02
    17.8000    2.127722E-03  2.801336E-03  1.076768E+02
    17.8500    3.011551E-03  3.115165E-03  1.081263E+02
    17.9000    3.387378E-03  3.446155E-03  1.085699E+02
    17.9500    3.080428E-03  3.789546E-03  1.090067E+02
    18.0000    2.054082E-03  4.138737E-03  1.094364E+02
    18.0500    4.217436E-04  4.481878E-03  1.098615E+02
    18.1000   -1.540238E-03  4.816718E-03  1.102812E+02
    18.1500   -3.463239E-03  5.135591E-03  1.106958E+02
    18.2000   -4.956899E-03  5.430794E-03  1.111057E+02
    18.2500   -5.694262E-03  5.694939E-03  1.115111E+02
    18.3000   -5.485691E-03  5.921250E-03  1.119125E+02
    18.3500   -4.323948E-03  6.103810E-03  1.123101E+02
    18.4000   -2.389530E-03  6.237770E-03  1.127042E+02
    18.4500   -1.477648E-05  6.319507E-03  1.130950E+02
    18.5000    2.384931E-03  6.346743E-03  1.134826E+02
    18.5500    4.396851E-03  6.318629E-03  1.138669E+02
    18.6000    5.693674E-03  6.235782E-03  1.142481E+02
    18.6500    6.094827E-03  6.100297E-03  1.146258E+02
    18.7000    5.593349E-03  5.915720E-03  1.149998E+02
    18.7500    4.344080E-03  5.686999E-03  1.153697E+02
    18.8000    2.618307E-03  5.420413E-03  1.157348E+02
    18.8500    7.377262E-04  5.123489E-03  1.160944E+02
    18.9000   -9.952339E-04  4.804913E-03  1.164476E+02
    18.9500   -2.354090E-03  4.474433E-03  1.167930E+02
    19.0000   -3.219901E-03  4.142753E-03  1.171292E+02
    19.0500   -3.582460E-03  3.821410E-03  1.174542E+02
    19.1000   -3.517223E-03  3.520553E-03  1.177662E+02
    19.1500   -3.148546E-03  3.253492E-03  1.180644E+02
    19.2000   -2.601622E-03  3.032810E-03  1.183495E+02
    19.2500   -1.967681E-03  2.868667E-03  1.186247E+02
    19.3000   -1.289307E-03  2.766732E-03  1.188958E+02
    19.3500   -5.683602E-04  2.726667E-03  1.191705E+02
    19.4000    2.084994E-04  2.742235E-03  1.194566E+02
    19.4500    1.037386E-03  2.803240E-03  1.197596E+02
    19.5000    1.870764E-03  2.898301E-03  1.200822E+02
    19.5500    2.607990E-03  3.017149E-03  1.204245E+02
    19.6000    3.108306E-03  3.151813E-03  1.207850E+02
    19.6500    3.224376E-03  3.296797E-03  1.211613E+02
    19.7000    2.847429E-03  3.448639E-03  1.215507E+02
    19.7500    1.950507E-03  3.605197E-03  1.219505E+02
    19.8000    6.157346E-04  3.764899E-03  1.223578E+02
    19.8500   -9.648068E-04  3.926097E-03  1.227704E+02
    19.9000   -2.518022E-03  4.086586E-03  1.231860E+02
    19.9500   -3.743615E-03  4.243339E-03  1.236027E+02
    20.0000   -4.380444E-03  4.392438E-03  1.240190E+02
