# comment: None given                          Feff8L (EXAFS)       0.1      
# Source:
# Structure Summary:  Fe6 O8
# Reduced formula:  Fe3O4
# space group: (F-43m), space number:  (216)
# abc:  6.432635   6.432635   6.432635
# angles: 60.000000  60.000000  60.000000
# sites: 14
# mp-611817
# POT  Non-SCF, core-hole, AFOLP (folp(0)= 1.150)
# Abs   Z=26 Rmt= 1.319 Rnm= 1.463 K  shell
# Pot 1 Z=26 Rmt= 1.382 Rnm= 1.457
# Pot 2 Z= 8 Rmt= 1.018 Rnm= 1.105
# Gam_ch=1.309E+00 H-L exch
# Mu=-2.234E+00 kf=2.107E+00 Vint=-1.914E+01 Rs_int= 1.721
# PATH  Rmax= 6.000,  Keep_limit= 0.00, Heap_limit 0.00  Pwcrit= 2.50%
#  S02=1.000                                        Global_sig2= 0.00000
#  Curved wave amplitude ratio filter   4.000%
#     file         sig2 tot  cw amp ratio   deg  nlegs   reff  inp sig2
#           1       0.00000    100.00      4.00     2   2.0131
#           2       0.00000     13.69     12.00     3   3.6569
#           3       0.00000     77.84     12.00     2   3.7280
#           4       0.00000     64.28     12.00     2   3.8194
#           5       0.00000     37.06     24.00     3   3.9058
#           6       0.00000      5.12      4.00     4   4.0263
#           7       0.00000      4.78     12.00     4   4.0263
#           8       0.00000     11.18     12.00     4   4.0836
#           9       0.00000     24.84     48.00     3   4.5283
#          10       0.00000     23.43      6.00     2   4.5486
#          12       0.00000     32.52     12.00     2   4.9279
#          13       0.00000     13.77     48.00     3   4.9619
#          14       0.00000     40.47     24.00     3   5.0431
#          15       0.00000      9.53     24.00     3   5.0513
#          16       0.00000      6.87     24.00     3   5.0643
#          17       0.00000     16.50     12.00     4   5.1583
#          18       0.00000      6.43     24.00     3   5.1629
#          20       0.00000      7.81     48.00     4   5.2421
#          21       0.00000      5.45     24.00     3   5.2737
#          22       0.00000      4.51     24.00     3   5.2895
#          23       0.00000      8.61     12.00     4   5.3006
#          24       0.00000     13.68     48.00     3   5.3632
#          25       0.00000     14.33     48.00     3   5.3921
#          26       0.00000      9.66     48.00     4   5.4784
#          27       0.00000     11.55     48.00     4   5.5410
#          28       0.00000      7.16     48.00     4   5.5495
#          30       0.00000      4.54     48.00     4   5.5699
#          31       0.00000      8.97      4.00     2   5.5758
#          32       0.00000     19.98      8.00     3   5.5758
#          33       0.00000     11.11      4.00     4   5.5758
#          34       0.00000      9.49     48.00     5   5.6562
#          35       0.00000      5.28     24.00     5   5.6700
#          36       0.00000     20.45     24.00     3   5.7244
#          37       0.00000      4.12     48.00     3   5.7275
#          39       0.00000     21.33     12.00     2   5.7279
#          41       0.00000      4.65     24.00     4   5.7411
#          43       0.00000      8.32     24.00     4   5.8325
#          44       0.00000      7.21     48.00     4   5.8325
#          45       0.00000      6.98     24.00     3   5.9162
#          50       0.00000      7.03     48.00     3   5.9857
#    40/  46 paths used
#  xsedge+50, used to normalize mu           3.2217E-04
#  -----------------------------------------------------------------------
#  omega    e    k    mu    mu0     chi     @#
    7115.690     -2.225   0.050  4.91591E-02  4.26844E-01 -4.67848E-01
    7115.719     -2.196   0.100  6.03243E-02  4.34503E-01 -4.63194E-01
    7115.767     -2.149   0.150  9.35475E-02  4.57050E-01 -4.49086E-01
    7115.833     -2.082   0.200  1.27079E-01  4.79598E-01 -4.34654E-01
    7115.919     -1.996   0.250  1.79813E-01  5.13445E-01 -4.10031E-01
    7116.024     -1.892   0.300  2.33336E-01  5.47292E-01 -3.84601E-01
    7116.148     -1.768   0.350  2.98355E-01  5.83708E-01 -3.48017E-01
    7116.290     -1.625   0.400  3.64704E-01  6.20124E-01 -3.10140E-01
    7116.452     -1.463   0.450  4.35761E-01  6.51291E-01 -2.60270E-01
    7116.633     -1.282   0.500  5.08495E-01  6.82457E-01 -2.08929E-01
    7116.833     -1.082   0.550  5.84790E-01  7.06610E-01 -1.45372E-01
    7117.052     -0.863   0.600  6.62554E-01  7.30763E-01 -8.08783E-02
    7117.291     -0.625   0.650  7.44961E-01  7.49494E-01 -5.33680E-03
    7117.548     -0.368   0.700  8.27644E-01  7.68225E-01  6.94572E-02
    7117.824     -0.091   0.750  9.14806E-01  7.83405E-01  1.52412E-01
    7118.119      0.204   0.800  9.99708E-01  7.98585E-01  2.31497E-01
    7118.434      0.518   0.850  1.08630E+00  8.11514E-01  3.13718E-01
    7118.767      0.852   0.900  1.16668E+00  8.24442E-01  3.87579E-01
    7119.119      1.204   0.950  1.24354E+00  8.35895E-01  4.57809E-01
    7119.491      1.576   1.000  1.30929E+00  8.47348E-01  5.14496E-01
    7119.881      1.966   1.050  1.36493E+00  8.57752E-01  5.60158E-01
    7120.291      2.376   1.100  1.40476E+00  8.68156E-01  5.87757E-01
    7120.720      2.804   1.150  1.42846E+00  8.77726E-01  5.98283E-01
    7121.167      3.252   1.200  1.43368E+00  8.87297E-01  5.88729E-01
    7121.634      3.719   1.250  1.41962E+00  8.96119E-01  5.59630E-01
    7122.120      4.204   1.300  1.38829E+00  9.04941E-01  5.12672E-01
    7122.625      4.709   1.350  1.33953E+00  9.13025E-01  4.49041E-01
    7123.148      5.233   1.400  1.27966E+00  9.21108E-01  3.74728E-01
    7123.691      5.776   1.450  1.20983E+00  9.28422E-01  2.92123E-01
    7124.253      6.338   1.500  1.13929E+00  9.35736E-01  2.09893E-01
    7124.834      6.919   1.550  1.07026E+00  9.42221E-01  1.31247E-01
    7125.434      7.519   1.600  1.01230E+00  9.48707E-01  6.48020E-02
    7126.054      8.138   1.650  9.67367E-01  9.54299E-01  1.32494E-02
    7126.692      8.776   1.700  9.42230E-01  9.59890E-01 -1.78155E-02
    7127.349      9.434   1.750  9.36698E-01  9.64520E-01 -2.79552E-02
    7128.025     10.110   1.800  9.52594E-01  9.69149E-01 -1.65690E-02
    7128.721     10.805   1.850  9.86077E-01  9.72745E-01  1.33048E-02
    7129.435     11.520   1.900  1.03407E+00  9.76342E-01  5.74490E-02
    7130.168     12.253   1.950  1.08912E+00  9.78798E-01  1.09610E-01
    7130.921     13.005   2.000  1.14574E+00  9.81254E-01  1.63148E-01
    7131.692     13.777   2.050  1.19355E+00  9.81473E-01  2.10520E-01
    7132.483     14.568   2.100  1.22918E+00  9.81692E-01  2.45855E-01
    7133.293     15.377   2.150  1.24803E+00  9.81910E-01  2.64563E-01
    7134.121     16.206   2.200  1.24743E+00  9.82129E-01  2.63958E-01
    7134.969     17.054   2.250  1.22244E+00  9.80554E-01  2.41419E-01
    7135.836     17.920   2.300  1.18121E+00  9.78978E-01  2.02488E-01
    7136.721     18.806   2.350  1.12772E+00  9.77403E-01  1.50983E-01
    7137.626     19.711   2.400  1.06651E+00  9.75827E-01  9.13735E-02
    7138.550     20.635   2.450  1.00961E+00  9.80981E-01  2.87174E-02
    7139.493     21.578   2.500  9.54913E-01  9.86135E-01 -3.11846E-02
    7140.455     22.540   2.550  9.05916E-01  9.91288E-01 -8.48964E-02
    7141.436     23.521   2.600  8.65013E-01  9.96442E-01 -1.30128E-01
    7142.436     24.521   2.650  8.33603E-01  9.99686E-01 -1.64128E-01
    7143.456     25.540   2.700  8.10285E-01  1.00293E+00 -1.90018E-01
    7144.494     26.579   2.750  7.94520E-01  1.00617E+00 -2.08375E-01
    7145.551     27.636   2.800  7.85664E-01  1.00942E+00 -2.19874E-01
    7146.627     28.712   2.850  7.78882E-01  1.00970E+00 -2.26969E-01
    7147.723     29.807   2.900  7.77464E-01  1.00998E+00 -2.28796E-01
    7148.837     30.922   2.950  7.81259E-01  1.01026E+00 -2.25492E-01
    7149.971     32.055   3.000  7.90330E-01  1.01054E+00 -2.16985E-01
    7151.123     33.208   3.050  8.03740E-01  1.00965E+00 -2.03047E-01
    7152.295     34.379   3.100  8.22424E-01  1.00876E+00 -1.83883E-01
    7153.485     35.570   3.150  8.45919E-01  1.00787E+00 -1.59939E-01
    7154.695     36.780   3.200  8.73482E-01  1.00698E+00 -1.31939E-01
    7155.924     38.008   3.250  9.03293E-01  1.00556E+00 -1.01206E-01
    7157.172     39.256   3.300  9.34801E-01  1.00414E+00 -6.87094E-02
    7158.438     40.523   3.350  9.66465E-01  1.00272E+00 -3.59709E-02
    7159.724     41.809   3.400  9.96763E-01  1.00129E+00 -4.50315E-03
    7161.029     43.114   3.450  1.02459E+00  9.99661E-01  2.48056E-02
    7162.353     44.438   3.500  1.04879E+00  9.98026E-01  5.05839E-02
    7163.696     45.781   3.550  1.06852E+00  9.96392E-01  7.19842E-02
    7165.058     47.143   3.600  1.08332E+00  9.94758E-01  8.85132E-02
    7166.439     48.524   3.650  1.09356E+00  9.93081E-01  1.00538E-01
    7167.840     49.924   3.700  1.09844E+00  9.91405E-01  1.07228E-01
    7169.259     51.343   3.750  1.09802E+00  9.89729E-01  1.08601E-01
    7170.697     52.782   3.800  1.09246E+00  9.88053E-01  1.04830E-01
    7172.154     54.239   3.850  1.08235E+00  9.86943E-01  9.58741E-02
    7173.631     55.715   3.900  1.06768E+00  9.85833E-01  8.23243E-02
    7175.126     57.211   3.950  1.04957E+00  9.84723E-01  6.52800E-02
    7176.641     58.725   4.000  1.02953E+00  9.83613E-01  4.62634E-02
    7178.174     60.259   4.050  1.00932E+00  9.82661E-01  2.68735E-02
    7179.727     61.811   4.100  9.91535E-01  9.81710E-01  9.90757E-03
    7181.298     63.383   4.150  9.78411E-01  9.80759E-01 -2.36829E-03
    7182.889     64.974   4.200  9.71782E-01  9.79807E-01 -8.10018E-03
    7184.499     66.583   4.250  9.73933E-01  9.79462E-01 -5.58044E-03
    7186.127     68.212   4.300  9.84096E-01  9.79117E-01  5.02463E-03
    7187.775     69.860   4.350  1.00096E+00  9.78772E-01  2.23960E-02
    7189.442     71.527   4.400  1.02205E+00  9.78427E-01  4.40243E-02
    7191.128     73.213   4.450  1.04528E+00  9.78542E-01  6.73312E-02
    7192.833     74.918   4.500  1.06518E+00  9.78658E-01  8.72640E-02
    7194.557     76.642   4.550  1.07792E+00  9.78773E-01  9.99530E-02
    7196.300     78.385   4.600  1.08053E+00  9.78889E-01  1.02429E-01
    7198.062     80.147   4.650  1.07149E+00  9.79190E-01  9.29722E-02
    7199.843     81.928   4.700  1.05064E+00  9.79491E-01  7.16253E-02
    7201.644     83.728   4.750  1.02003E+00  9.79792E-01  4.04898E-02
    7203.463     85.548   4.800  9.83256E-01  9.80093E-01  3.18140E-03
    7205.301     87.386   4.850  9.44326E-01  9.80594E-01 -3.64493E-02
    7207.159     89.243   4.900  9.08610E-01  9.81096E-01 -7.28027E-02
    7209.035     91.120   4.950  8.80446E-01  9.81598E-01 -1.01529E-01
    7210.930     93.015   5.000  8.62908E-01  9.82100E-01 -1.19561E-01
    7212.845     94.930   5.050  8.57151E-01  9.82573E-01 -1.25730E-01
    7214.778     96.863   5.100  8.63153E-01  9.83046E-01 -1.20110E-01
    7216.731     98.816   5.150  8.78772E-01  9.83519E-01 -1.04870E-01
    7218.703    100.787   5.200  9.00710E-01  9.83993E-01 -8.33262E-02
    7220.693    102.778   5.250  9.25107E-01  9.84319E-01 -5.92223E-02
    7222.703    104.788   5.300  9.48459E-01  9.84645E-01 -3.61804E-02
    7224.732    106.817   5.350  9.67988E-01  9.84971E-01 -1.69743E-02
    7226.780    108.865   5.400  9.82161E-01  9.85298E-01 -3.13352E-03
    7228.847    110.932   5.450  9.90631E-01  9.85349E-01  5.27799E-03
    7230.933    113.017   5.500  9.94531E-01  9.85400E-01  9.12299E-03
    7233.038    115.123   5.550  9.95588E-01  9.85451E-01  1.01271E-02
    7235.162    117.247   5.600  9.95756E-01  9.85502E-01  1.02436E-02
    7237.305    119.390   5.650  9.96377E-01  9.85181E-01  1.11878E-02
    7239.467    121.552   5.700  9.98690E-01  9.84861E-01  1.38235E-02
    7241.648    123.733   5.750  1.00280E+00  9.84540E-01  1.82610E-02
    7243.849    125.933   5.800  1.00802E+00  9.84220E-01  2.38045E-02
    7246.068    128.153   5.850  1.01266E+00  9.83576E-01  2.91145E-02
    7248.306    130.391   5.900  1.01570E+00  9.82932E-01  3.28214E-02
    7250.564    132.648   5.950  1.01597E+00  9.82288E-01  3.37635E-02
    7252.840    134.925   6.000  1.01288E+00  9.81645E-01  3.13353E-02
    7255.136    137.220   6.050  1.00607E+00  9.80489E-01  2.56998E-02
    7257.450    139.535   6.100  9.97057E-01  9.79334E-01  1.78309E-02
    7259.784    141.869   6.150  9.87198E-01  9.78179E-01  9.08655E-03
    7262.137    144.221   6.200  9.78026E-01  9.77024E-01  1.01089E-03
    7264.508    146.593   6.250  9.70924E-01  9.75869E-01 -4.99540E-03
    7266.899    148.984   6.300  9.66851E-01  9.74713E-01 -7.95438E-03
    7269.309    151.394   6.350  9.66174E-01  9.73558E-01 -7.48127E-03
    7271.738    153.822   6.400  9.68641E-01  9.72403E-01 -3.81698E-03
    7274.186    156.270   6.450  9.73482E-01  9.71248E-01  2.27030E-03
    7276.653    158.737   6.500  9.79603E-01  9.70092E-01  9.67736E-03
    7279.139    161.223   6.550  9.85648E-01  9.68662E-01  1.73155E-02
    7281.644    163.728   6.600  9.90561E-01  9.67231E-01  2.38269E-02
    7284.168    166.252   6.650  9.93546E-01  9.65800E-01  2.83888E-02
    7286.711    168.796   6.700  9.94112E-01  9.64369E-01  3.04889E-02
    7289.273    171.358   6.750  9.92046E-01  9.62939E-01  2.98937E-02
    7291.854    173.939   6.800  9.87335E-01  9.61508E-01  2.65744E-02
    7294.455    176.539   6.850  9.80092E-01  9.60077E-01  2.06324E-02
    7297.074    179.159   6.900  9.70515E-01  9.58647E-01  1.22581E-02
    7299.713    181.797   6.950  9.58900E-01  9.57216E-01  1.74260E-03
    7302.370    184.455   7.000  9.45692E-01  9.55785E-01 -1.04636E-02
    7305.047    187.131   7.050  9.31450E-01  9.54572E-01 -2.40116E-02
    7307.742    189.827   7.100  9.17256E-01  9.53360E-01 -3.75581E-02
    7310.457    192.541   7.150  9.04430E-01  9.52147E-01 -4.97248E-02
    7313.190    195.275   7.200  8.94473E-01  9.50934E-01 -5.89391E-02
    7315.943    198.028   7.250  8.88851E-01  9.49721E-01 -6.36528E-02
    7318.715    200.799   7.300  8.88723E-01  9.48509E-01 -6.26274E-02
    7321.506    203.590   7.350  8.94664E-01  9.47296E-01 -5.52304E-02
    7324.315    206.400   7.400  9.06441E-01  9.46083E-01 -4.16719E-02
    7327.144    209.229   7.450  9.22922E-01  9.44870E-01 -2.31129E-02
    7329.992    212.077   7.500  9.42139E-01  9.43658E-01 -1.60245E-03
    7332.859    214.944   7.550  9.62044E-01  9.42792E-01  2.03376E-02
    7335.745    217.830   7.600  9.79201E-01  9.41927E-01  3.94345E-02
    7338.651    220.735   7.650  9.91041E-01  9.41062E-01  5.29544E-02
    7341.575    223.659   7.700  9.95759E-01  9.40196E-01  5.89559E-02
    7344.518    226.603   7.750  9.92652E-01  9.39331E-01  5.66602E-02
    7347.480    229.565   7.800  9.82270E-01  9.38466E-01  4.66162E-02
    7350.461    232.546   7.850  9.66335E-01  9.37601E-01  3.06244E-02
    7353.462    235.547   7.900  9.47441E-01  9.36735E-01  1.14262E-02
    7356.481    238.566   7.950  9.28590E-01  9.35870E-01 -7.78214E-03
    7359.520    241.604   8.000  9.12661E-01  9.35005E-01 -2.39191E-02
    7362.577    244.662   8.050  9.01948E-01  9.34181E-01 -3.45366E-02
    7365.654    247.738   8.100  8.97809E-01  9.33357E-01 -3.81234E-02
    7368.749    250.834   8.150  9.00307E-01  9.32533E-01 -3.45921E-02
    7371.864    253.949   8.200  9.08366E-01  9.31709E-01 -2.50803E-02
    7374.998    257.082   8.250  9.20051E-01  9.30885E-01 -1.16513E-02
    7378.151    260.235   8.300  9.32997E-01  9.30061E-01  3.16059E-03
    7381.322    263.407   8.350  9.44882E-01  9.29237E-01  1.68552E-02
    7384.513    266.598   8.400  9.53837E-01  9.28413E-01  2.74162E-02
    7387.723    269.808   8.450  9.58733E-01  9.27589E-01  3.36161E-02
    7390.952    273.037   8.500  9.59279E-01  9.26765E-01  3.51272E-02
    7394.200    276.285   8.550  9.55904E-01  9.25845E-01  3.25043E-02
    7397.467    279.552   8.600  9.49548E-01  9.24924E-01  2.66495E-02
    7400.753    282.838   8.650  9.41430E-01  9.24003E-01  1.88773E-02
    7404.058    286.143   8.700  9.32734E-01  9.23083E-01  1.04634E-02
    7407.383    289.467   8.750  9.24376E-01  9.22162E-01  2.40210E-03
    7410.726    292.811   8.800  9.16896E-01  9.21242E-01 -4.71986E-03
    7414.088    296.173   8.850  9.10461E-01  9.20321E-01 -1.07187E-02
    7417.470    299.554   8.900  9.04973E-01  9.19400E-01 -1.56971E-02
    7420.870    302.955   8.950  9.00241E-01  9.18480E-01 -1.98618E-02
    7424.289    306.374   9.000  8.96146E-01  9.17559E-01 -2.33391E-02
    7427.728    309.813   9.050  8.92482E-01  9.16450E-01 -2.61512E-02
    7431.185    313.270   9.100  8.89891E-01  9.15341E-01 -2.77980E-02
    7434.662    316.747   9.150  8.88798E-01  9.14232E-01 -2.78093E-02
    7438.158    320.242   9.200  8.89612E-01  9.13123E-01 -2.57338E-02
    7441.672    323.757   9.250  8.92558E-01  9.12014E-01 -2.13185E-02
    7445.206    327.291   9.300  8.97543E-01  9.10905E-01 -1.46569E-02
    7448.759    330.844   9.350  9.04092E-01  9.09796E-01 -6.26347E-03
    7452.331    334.416   9.400  9.11376E-01  9.08687E-01  2.95570E-03
    7455.922    338.006   9.450  9.18333E-01  9.07578E-01  1.18344E-02
    7459.532    341.616   9.500  9.23857E-01  9.06469E-01  1.91533E-02
    7463.161    345.245   9.550  9.26935E-01  9.05263E-01  2.39021E-02
    7466.809    348.893   9.600  9.27012E-01  9.04056E-01  2.53499E-02
    7470.476    352.561   9.650  9.23994E-01  9.02850E-01  2.33778E-02
    7474.162    356.247   9.700  9.18300E-01  9.01643E-01  1.84396E-02
    7477.867    359.952   9.750  9.10785E-01  9.00437E-01  1.14699E-02
    7481.592    363.676   9.800  9.02561E-01  8.99230E-01  3.69621E-03
    7485.335    367.420   9.850  8.94781E-01  8.98024E-01 -3.60384E-03
    7489.097    371.182   9.900  8.88420E-01  8.96817E-01 -9.34254E-03
    7492.879    374.963   9.950  8.84114E-01  8.95611E-01 -1.28072E-02
    7496.679    378.764  10.000  8.82074E-01  8.94404E-01 -1.37523E-02
    7500.499    382.583  10.050  8.82211E-01  8.93255E-01 -1.23333E-02
    7504.337    386.422  10.100  8.83940E-01  8.92106E-01 -9.13121E-03
    7508.195    390.279  10.150  8.86588E-01  8.90957E-01 -4.89170E-03
    7512.071    394.156  10.200  8.89486E-01  8.89808E-01 -3.60996E-04
    7515.967    398.052  10.250  8.92101E-01  8.88658E-01  3.86371E-03
    7519.882    401.967  10.300  8.94108E-01  8.87509E-01  7.41553E-03
    7523.816    405.900  10.350  8.95387E-01  8.86360E-01  1.01579E-02
    7527.769    409.853  10.400  8.95964E-01  8.85211E-01  1.21148E-02
    7531.740    413.825  10.450  8.95906E-01  8.84062E-01  1.33620E-02
    7535.731    417.816  10.500  8.95236E-01  8.82913E-01  1.39201E-02
    7539.741    421.826  10.550  8.93867E-01  8.81763E-01  1.36891E-02
    7543.770    425.855  10.600  8.91607E-01  8.80614E-01  1.24488E-02
    7547.819    429.903  10.650  8.88222E-01  8.79465E-01  9.92890E-03
    7551.886    433.970  10.700  8.83539E-01  8.78316E-01  5.93021E-03
    7555.972    438.057  10.750  8.77571E-01  8.77167E-01  4.59642E-04
    7560.077    442.162  10.800  8.70601E-01  8.76018E-01 -6.16539E-03
    7564.201    446.286  10.850  8.63214E-01  8.74868E-01 -1.32825E-02
    7568.345    450.430  10.900  8.56243E-01  8.73719E-01 -1.99421E-02
    7572.507    454.592  10.950  8.50641E-01  8.72570E-01 -2.50566E-02
    7576.689    458.773  11.000  8.47286E-01  8.71421E-01 -2.76117E-02
    7580.889    462.974  11.050  8.46659E-01  8.70194E-01 -2.69621E-02
    7585.109    467.193  11.100  8.49143E-01  8.68967E-01 -2.27416E-02
    7589.347    471.432  11.150  8.54411E-01  8.67740E-01 -1.53111E-02
    7593.605    475.690  11.200  8.61611E-01  8.66512E-01 -5.63798E-03
    7597.882    479.966  11.250  8.69494E-01  8.65285E-01  4.84803E-03
    7602.177    484.262  11.300  8.76635E-01  8.64058E-01  1.45080E-02
    7606.492    488.577  11.350  8.81706E-01  8.62831E-01  2.18034E-02
    7610.826    492.911  11.400  8.83731E-01  8.61604E-01  2.55950E-02
    7615.179    497.264  11.450  8.82275E-01  8.60377E-01  2.53650E-02
    7619.551    501.636  11.500  8.77525E-01  8.59150E-01  2.13141E-02
    7623.942    506.027  11.550  8.70243E-01  8.57923E-01  1.43108E-02
    7628.352    510.437  11.600  8.61602E-01  8.56696E-01  5.70722E-03
    7632.781    514.866  11.650  8.52947E-01  8.55468E-01 -2.93695E-03
    7637.229    519.314  11.700  8.45531E-01  8.54241E-01 -1.01603E-02
    7641.697    523.781  11.750  8.40285E-01  8.53014E-01 -1.48687E-02
    7646.183    528.267  11.800  8.37671E-01  8.51787E-01 -1.65117E-02
    7650.688    532.773  11.850  8.37637E-01  8.50560E-01 -1.51363E-02
    7655.212    537.297  11.900  8.39687E-01  8.49333E-01 -1.13141E-02
    7659.756    541.841  11.950  8.43023E-01  8.48106E-01 -5.97068E-03
    7664.318    546.403  12.000  8.46740E-01  8.46879E-01 -1.63027E-04
    7668.900    550.984  12.050  8.49915E-01  8.45515E-01  5.18418E-03
    7673.500    555.585  12.100  8.52037E-01  8.44152E-01  9.30535E-03
    7678.120    560.205  12.150  8.52774E-01  8.42788E-01  1.18032E-02
    7682.759    564.843  12.200  8.52093E-01  8.41425E-01  1.26302E-02
    7687.416    569.501  12.250  8.50191E-01  8.40061E-01  1.20131E-02
    7692.093    574.178  12.300  8.47393E-01  8.38697E-01  1.03289E-02
    7696.789    578.874  12.350  8.44037E-01  8.37334E-01  7.97458E-03
    7701.504    583.588  12.400  8.40390E-01  8.35970E-01  5.26711E-03
    7706.238    588.322  12.450  8.36617E-01  8.34607E-01  2.39875E-03
    7710.991    593.075  12.500  8.32785E-01  8.33243E-01 -5.48152E-04
    7715.763    597.847  12.550  8.28923E-01  8.31880E-01 -3.54064E-03
    7720.554    602.638  12.600  8.25084E-01  8.30516E-01 -6.51697E-03
    7725.364    607.448  12.650  8.21394E-01  8.29153E-01 -9.32292E-03
    7730.193    612.278  12.700  8.18077E-01  8.27789E-01 -1.16892E-02
    7735.041    617.126  12.750  8.15425E-01  8.26426E-01 -1.32617E-02
    7739.908    621.993  12.800  8.13733E-01  8.25062E-01 -1.36806E-02
    7744.795    626.879  12.850  8.13212E-01  8.23699E-01 -1.26838E-02
    7749.700    631.785  12.900  8.13910E-01  8.22335E-01 -1.02071E-02
    7754.624    636.709  12.950  8.15661E-01  8.20972E-01 -6.44502E-03
    7759.568    641.653  13.000  8.18084E-01  8.19608E-01 -1.85294E-03
    7764.530    646.615  13.050  8.20688E-01  8.18265E-01  2.95031E-03
    7769.512    651.597  13.100  8.22824E-01  8.16922E-01  7.19898E-03
    7774.513    656.597  13.150  8.23947E-01  8.15578E-01  1.02248E-02
    7779.532    661.617  13.200  8.23697E-01  8.14235E-01  1.15787E-02
    7784.571    666.656  13.250  8.21970E-01  8.12892E-01  1.11287E-02
    7789.629    671.713  13.300  8.18949E-01  8.11549E-01  9.08631E-03
    7794.705    676.790  13.350  8.15046E-01  8.10205E-01  5.95402E-03
    7799.801    681.886  13.400  8.10816E-01  8.08862E-01  2.40769E-03
    7804.916    687.001  13.450  8.06824E-01  8.07519E-01 -8.57412E-04
    7810.050    692.135  13.500  8.03524E-01  8.06176E-01 -3.27792E-03
    7815.203    697.288  13.550  8.01171E-01  8.04832E-01 -4.53429E-03
    7820.375    702.460  13.600  7.99783E-01  8.03489E-01 -4.59726E-03
    7825.566    707.651  13.650  7.99167E-01  8.02146E-01 -3.70075E-03
    7830.776    712.861  13.700  7.98993E-01  8.00803E-01 -2.25240E-03
    7836.006    718.090  13.750  7.98891E-01  7.99459E-01 -7.08517E-04
    7841.254    723.339  13.800  7.98557E-01  7.98116E-01  5.51180E-04
    7846.521    728.606  13.850  7.97824E-01  7.96773E-01  1.31567E-03
    7851.808    733.892  13.900  7.96689E-01  7.95430E-01  1.57837E-03
    7857.113    739.198  13.950  7.95289E-01  7.94086E-01  1.50996E-03
    7862.437    744.522  14.000  7.93840E-01  7.92743E-01  1.37934E-03
    7867.781    749.866  14.050  7.92464E-01  7.91320E-01  1.44162E-03
    7873.143    755.228  14.100  7.91355E-01  7.89896E-01  1.84159E-03
    7878.525    760.610  14.150  7.90507E-01  7.88473E-01  2.57183E-03
    7883.926    766.010  14.200  7.89766E-01  7.87049E-01  3.44098E-03
    7889.345    771.430  14.250  7.88871E-01  7.85626E-01  4.11831E-03
    7894.784    776.869  14.300  7.87527E-01  7.84202E-01  4.22693E-03
    7900.242    782.327  14.350  7.85495E-01  7.82779E-01  3.46003E-03
    7905.719    787.803  14.400  7.82678E-01  7.81355E-01  1.68737E-03
    7911.215    793.299  14.450  7.79166E-01  7.79932E-01 -9.78605E-04
    7916.730    798.814  14.500  7.75247E-01  7.78508E-01 -4.17749E-03
    7922.264    804.348  14.550  7.71348E-01  7.77085E-01 -7.36103E-03
    7927.817    809.901  14.600  7.67956E-01  7.75661E-01 -9.90574E-03
    7933.389    815.473  14.650  7.65502E-01  7.74238E-01 -1.12515E-02
    7938.980    821.065  14.700  7.64264E-01  7.72814E-01 -1.10325E-02
    7944.590    826.675  14.750  7.64299E-01  7.71391E-01 -9.16824E-03
    7950.219    832.304  14.800  7.65418E-01  7.69967E-01 -5.89265E-03
    7955.868    837.952  14.850  7.67223E-01  7.68544E-01 -1.71411E-03
    7961.535    843.620  14.900  7.69185E-01  7.67121E-01  2.68452E-03
    7967.221    849.306  14.950  7.70751E-01  7.65697E-01  6.58225E-03
    7972.927    855.012  15.000  7.71447E-01  7.64274E-01  9.36162E-03
    7978.651    860.736  15.050  7.70973E-01  7.62822E-01  1.06582E-02
    7984.395    866.480  15.100  7.69239E-01  7.61370E-01  1.03087E-02
    7990.157    872.242  15.150  7.66381E-01  7.59918E-01  8.48375E-03
    7995.939    878.024  15.200  7.62723E-01  7.58466E-01  5.59850E-03
    8001.740    883.825  15.250  7.58695E-01  7.57014E-01  2.21552E-03
    8007.560    889.644  15.300  7.54750E-01  7.55562E-01 -1.07256E-03
    8013.398    895.483  15.350  7.51272E-01  7.54110E-01 -3.75422E-03
    8019.256    901.341  15.400  7.48523E-01  7.52658E-01 -5.48121E-03
    8025.133    907.218  15.450  7.46608E-01  7.51206E-01 -6.10809E-03
    8031.029    913.114  15.500  7.45481E-01  7.49754E-01 -5.68687E-03
    8036.944    919.029  15.550  7.44984E-01  7.48303E-01 -4.42499E-03
    8042.878    924.963  15.600  7.44888E-01  7.46851E-01 -2.62190E-03
    8048.831    930.916  15.650  7.44949E-01  7.45399E-01 -6.02058E-04
    8054.803    936.888  15.700  7.44946E-01  7.43947E-01  1.34052E-03
    8060.795    942.879  15.750  7.44710E-01  7.42495E-01  2.97696E-03
    8066.805    948.889  15.800  7.44128E-01  7.41043E-01  4.15549E-03
    8072.834    954.919  15.850  7.43145E-01  7.39591E-01  4.79563E-03
    8078.882    960.967  15.900  7.41743E-01  7.38139E-01  4.87295E-03
    8084.950    967.035  15.950  7.39937E-01  7.36687E-01  4.40385E-03
    8091.036    973.121  16.000  7.37766E-01  7.35235E-01  3.43653E-03
    8097.142    979.226  16.050  7.35287E-01  7.33783E-01  2.04737E-03
    8103.266    985.351  16.100  7.32586E-01  7.32330E-01  3.48481E-04
    8109.410    991.495  16.150  7.29777E-01  7.30877E-01 -1.50304E-03
    8115.573    997.657  16.200  7.27006E-01  7.29424E-01 -3.31091E-03
    8121.754   1003.839  16.250  7.24432E-01  7.27972E-01 -4.85459E-03
    8127.955   1010.040  16.300  7.22213E-01  7.26519E-01 -5.91751E-03
    8134.175   1016.259  16.350  7.20474E-01  7.25066E-01 -6.32453E-03
    8140.414   1022.498  16.400  7.19280E-01  7.23613E-01 -5.98027E-03
    8146.672   1028.756  16.450  7.18619E-01  7.22161E-01 -4.89809E-03
    8152.949   1035.033  16.500  7.18391E-01  7.20708E-01 -3.21034E-03
    8159.245   1041.329  16.550  7.18424E-01  7.19255E-01 -1.15440E-03
    8165.560   1047.644  16.600  7.18496E-01  7.17802E-01  9.64993E-04
    8171.894   1053.978  16.650  7.18380E-01  7.16350E-01  2.83057E-03
    8178.247   1060.331  16.700  7.17884E-01  7.14897E-01  4.17278E-03
    8184.619   1066.704  16.750  7.16888E-01  7.13444E-01  4.82187E-03
    8191.010   1073.095  16.800  7.15370E-01  7.11992E-01  4.73942E-03
    8197.421   1079.505  16.850  7.13399E-01  7.10539E-01  4.02164E-03
    8203.850   1085.935  16.900  7.11125E-01  7.09086E-01  2.87330E-03
    8210.298   1092.383  16.950  7.08737E-01  7.07633E-01  1.55856E-03
    8216.766   1098.850  17.000  7.06421E-01  7.06181E-01  3.40469E-04
    8223.252   1105.337  17.050  7.04307E-01  7.04710E-01 -5.71213E-04
    8229.758   1111.842  17.100  7.02485E-01  7.03240E-01 -1.07262E-03
    8236.282   1118.367  17.150  7.00947E-01  7.01769E-01 -1.17076E-03
    8242.826   1124.911  17.200  6.99616E-01  7.00299E-01 -9.74271E-04
    8249.389   1131.473  17.250  6.98371E-01  6.98828E-01 -6.53971E-04
    8255.970   1138.055  17.300  6.97086E-01  6.97358E-01 -3.88718E-04
    8262.571   1144.656  17.350  6.95671E-01  6.95887E-01 -3.11226E-04
    8269.191   1151.276  17.400  6.94091E-01  6.94417E-01 -4.68559E-04
    8275.830   1157.915  17.450  6.92386E-01  6.92946E-01 -8.08095E-04
    8282.488   1164.573  17.500  6.90650E-01  6.91476E-01 -1.19304E-03
    8289.165   1171.250  17.550  6.89009E-01  6.90005E-01 -1.44362E-03
    8295.861   1177.946  17.600  6.87575E-01  6.88535E-01 -1.39304E-03
    8302.576   1184.661  17.650  6.86416E-01  6.87064E-01 -9.42970E-04
    8309.310   1191.395  17.700  6.85523E-01  6.85594E-01 -1.03179E-04
    8316.063   1198.148  17.750  6.84806E-01  6.84123E-01  9.96671E-04
    8322.836   1204.920  17.800  6.84106E-01  6.82653E-01  2.12772E-03
    8329.627   1211.712  17.850  6.83234E-01  6.81183E-01  3.01155E-03
    8336.437   1218.522  17.900  6.82015E-01  6.79712E-01  3.38738E-03
    8343.267   1225.351  17.950  6.80331E-01  6.78242E-01  3.08043E-03
    8350.115   1232.200  18.000  6.78161E-01  6.76771E-01  2.05408E-03
    8356.983   1239.067  18.050  6.75590E-01  6.75305E-01  4.21744E-04
    8363.869   1245.954  18.100  6.72801E-01  6.73839E-01 -1.54024E-03
    8370.775   1252.859  18.150  6.70045E-01  6.72373E-01 -3.46324E-03
    8377.699   1259.784  18.200  6.67582E-01  6.70907E-01 -4.95690E-03
    8384.643   1266.728  18.250  6.65629E-01  6.69441E-01 -5.69426E-03
    8391.606   1273.690  18.300  6.64311E-01  6.67975E-01 -5.48569E-03
    8398.588   1280.672  18.350  6.63628E-01  6.66509E-01 -4.32395E-03
    8405.588   1287.673  18.400  6.63454E-01  6.65043E-01 -2.38953E-03
    8412.608   1294.693  18.450  6.63567E-01  6.63577E-01 -1.47765E-05
    8419.647   1301.732  18.500  6.63690E-01  6.62111E-01  2.38493E-03
    8426.705   1308.790  18.550  6.63549E-01  6.60645E-01  4.39685E-03
    8433.782   1315.867  18.600  6.62931E-01  6.59179E-01  5.69367E-03
    8440.878   1322.963  18.650  6.61720E-01  6.57713E-01  6.09483E-03
    8447.994   1330.078  18.700  6.59916E-01  6.56247E-01  5.59335E-03
    8455.128   1337.212  18.750  6.57624E-01  6.54781E-01  4.34408E-03
    8462.281   1344.366  18.800  6.55025E-01  6.53315E-01  2.61831E-03
    8469.453   1351.538  18.850  6.52329E-01  6.51849E-01  7.37726E-04
    8476.645   1358.729  18.900  6.49736E-01  6.50383E-01 -9.95234E-04
    8483.855   1365.940  18.950  6.47390E-01  6.48917E-01 -2.35409E-03
    8491.084   1373.169  19.000  6.45368E-01  6.47451E-01 -3.21990E-03
    8498.333   1380.418  19.050  6.43691E-01  6.46003E-01 -3.58246E-03
    8505.600   1387.685  19.100  6.42290E-01  6.44555E-01 -3.51722E-03
    8512.887   1394.972  19.150  6.41084E-01  6.43108E-01 -3.14855E-03
    8520.193   1402.277  19.200  6.39992E-01  6.41660E-01 -2.60162E-03
    8527.517   1409.602  19.250  6.38953E-01  6.40212E-01 -1.96768E-03
    8534.861   1416.946  19.300  6.37942E-01  6.38764E-01 -1.28931E-03
    8542.224   1424.309  19.350  6.36955E-01  6.37317E-01 -5.68360E-04
    8549.606   1431.690  19.400  6.36001E-01  6.35869E-01  2.08499E-04
    8557.007   1439.091  19.450  6.35079E-01  6.34421E-01  1.03739E-03
    8564.427   1446.511  19.500  6.34156E-01  6.32973E-01  1.87076E-03
    8571.866   1453.950  19.550  6.33171E-01  6.31526E-01  2.60799E-03
    8579.324   1461.408  19.600  6.32034E-01  6.30078E-01  3.10831E-03
    8586.801   1468.885  19.650  6.30655E-01  6.28630E-01  3.22438E-03
    8594.297   1476.382  19.700  6.28966E-01  6.27182E-01  2.84743E-03
    8601.812   1483.897  19.750  6.26954E-01  6.25735E-01  1.95051E-03
    8609.346   1491.431  19.800  6.24671E-01  6.24287E-01  6.15735E-04
    8616.900   1498.984  19.850  6.22239E-01  6.22839E-01 -9.64807E-04
    8624.472   1506.557  19.900  6.19829E-01  6.21392E-01 -2.51802E-03
    8632.063   1514.148  19.950  6.17626E-01  6.19944E-01 -3.74362E-03
    8639.674   1521.758  20.000  6.15790E-01  6.18496E-01 -4.38044E-03
