# comment: None given                          Feff8L (EXAFS)       0.1      
# Source:
# Structure Summary:  Pt2
# Reduced formula:  Pt
# space group: (P6_3/mmc), space number:  (194)
# abc:  2.760666   2.760665   4.792134
# angles: 90.000000  90.000000 120.000009
# sites: 2
# mp-2647022
# POT  Non-SCF, core-hole, AFOLP (folp(0)= 1.150)
# Abs   Z=78 Rmt= 1.481 Rnm= 1.520 L3 shell
# Pot 1 Z=78 Rmt= 1.495 Rnm= 1.537
# Gam_ch=5.171E+00 H-L exch
# Mu=-1.529E-01 kf=1.999E+00 Vint=-1.538E+01 Rs_int= 1.814
# PATH  Rmax= 6.000,  Keep_limit= 0.00, Heap_limit 0.00  Pwcrit= 2.50%
#  S02=1.000                                        Global_sig2= 0.00000
#  Curved wave amplitude ratio filter   4.000%
#     file         sig2 tot  cw amp ratio   deg  nlegs   reff  inp sig2
#           1       0.00000    100.00      6.00     2   2.7607
#           2       0.00000     93.63      6.00     2   2.8778
#           3       0.00000     48.09      6.00     2   3.9878
#           4       0.00000      7.51     12.00     3   4.1410
#           5       0.00000     13.12     24.00     3   4.2581
#           6       0.00000      6.00     12.00     3   4.2581
#           7       0.00000     30.27      6.00     2   4.7816
#           8       0.00000     10.03      2.00     2   4.7921
#           9       0.00000      5.37     24.00     3   4.8131
#          10       0.00000      5.43     24.00     3   4.8131
#          11       0.00000     58.25     12.00     2   4.8502
#          12       0.00000     16.46     24.00     3   5.1515
#          13       0.00000      9.64     24.00     3   5.2443
#          14       0.00000     13.70     24.00     3   5.2443
#          15       0.00000     13.79     24.00     3   5.2443
#          16       0.00000     20.18      6.00     2   5.5213
#          17       0.00000      8.36      6.00     3   5.5213
#          18       0.00000     87.37     12.00     3   5.5213
#          19       0.00000     15.19      6.00     4   5.5213
#          21       0.00000     99.11      6.00     4   5.5213
#          22       0.00000     40.17     12.00     2   5.5304
#          23       0.00000      4.13     24.00     4   5.6384
#          25       0.00000      5.99     12.00     3   5.6430
#          26       0.00000     42.48     24.00     3   5.6430
#          29       0.00000     12.96     12.00     4   5.7555
#    25/  28 paths used
#  -----------------------------------------------------------------------
#       k          chi          mag           phase @#
     0.0500   -8.148822E-03  1.489625E-01 -3.086861E+00
     0.1000   -8.770682E-03  1.483165E-01 -3.082423E+00
     0.1500   -1.056736E-02  1.464181E-01 -3.069357E+00
     0.2000   -1.229954E-02  1.445089E-01 -3.056377E+00
     0.2500   -1.498817E-02  1.414480E-01 -3.035431E+00
     0.3000   -1.750343E-02  1.383626E-01 -3.014749E+00
     0.3500   -2.065148E-02  1.342915E-01 -2.987199E+00
     0.4000   -2.347995E-02  1.301874E-01 -2.960245E+00
     0.4500   -2.657837E-02  1.253207E-01 -2.927887E+00
     0.5000   -2.920016E-02  1.204295E-01 -2.896685E+00
     0.5500   -3.189909E-02  1.150962E-01 -2.860764E+00
     0.6000   -3.400003E-02  1.097783E-01 -2.826699E+00
     0.6500   -3.571709E-02  1.042262E-01 -2.791816E+00
     0.7000   -3.676563E-02  9.875820E-02 -2.760129E+00
     0.7500   -3.753958E-02  9.341571E-02 -2.728051E+00
     0.8000   -3.768162E-02  8.826254E-02 -2.700501E+00
     0.8500   -3.771762E-02  8.352001E-02 -2.673035E+00
     0.9000   -3.725806E-02  7.908547E-02 -2.651042E+00
     0.9500   -3.700421E-02  7.527916E-02 -2.627713E+00
     1.0000   -3.645999E-02  7.187425E-02 -2.609573E+00
     1.0500   -3.639937E-02  6.913818E-02 -2.587146E+00
     1.1000   -3.624925E-02  6.682921E-02 -2.568282E+00
     1.1500   -3.681421E-02  6.510659E-02 -2.540620E+00
     1.2000   -3.742267E-02  6.375324E-02 -2.514254E+00
     1.2500   -3.875967E-02  6.277322E-02 -2.476089E+00
     1.3000   -4.016360E-02  6.206658E-02 -2.437811E+00
     1.3500   -4.222307E-02  6.156536E-02 -2.385856E+00
     1.4000   -4.428710E-02  6.125641E-02 -2.333488E+00
     1.4500   -4.680215E-02  6.103902E-02 -2.267817E+00
     1.5000   -4.923998E-02  6.099649E-02 -2.202099E+00
     1.5500   -5.198166E-02  6.104640E-02 -2.122733E+00
     1.6000   -5.458969E-02  6.130752E-02 -2.043317E+00
     1.6500   -5.737260E-02  6.171336E-02 -1.948097E+00
     1.7000   -5.992647E-02  6.237465E-02 -1.851898E+00
     1.7500   -6.237939E-02  6.322711E-02 -1.734733E+00
     1.8000   -6.425493E-02  6.431803E-02 -1.615099E+00
     1.8500   -6.511211E-02  6.543716E-02 -1.471081E+00
     1.9000   -6.470280E-02  6.673298E-02 -1.323499E+00
     1.9500   -6.183751E-02  6.787644E-02 -1.145776E+00
     2.0000   -5.676386E-02  6.907999E-02 -9.644086E-01
     2.0500   -4.643488E-02  6.970583E-02 -7.290414E-01
     2.1000   -3.314031E-02  7.016827E-02 -4.918956E-01
     2.1500   -1.763798E-02  7.053842E-02 -2.527297E-01
     2.2000   -7.679965E-04  7.086545E-02 -1.083760E-02
     2.2500    2.061634E-02  6.884611E-02  3.041218E-01
     2.3000    3.861425E-02  6.666394E-02  6.177928E-01
     2.3500    5.162814E-02  6.435919E-02  9.309500E-01
     2.4000    5.867404E-02  6.194149E-02  1.244542E+00
     2.4500    6.060850E-02  6.061085E-02  1.579590E+00
     2.5000    5.558937E-02  5.901795E-02  1.913332E+00
     2.5500    4.467593E-02  5.719090E-02  2.245052E+00
     2.6000    2.965771E-02  5.516584E-02  2.573992E+00
     2.6500    1.284437E-02  5.494728E-02  2.905652E+00
     2.7000   -5.023894E-03  5.458673E-02  3.233758E+00
     2.7500   -2.188159E-02  5.409621E-02  3.558018E+00
     2.8000   -3.593134E-02  5.349229E-02  3.878108E+00
     2.8500   -4.664516E-02  5.422425E-02  4.177307E+00
     2.9000   -5.316047E-02  5.474537E-02  4.471179E+00
     2.9500   -5.501439E-02  5.507538E-02  4.759455E+00
     3.0000   -5.227478E-02  5.524570E-02  5.041830E+00
     3.0500   -4.597830E-02  5.550045E-02  5.306884E+00
     3.1000   -3.653944E-02  5.564358E-02  5.566791E+00
     3.1500   -2.482728E-02  5.572861E-02  5.821449E+00
     3.2000   -1.175426E-02  5.581677E-02  6.071010E+00
     3.2500    1.599436E-03  5.566055E-02  6.311925E+00
     3.3000    1.466257E-02  5.551955E-02  6.550453E+00
     3.3500    2.675269E-02  5.541354E-02  6.787015E+00
     3.4000    3.728216E-02  5.535426E-02  7.022145E+00
     3.4500    4.546271E-02  5.495534E-02  7.257410E+00
     3.5000    5.097980E-02  5.449857E-02  7.492669E+00
     3.5500    5.353645E-02  5.396590E-02  7.727741E+00
     3.6000    5.302871E-02  5.334148E-02  7.962326E+00
     3.6500    4.888806E-02  5.192771E-02  8.197832E+00
     3.7000    4.220354E-02  5.036779E-02  8.431340E+00
     3.7500    3.364182E-02  4.867928E-02  8.661780E+00
     3.8000    2.398150E-02  4.689264E-02  8.887950E+00
     3.8500    1.390144E-02  4.478987E-02  9.109196E+00
     3.9000    4.320080E-03  4.268771E-02  9.323402E+00
     3.9500   -4.240557E-03  4.066291E-02  9.529254E+00
     4.0000   -1.150485E-02  3.880504E-02  9.725781E+00
     4.0500   -1.728438E-02  3.687300E-02  9.912658E+00
     4.1000   -2.180832E-02  3.531203E-02  1.009045E+01
     4.1500   -2.539344E-02  3.420129E-02  1.026153E+01
     4.2000   -2.835339E-02  3.358703E-02  1.042981E+01
     4.2500   -3.076360E-02  3.333846E-02  1.059998E+01
     4.3000   -3.271682E-02  3.351726E-02  1.077659E+01
     4.3500   -3.401827E-02  3.403585E-02  1.096343E+01
     4.4000   -3.429688E-02  3.478213E-02  1.116281E+01
     4.4500   -3.301772E-02  3.550363E-02  1.137201E+01
     4.5000   -2.991239E-02  3.620439E-02  1.159403E+01
     4.5500   -2.475915E-02  3.678089E-02  1.182791E+01
     4.6000   -1.761432E-02  3.714841E-02  1.207236E+01
     4.6500   -9.137501E-03  3.725840E-02  1.231860E+01
     4.7000    2.299756E-04  3.704470E-02  1.257258E+01
     4.7500    9.610124E-03  3.647604E-02  1.283298E+01
     4.8000    1.803439E-02  3.553870E-02  1.309860E+01
     4.8500    2.440248E-02  3.432369E-02  1.335722E+01
     4.9000    2.843566E-02  3.274182E-02  1.361850E+01
     4.9500    2.981347E-02  3.081745E-02  1.388121E+01
     5.0000    2.858565E-02  2.858632E-02  1.414400E+01
     5.0500    2.553644E-02  2.637808E-02  1.439046E+01
     5.1000    2.106334E-02  2.393194E-02  1.463182E+01
     5.1500    1.590983E-02  2.129535E-02  1.486427E+01
     5.2000    1.086726E-02  1.853863E-02  1.508161E+01
     5.2500    7.061164E-03  1.604975E-02  1.525241E+01
     5.3000    4.314586E-03  1.369004E-02  1.538734E+01
     5.3500    2.785422E-03  1.162935E-02  1.546610E+01
     5.4000    2.409292E-03  1.018492E-02  1.546914E+01
     5.4500    2.714607E-03  1.006191E-02  1.543479E+01
     5.5000    3.124964E-03  1.095597E-02  1.541872E+01
     5.5500    3.029176E-03  1.269032E-02  1.546694E+01
     5.6000    1.840289E-03  1.495918E-02  1.558463E+01
     5.6500   -1.137074E-03  1.752239E-02  1.577290E+01
     5.7000   -5.601615E-03  2.011994E-02  1.599010E+01
     5.7500   -1.123733E-02  2.264984E-02  1.622710E+01
     5.8000   -1.742184E-02  2.502664E-02  1.647796E+01
     5.8500   -2.360060E-02  2.723860E-02  1.675599E+01
     5.9000   -2.838025E-02  2.921589E-02  1.703901E+01
     5.9500   -3.087839E-02  3.091266E-02  1.732585E+01
     6.0000   -3.047191E-02  3.228662E-02  1.761563E+01
     6.0500   -2.640010E-02  3.309388E-02  1.792603E+01
     6.1000   -1.925015E-02  3.351607E-02  1.823774E+01
     6.1500   -9.887142E-03  3.353269E-02  1.855026E+01
     6.2000    4.490352E-04  3.312908E-02  1.886311E+01
     6.2500    1.035127E-02  3.229673E-02  1.917582E+01
     6.3000    1.849031E-02  3.103353E-02  1.948784E+01
     6.3500    2.385077E-02  2.934404E-02  1.979849E+01
     6.4000    2.591220E-02  2.723974E-02  2.010687E+01
     6.4500    2.473841E-02  2.473936E-02  2.041159E+01
     6.5000    2.095594E-02  2.186959E-02  2.071043E+01
     6.5500    1.547618E-02  1.857243E-02  2.100612E+01
     6.6000    9.870499E-03  1.512381E-02  2.128008E+01
     6.6500    5.355604E-03  1.162083E-02  2.151218E+01
     6.7000    2.752428E-03  8.252942E-03  2.165113E+01
     6.7500    2.331377E-03  5.553267E-03  2.155790E+01
     6.8000    3.780033E-03  4.970188E-03  2.112700E+01
     6.8500    6.296056E-03  7.051301E-03  2.088742E+01
     6.9000    8.782012E-03  1.022264E-02  2.095769E+01
     6.9500    1.009860E-02  1.365170E-02  2.115848E+01
     7.0000    9.322257E-03  1.707441E-02  2.141359E+01
     7.0500    5.635861E-03  2.012373E-02  2.170729E+01
     7.1000   -4.908282E-04  2.293283E-02  2.201255E+01
     7.1500   -8.323265E-03  2.547312E-02  2.232401E+01
     7.2000   -1.672562E-02  2.772800E-02  2.263866E+01
     7.2500   -2.438161E-02  2.968978E-02  2.295468E+01
     7.3000   -3.003923E-02  3.135822E-02  2.327088E+01
     7.3500   -3.272965E-02  3.273946E-02  2.358642E+01
     7.4000   -3.192132E-02  3.384515E-02  2.390073E+01
     7.4500   -2.758708E-02  3.469159E-02  2.421339E+01
     7.5000   -2.018243E-02  3.529875E-02  2.452409E+01
     7.5500   -1.028164E-02  3.538479E-02  2.483792E+01
     7.6000    5.756787E-04  3.528137E-02  2.514906E+01
     7.6500    1.117577E-02  3.502033E-02  2.545754E+01
     7.7000    2.042510E-02  3.463121E-02  2.576354E+01
     7.7500    2.746017E-02  3.413985E-02  2.606731E+01
     7.8000    3.170877E-02  3.356714E-02  2.636923E+01
     7.8500    3.290929E-02  3.292810E-02  2.666973E+01
     7.9000    3.109988E-02  3.223152E-02  2.696931E+01
     7.9500    2.658933E-02  3.148002E-02  2.726844E+01
     8.0000    1.991691E-02  3.067066E-02  2.756756E+01
     8.0500    1.165059E-02  2.970555E-02  2.787131E+01
     8.1000    2.828984E-03  2.868421E-02  2.817555E+01
     8.1500   -5.647111E-03  2.759403E-02  2.848044E+01
     8.2000   -1.293558E-02  2.642220E-02  2.878593E+01
     8.2500   -1.834915E-02  2.515752E-02  2.909174E+01
     8.3000   -2.144568E-02  2.379215E-02  2.939727E+01
     8.3500   -2.209354E-02  2.232298E-02  2.970163E+01
     8.4000   -2.049330E-02  2.075295E-02  3.000348E+01
     8.4500   -1.714306E-02  1.909221E-02  3.030093E+01
     8.5000   -1.274681E-02  1.735955E-02  3.059132E+01
     8.5500   -8.015310E-03  1.562667E-02  3.087734E+01
     8.6000   -3.675258E-03  1.388999E-02  3.114814E+01
     8.6500   -2.352969E-04  1.220702E-02  3.139665E+01
     8.7000    2.094529E-03  1.065962E-02  3.161371E+01
     8.7500    3.418266E-03  9.360378E-03  3.178976E+01
     8.8000    4.089572E-03  8.447897E-03  3.192125E+01
     8.8500    4.582855E-03  8.047758E-03  3.202177E+01
     8.9000    5.333868E-03  8.196964E-03  3.212445E+01
     8.9500    6.593205E-03  8.805032E-03  3.226218E+01
     9.0000    8.334030E-03  9.708371E-03  3.244814E+01
     9.0500    1.026790E-02  1.075554E-02  3.268445E+01
     9.1000    1.182210E-02  1.182800E-02  3.295512E+01
     9.1500    1.239184E-02  1.283963E-02  3.325160E+01
     9.2000    1.148034E-02  1.372901E-02  3.356718E+01
     9.2500    8.867284E-03  1.445230E-02  3.389696E+01
     9.3000    4.712647E-03  1.497846E-02  3.423745E+01
     9.3500   -4.376037E-04  1.528620E-02  3.458615E+01
     9.4000   -5.751170E-03  1.536221E-02  3.494124E+01
     9.4500   -1.029236E-02  1.519996E-02  3.530138E+01
     9.5000   -1.324235E-02  1.479884E-02  3.566556E+01
     9.5500   -1.417036E-02  1.423352E-02  3.603407E+01
     9.6000   -1.291890E-02  1.343117E-02  3.640539E+01
     9.6500   -9.867867E-03  1.240073E-02  3.677887E+01
     9.7000   -5.785172E-03  1.115557E-02  3.715391E+01
     9.7500   -1.636146E-03  9.713037E-03  3.752986E+01
     9.8000    1.661150E-03  8.093967E-03  3.790581E+01
     9.8500    3.470321E-03  6.322176E-03  3.828017E+01
     9.9000    3.597950E-03  4.424073E-03  3.864886E+01
     9.9500    2.337675E-03  2.429159E-03  3.899459E+01
    10.0000    3.837445E-04  4.054015E-04  3.894157E+01
    10.0500   -1.384399E-03  1.802012E-03  3.682301E+01
    10.1000   -2.098216E-03  3.986183E-03  3.714478E+01
    10.1500   -1.156243E-03  6.193960E-03  3.751134E+01
    10.2000    1.577423E-03  8.390983E-03  3.788823E+01
    10.2500    5.693391E-03  1.054604E-02  3.826938E+01
    10.3000    1.030008E-02  1.262920E-02  3.865284E+01
    10.3500    1.421998E-02  1.461206E-02  3.903773E+01
    10.4000    1.627408E-02  1.646821E-02  3.942361E+01
    10.4500    1.558494E-02  1.817370E-02  3.981021E+01
    10.5000    1.182206E-02  1.970741E-02  4.019735E+01
    10.5500    5.325866E-03  2.105140E-02  4.058493E+01
    10.6000   -2.924093E-03  2.219118E-02  4.097286E+01
    10.6500   -1.149336E-02  2.311590E-02  4.136108E+01
    10.7000   -1.878815E-02  2.381843E-02  4.174957E+01
    10.7500   -2.339450E-02  2.429541E-02  4.213832E+01
    10.8000   -2.438261E-02  2.454716E-02  4.252735E+01
    10.8500   -2.150727E-02  2.457759E-02  4.291670E+01
    10.9000   -1.525996E-02  2.439397E-02  4.330644E+01
    10.9500   -6.763780E-03  2.400672E-02  4.369668E+01
    11.0000    2.461991E-03  2.342908E-02  4.408757E+01
    11.0500    1.079970E-02  2.277388E-02  4.447637E+01
    11.1000    1.697726E-02  2.194448E-02  4.486687E+01
    11.1500    2.006164E-02  2.095853E-02  4.525949E+01
    11.2000    1.973370E-02  1.983611E-02  4.565475E+01
    11.2500    1.632002E-02  1.859952E-02  4.605338E+01
    11.3000    1.069297E-02  1.727303E-02  4.645635E+01
    11.3500    4.066845E-03  1.588289E-02  4.686495E+01
    11.4000   -2.261547E-03  1.445736E-02  4.728096E+01
    11.4500   -7.170606E-03  1.302716E-02  4.770677E+01
    11.5000   -9.917225E-03  1.162623E-02  4.814561E+01
    11.5500   -1.024851E-02  1.029303E-02  4.860165E+01
    11.6000   -8.407013E-03  9.072274E-03  4.908003E+01
    11.6500   -5.037824E-03  8.016242E-03  4.958592E+01
    11.7000   -1.025332E-03  7.183018E-03  5.012225E+01
    11.7500    2.701403E-03  6.626887E-03  5.068535E+01
    11.8000    5.353498E-03  6.378137E-03  5.126157E+01
    11.8500    6.422767E-03  6.422877E-03  5.183044E+01
    11.9000    5.755937E-03  6.703654E-03  5.237449E+01
    11.9500    3.555724E-03  7.142936E-03  5.288602E+01
    12.0000    3.162668E-04  7.667722E-03  5.336582E+01
    12.0500   -3.248662E-03  8.229264E-03  5.381289E+01
    12.1000   -6.485566E-03  8.775439E-03  5.423875E+01
    12.1500   -8.779280E-03  9.278907E-03  5.464822E+01
    12.2000   -9.699194E-03  9.721164E-03  5.504511E+01
    12.2500   -9.065444E-03  1.008963E-02  5.543235E+01
    12.3000   -6.969692E-03  1.037563E-02  5.581212E+01
    12.3500   -3.750008E-03  1.057314E-02  5.618610E+01
    12.4000    7.388244E-05  1.067788E-02  5.655559E+01
    12.4500    3.893253E-03  1.068688E-02  5.692155E+01
    12.5000    7.115432E-03  1.059817E-02  5.728474E+01
    12.5500    9.264031E-03  1.041064E-02  5.764571E+01
    12.6000    1.005766E-02  1.012410E-02  5.800483E+01
    12.6500    9.453536E-03  9.739319E-03  5.836231E+01
    12.7000    7.647813E-03  9.258150E-03  5.871818E+01
    12.7500    5.031754E-03  8.683731E-03  5.907221E+01
    12.8000    2.111164E-03  8.020661E-03  5.942391E+01
    12.8500   -5.959833E-04  7.275236E-03  5.977227E+01
    12.9000   -2.663420E-03  6.455765E-03  6.011553E+01
    12.9500   -3.840137E-03  5.573082E-03  6.045044E+01
    13.0000   -4.094898E-03  4.641625E-03  6.077080E+01
    13.0500   -3.622361E-03  3.690036E-03  6.106924E+01
    13.1000   -2.731547E-03  2.735826E-03  6.131699E+01
    13.1500   -1.818113E-03  1.846703E-03  6.143725E+01
    13.2000   -1.244722E-03  1.245499E-03  6.122574E+01
    13.2500   -1.241552E-03  1.395613E-03  6.078675E+01
    13.3000   -1.837837E-03  2.124486E-03  6.073556E+01
    13.3500   -2.844262E-03  3.006080E-03  6.093145E+01
    13.4000   -3.894659E-03  3.897502E-03  6.122286E+01
    13.4500   -4.540660E-03  4.749310E-03  6.155857E+01
    13.5000   -4.378425E-03  5.536378E-03  6.191966E+01
    13.5500   -3.176010E-03  6.242877E-03  6.229813E+01
    13.6000   -9.668086E-04  6.858665E-03  6.269042E+01
    13.6500    1.919885E-03  7.378641E-03  6.309508E+01
    13.7000    4.906157E-03  7.803119E-03  6.351179E+01
    13.7500    7.286347E-03  8.138629E-03  6.394091E+01
    13.8000    8.397293E-03  8.398888E-03  6.438316E+01
    13.8500    7.798268E-03  8.605710E-03  6.483930E+01
    13.9000    5.414478E-03  8.789433E-03  6.530976E+01
    13.9500    1.603000E-03  8.988251E-03  6.579414E+01
    14.0000   -2.883807E-03  9.245647E-03  6.629065E+01
    14.0500   -6.968595E-03  9.566297E-03  6.678951E+01
    14.1000   -9.711316E-03  1.002728E-02  6.729254E+01
    14.1500   -1.032040E-02  1.065191E-02  6.779438E+01
    14.2000   -8.408092E-03  1.144783E-02  6.829015E+01
    14.2500   -4.122144E-03  1.240706E-02  6.877636E+01
    14.3000    1.833517E-03  1.350895E-02  6.925118E+01
    14.3500    8.304456E-03  1.472421E-02  6.971426E+01
    14.4000    1.390414E-02  1.601872E-02  7.016619E+01
    14.4500    1.730371E-02  1.735616E-02  7.060807E+01
    14.5000    1.753150E-02  1.869985E-02  7.104120E+01
    14.5500    1.421406E-02  2.001376E-02  7.146683E+01
    14.6000    7.699388E-03  2.126325E-02  7.188611E+01
    14.6500   -9.728116E-04  2.241556E-02  7.230004E+01
    14.7000   -1.025535E-02  2.344022E-02  7.270946E+01
    14.7500   -1.839781E-02  2.430948E-02  7.311506E+01
    14.8000   -2.380698E-02  2.499864E-02  7.351742E+01
    14.8500   -2.538428E-02  2.548647E-02  7.391701E+01
    14.9000   -2.276378E-02  2.575552E-02  7.431421E+01
    14.9500   -1.639539E-02  2.579242E-02  7.470935E+01
    15.0000   -7.452812E-03  2.558817E-02  7.510268E+01
    15.0500    2.337667E-03  2.516111E-02  7.549127E+01
    15.1000    1.133724E-02  2.450996E-02  7.587910E+01
    15.1500    1.803895E-02  2.363625E-02  7.626646E+01
    15.2000    2.143338E-02  2.254542E-02  7.665363E+01
    15.2500    2.119195E-02  2.124687E-02  7.704093E+01
    15.3000    1.770286E-02  1.975398E-02  7.742876E+01
    15.3500    1.195397E-02  1.808402E-02  7.781763E+01
    15.4000    5.291725E-03  1.625802E-02  7.820829E+01
    15.4500   -8.872285E-04  1.430068E-02  7.860190E+01
    15.5000   -5.440426E-03  1.224034E-02  7.900040E+01
    15.5500   -7.710899E-03  1.010931E-02  7.940737E+01
    15.6000   -7.634988E-03  7.945222E-03  7.983024E+01
    15.6500   -5.706589E-03  5.796436E-03  8.028691E+01
    15.7000   -2.812583E-03  3.745897E-03  8.083207E+01
    15.7500    1.528878E-05  2.062329E-03  8.168882E+01
    15.8000    1.868009E-03  1.876413E-03  8.315753E+01
    15.8500    2.179802E-03  3.253195E-03  8.408873E+01
    15.9000    8.492984E-04  4.876030E-03  8.464793E+01
    15.9500   -1.763883E-03  6.414637E-03  8.510157E+01
    16.0000   -4.959660E-03  7.785331E-03  8.551367E+01
    16.0500   -7.837071E-03  8.946401E-03  8.589051E+01
    16.1000   -9.818228E-03  9.912323E-03  8.625590E+01
    16.1500   -1.042043E-02  1.067409E-02  8.661224E+01
    16.2000   -9.473833E-03  1.122828E-02  8.696037E+01
    16.2500   -7.138103E-03  1.157709E-02  8.730021E+01
    16.3000   -3.839755E-03  1.172883E-02  8.763107E+01
    16.3500   -1.514162E-04  1.169862E-02  8.795165E+01
    16.4000    3.352278E-03  1.150941E-02  8.826014E+01
    16.4500    6.223796E-03  1.119330E-02  8.855419E+01
    16.5000    8.224766E-03  1.079309E-02  8.883105E+01
    16.5500    9.343293E-03  1.036358E-02  8.908793E+01
    16.6000    9.747300E-03  9.971560E-03  8.932291E+01
    16.6500    9.692107E-03  9.692111E-03  8.953636E+01
    16.7000    9.412313E-03  9.598518E-03  8.973268E+01
    16.7500    9.031215E-03  9.745930E-03  8.992074E+01
    16.8000    8.514829E-03  1.015557E-02  9.011177E+01
    16.8500    7.683946E-03  1.080990E-02  9.031552E+01
    16.9000    6.280439E-03  1.166188E-02  9.053748E+01
    16.9500    4.068038E-03  1.265044E-02  9.077880E+01
    17.0000    9.375620E-04  1.371333E-02  9.103776E+01
    17.0500   -3.029183E-03  1.473293E-02  9.131327E+01
    17.1000   -7.421740E-03  1.570829E-02  9.159828E+01
    17.1500   -1.172843E-02  1.661205E-02  9.189005E+01
    17.2000   -1.536947E-02  1.742544E-02  9.218630E+01
    17.2500   -1.780487E-02  1.813737E-02  9.248521E+01
    17.3000   -1.863382E-02  1.874363E-02  9.278528E+01
    17.3500   -1.766361E-02  1.924605E-02  9.308533E+01
    17.4000   -1.493551E-02  1.965180E-02  9.338446E+01
    17.4500   -1.070698E-02  1.997244E-02  9.368198E+01
    17.5000   -5.399580E-03  2.022285E-02  9.397750E+01
    17.5500    4.705004E-04  2.041990E-02  9.427082E+01
    17.6000    6.362015E-03  2.058101E-02  9.456205E+01
    17.6500    1.176443E-02  2.072241E-02  9.485151E+01
    17.7000    1.623381E-02  2.085748E-02  9.513977E+01
    17.7500    1.941064E-02  2.099526E-02  9.542757E+01
    17.8000    2.102756E-02  2.113919E-02  9.571576E+01
    17.8500    2.091681E-02  2.128653E-02  9.600523E+01
    17.9000    1.902456E-02  2.142834E-02  9.629678E+01
    17.9500    1.543300E-02  2.155005E-02  9.659111E+01
    18.0000    1.038388E-02  2.163256E-02  9.688870E+01
    18.0500    4.313680E-03  2.167931E-02  9.718906E+01
    18.1000   -2.258128E-03  2.164755E-02  9.749388E+01
    18.1500   -8.646267E-03  2.150712E-02  9.780309E+01
    18.2000   -1.411039E-02  2.122947E-02  9.811641E+01
    18.2500   -1.797028E-02  2.078924E-02  9.843333E+01
    18.3000   -1.973504E-02  2.016546E-02  9.875319E+01
    18.3500   -1.921483E-02  1.934246E-02  9.907511E+01
    18.4000   -1.658317E-02  1.831054E-02  9.939802E+01
    18.4500   -1.236617E-02  1.706642E-02  9.972052E+01
    18.5000   -7.352365E-03  1.561378E-02  1.000407E+02
    18.5500   -2.436834E-03  1.396396E-02  1.003556E+02
    18.6000    1.567596E-03  1.213741E-02  1.006605E+02
    18.6500    4.108135E-03  1.016733E-02  1.009469E+02
    18.7000    5.014186E-03  8.109789E-03  1.011975E+02
    18.7500    4.530742E-03  6.075614E-03  1.013726E+02
    18.8000    3.250764E-03  4.342930E-03  1.013768E+02
    18.8500    1.959452E-03  3.626260E-03  1.011018E+02
    18.9000    1.426397E-03  4.547202E-03  1.008500E+02
    18.9500    2.196218E-03  6.451241E-03  1.008783E+02
    19.0000    4.430435E-03  8.682895E-03  1.010664E+02
    19.0500    7.829050E-03  1.100140E-02  1.013228E+02
    19.1000    1.175764E-02  1.329530E-02  1.016161E+02
    19.1500    1.526416E-02  1.549358E-02  1.019295E+02
    19.2000    1.734067E-02  1.754531E-02  1.022546E+02
    19.2500    1.717001E-02  1.941020E-02  1.025870E+02
    19.3000    1.433721E-02  2.105543E-02  1.029235E+02
    19.3500    8.952749E-03  2.245462E-02  1.032625E+02
    19.4000    1.655875E-03  2.358770E-02  1.036023E+02
    19.4500   -6.503925E-03  2.444106E-02  1.039419E+02
    19.5000   -1.427906E-02  2.500786E-02  1.042803E+02
    19.5500   -2.047849E-02  2.528838E-02  1.046164E+02
    19.6000   -2.420417E-02  2.529034E-02  1.049492E+02
    19.6500   -2.501452E-02  2.502929E-02  1.052777E+02
    19.7000   -2.297998E-02  2.452893E-02  1.056006E+02
    19.7500   -1.862363E-02  2.382150E-02  1.059166E+02
    19.8000   -1.276889E-02  2.294816E-02  1.062241E+02
    19.8500   -6.338069E-03  2.195921E-02  1.065214E+02
    19.9000   -1.552645E-04  2.091408E-02  1.068067E+02
    19.9500    5.198060E-03  1.988039E-02  1.070787E+02
    20.0000    9.443812E-03  1.893134E-02  1.073364E+02
