 comment: None given                            Feff8L (EXAFS)       0.1
 Source:
 Structure Summary:  Pt2
 Reduced formula:  Pt
 space group: (P6_3/mmc), space number:  (194)
 abc:  2.760666   2.760665   4.792134
 angles: 90.000000  90.000000 120.000009
 sites: 2
 mp-2647022
 POT  Non-SCF, core-hole, AFOLP (folp(0)= 1.150)
 Abs   Z=78 Rmt= 1.481 Rnm= 1.520 L3 shell
 Pot 1 Z=78 Rmt= 1.495 Rnm= 1.537
 Gam_ch=5.171E+00 H-L exch
 Mu=-1.529E-01 kf=1.999E+00 Vint=-1.538E+01 Rs_int= 1.814
 PATH  Rmax= 6.000,  Keep_limit= 0.00, Heap_limit 0.00  Pwcrit= 2.50%
 Path   13      icalc       2
 -----------------------------------------------------------------------
   3  24.000   5.2443    2.9035   -0.15286 nleg, deg, reff, rnrmav(bohr), edge
        x         y         z   pot at#
    -0.0000   -0.0000   -0.0000  0  78 Pt       absorbing atom
     0.0000   -1.5939   -2.3961  1  78 Pt
    -1.3803    2.3908   -0.0000  1  78 Pt
    k   real[2*phc]   mag[feff]  phase[feff] red factor   lambda     real[p]@#
  0.000  1.1550E+01  4.8543E-06 -1.1487E+01  1.054E+00  5.9127E+00  2.0062E+00
  0.100  1.1549E+01  2.2680E-02 -1.2511E+01  1.054E+00  5.9197E+00  2.0085E+00
  0.200  1.1547E+01  4.4835E-02 -1.3487E+01  1.055E+00  5.9404E+00  2.0156E+00
  0.300  1.1543E+01  6.5974E-02 -1.4415E+01  1.056E+00  5.9742E+00  2.0274E+00
  0.400  1.1537E+01  8.5679E-02 -1.5297E+01  1.057E+00  6.0201E+00  2.0438E+00
  0.500  1.1529E+01  1.0362E-01 -1.6133E+01  1.058E+00  6.0765E+00  2.0647E+00
  0.600  1.1520E+01  1.1959E-01 -1.6925E+01  1.059E+00  6.1418E+00  2.0900E+00
  0.700  1.1509E+01  1.3344E-01 -1.7675E+01  1.061E+00  6.2137E+00  2.1196E+00
  0.800  1.1495E+01  1.4514E-01 -1.8384E+01  1.062E+00  6.2900E+00  2.1533E+00
  0.900  1.1480E+01  1.5473E-01 -1.9054E+01  1.064E+00  6.3681E+00  2.1910E+00
  1.000  1.1463E+01  1.6230E-01 -1.9684E+01  1.065E+00  6.4455E+00  2.2325E+00
  1.100  1.1445E+01  1.6797E-01 -2.0278E+01  1.067E+00  6.5197E+00  2.2777E+00
  1.200  1.1424E+01  1.7187E-01 -2.0834E+01  1.068E+00  6.5883E+00  2.3266E+00
  1.300  1.1401E+01  1.7412E-01 -2.1354E+01  1.070E+00  6.6494E+00  2.3789E+00
  1.400  1.1376E+01  1.7484E-01 -2.1837E+01  1.071E+00  6.7013E+00  2.4347E+00
  1.500  1.1349E+01  1.7411E-01 -2.2283E+01  1.073E+00  6.7432E+00  2.4939E+00
  1.600  1.1321E+01  1.7200E-01 -2.2691E+01  1.074E+00  6.7750E+00  2.5563E+00
  1.700  1.1290E+01  1.6856E-01 -2.3060E+01  1.076E+00  6.7973E+00  2.6221E+00
  1.800  1.1257E+01  1.6376E-01 -2.3390E+01  1.078E+00  6.8120E+00  2.6912E+00
  1.900  1.1223E+01  1.5766E-01 -2.3679E+01  1.079E+00  6.8219E+00  2.7636E+00
  2.000  1.1186E+01  1.5019E-01 -2.3926E+01  1.081E+00  6.8310E+00  2.8396E+00
  2.200  1.1107E+01  1.3101E-01 -2.4279E+01  1.084E+00  6.8695E+00  3.0023E+00
  2.400  1.0981E+01  9.7485E-02 -2.4353E+01  1.060E+00  6.9384E+00  3.1948E+00
  2.600  1.0903E+01  9.8992E-02 -2.4708E+01  1.192E+00  4.9172E+00  3.3608E+00
  2.800  1.0902E+01  8.3764E-02 -2.5100E+01  1.224E+00  4.4823E+00  3.4922E+00
  3.000  1.0889E+01  6.3484E-02 -2.5294E+01  1.244E+00  4.2747E+00  3.6316E+00
  3.200  1.0865E+01  4.6324E-02 -2.5242E+01  1.248E+00  4.1966E+00  3.7784E+00
  3.400  1.0834E+01  4.1065E-02 -2.5052E+01  1.246E+00  4.1926E+00  3.9309E+00
  3.600  1.0796E+01  4.2679E-02 -2.4990E+01  1.240E+00  4.2369E+00  4.0884E+00
  3.800  1.0750E+01  4.2295E-02 -2.5092E+01  1.229E+00  4.3157E+00  4.2505E+00
  4.000  1.0698E+01  3.9023E-02 -2.5283E+01  1.218E+00  4.4204E+00  4.4166E+00
  4.200  1.0639E+01  3.2325E-02 -2.5522E+01  1.204E+00  4.5455E+00  4.5863E+00
  4.400  1.0574E+01  2.4807E-02 -2.5806E+01  1.190E+00  4.6874E+00  4.7591E+00
  4.600  1.0503E+01  1.7480E-02 -2.6160E+01  1.176E+00  4.8433E+00  4.9347E+00
  4.800  1.0429E+01  1.1747E-02 -2.6659E+01  1.162E+00  5.0112E+00  5.1128E+00
  5.000  1.0352E+01  8.6234E-03 -2.7396E+01  1.148E+00  5.1897E+00  5.2930E+00
  5.200  1.0272E+01  9.0597E-03 -2.8141E+01  1.136E+00  5.3775E+00  5.4751E+00
  5.400  1.0192E+01  1.0919E-02 -2.8677E+01  1.123E+00  5.5736E+00  5.6589E+00
  5.600  1.0110E+01  1.2816E-02 -2.9040E+01  1.111E+00  5.7773E+00  5.8442E+00
  5.800  1.0029E+01  1.4222E-02 -2.9324E+01  1.099E+00  5.9879E+00  6.0308E+00
  6.000  9.9474E+00  1.4991E-02 -2.9566E+01  1.089E+00  6.2050E+00  6.2186E+00
  6.500  9.7434E+00  1.4406E-02 -3.0063E+01  1.062E+00  6.7726E+00  6.6924E+00
  7.000  9.5376E+00  1.1602E-02 -3.0462E+01  1.036E+00  7.3719E+00  7.1711E+00
  7.500  9.3296E+00  8.7723E-03 -3.0776E+01  1.013E+00  7.9989E+00  7.6535E+00
  8.000  9.1220E+00  6.6378E-03 -3.1002E+01  9.932E-01  8.6505E+00  8.1389E+00
  8.500  8.9179E+00  5.2380E-03 -3.1153E+01  9.785E-01  9.3244E+00  8.6265E+00
  9.000  8.7182E+00  4.5123E-03 -3.1289E+01  9.667E-01  1.0019E+01  9.1160E+00
  9.500  8.5229E+00  4.2552E-03 -3.1492E+01  9.568E-01  1.0732E+01  9.6069E+00
 10.000  8.3325E+00  4.0790E-03 -3.1808E+01  9.487E-01  1.1463E+01  1.0099E+01
 11.000  7.9692E+00  4.0106E-03 -3.2788E+01  9.380E-01  1.2974E+01  1.1086E+01
 12.000  7.6275E+00  5.3727E-03 -3.3794E+01  9.316E-01  1.4544E+01  1.2076E+01
 13.000  7.3058E+00  7.3175E-03 -3.4520E+01  9.274E-01  1.6167E+01  1.3068E+01
 14.000  7.0039E+00  8.9264E-03 -3.5065E+01  9.256E-01  1.7839E+01  1.4061E+01
 15.000  6.7191E+00  9.7867E-03 -3.5548E+01  9.244E-01  1.9556E+01  1.5056E+01
 16.000  6.4517E+00  9.8940E-03 -3.5991E+01  9.239E-01  2.1315E+01  1.6051E+01
 17.000  6.1986E+00  9.4701E-03 -3.6431E+01  9.225E-01  2.3112E+01  1.7047E+01
 18.000  5.9586E+00  8.5656E-03 -3.6860E+01  9.211E-01  2.4946E+01  1.8044E+01
 19.000  5.7288E+00  7.5972E-03 -3.7286E+01  9.204E-01  2.6813E+01  1.9041E+01
 20.000  5.5098E+00  6.6126E-03 -3.7726E+01  9.204E-01  2.8712E+01  2.0038E+01
