 comment: None given                            Feff8L (EXAFS)       0.1
 Source:
 Structure Summary:  Pt2
 Reduced formula:  Pt
 space group: (P6_3/mmc), space number:  (194)
 abc:  2.760666   2.760665   4.792134
 angles: 90.000000  90.000000 120.000009
 sites: 2
 mp-2647022
 POT  Non-SCF, core-hole, AFOLP (folp(0)= 1.150)
 Abs   Z=78 Rmt= 1.481 Rnm= 1.520 L3 shell
 Pot 1 Z=78 Rmt= 1.495 Rnm= 1.537
 Gam_ch=5.171E+00 H-L exch
 Mu=-1.529E-01 kf=1.999E+00 Vint=-1.538E+01 Rs_int= 1.814
 PATH  Rmax= 6.000,  Keep_limit= 0.00, Heap_limit 0.00  Pwcrit= 2.50%
 Path   25      icalc       2
 -----------------------------------------------------------------------
   3  24.000   5.6430    2.9035   -0.15286 nleg, deg, reff, rnrmav(bohr), edge
        x         y         z   pot at#
    -0.0000   -0.0000   -0.0000  0  78 Pt       absorbing atom
     1.3803    2.3908   -4.7921  1  78 Pt
     1.3803    0.7969   -2.3961  1  78 Pt
    k   real[2*phc]   mag[feff]  phase[feff] red factor   lambda     real[p]@#
  0.000  1.1550E+01  8.8457E-06 -1.4513E+01  1.054E+00  5.9127E+00  2.0062E+00
  0.100  1.1549E+01  4.1406E-02 -1.5617E+01  1.054E+00  5.9197E+00  2.0085E+00
  0.200  1.1547E+01  8.2308E-02 -1.6672E+01  1.055E+00  5.9404E+00  2.0156E+00
  0.300  1.1543E+01  1.2223E-01 -1.7679E+01  1.056E+00  5.9742E+00  2.0274E+00
  0.400  1.1537E+01  1.6077E-01 -1.8639E+01  1.057E+00  6.0201E+00  2.0438E+00
  0.500  1.1529E+01  1.9759E-01 -1.9552E+01  1.058E+00  6.0765E+00  2.0647E+00
  0.600  1.1520E+01  2.3244E-01 -2.0421E+01  1.059E+00  6.1418E+00  2.0900E+00
  0.700  1.1509E+01  2.6514E-01 -2.1246E+01  1.061E+00  6.2137E+00  2.1196E+00
  0.800  1.1495E+01  2.9559E-01 -2.2030E+01  1.062E+00  6.2900E+00  2.1533E+00
  0.900  1.1480E+01  3.2373E-01 -2.2774E+01  1.064E+00  6.3681E+00  2.1910E+00
  1.000  1.1463E+01  3.4951E-01 -2.3479E+01  1.065E+00  6.4455E+00  2.2325E+00
  1.100  1.1445E+01  3.7290E-01 -2.4145E+01  1.067E+00  6.5197E+00  2.2777E+00
  1.200  1.1424E+01  3.9383E-01 -2.4775E+01  1.068E+00  6.5883E+00  2.3266E+00
  1.300  1.1401E+01  4.1224E-01 -2.5369E+01  1.070E+00  6.6494E+00  2.3789E+00
  1.400  1.1376E+01  4.2802E-01 -2.5927E+01  1.071E+00  6.7013E+00  2.4347E+00
  1.500  1.1349E+01  4.4102E-01 -2.6449E+01  1.073E+00  6.7432E+00  2.4939E+00
  1.600  1.1321E+01  4.5111E-01 -2.6936E+01  1.074E+00  6.7750E+00  2.5563E+00
  1.700  1.1290E+01  4.5813E-01 -2.7386E+01  1.076E+00  6.7973E+00  2.6221E+00
  1.800  1.1257E+01  4.6193E-01 -2.7800E+01  1.078E+00  6.8120E+00  2.6912E+00
  1.900  1.1223E+01  4.6247E-01 -2.8175E+01  1.079E+00  6.8219E+00  2.7636E+00
  2.000  1.1186E+01  4.5973E-01 -2.8510E+01  1.081E+00  6.8310E+00  2.8396E+00
  2.200  1.1107E+01  4.4428E-01 -2.9047E+01  1.084E+00  6.8695E+00  3.0023E+00
  2.400  1.0981E+01  4.0924E-01 -2.9266E+01  1.060E+00  6.9384E+00  3.1948E+00
  2.600  1.0903E+01  4.4396E-01 -2.9699E+01  1.192E+00  4.9172E+00  3.3608E+00
  2.800  1.0902E+01  4.4243E-01 -3.0366E+01  1.224E+00  4.4823E+00  3.4922E+00
  3.000  1.0889E+01  4.4581E-01 -3.0896E+01  1.244E+00  4.2747E+00  3.6316E+00
  3.200  1.0865E+01  4.5307E-01 -3.1312E+01  1.248E+00  4.1966E+00  3.7784E+00
  3.400  1.0834E+01  4.6174E-01 -3.1661E+01  1.246E+00  4.1926E+00  3.9309E+00
  3.600  1.0796E+01  4.6808E-01 -3.1977E+01  1.240E+00  4.2369E+00  4.0884E+00
  3.800  1.0750E+01  4.5858E-01 -3.2272E+01  1.229E+00  4.3157E+00  4.2505E+00
  4.000  1.0698E+01  4.3916E-01 -3.2559E+01  1.218E+00  4.4204E+00  4.4166E+00
  4.200  1.0639E+01  3.9953E-01 -3.2832E+01  1.204E+00  4.5455E+00  4.5863E+00
  4.400  1.0574E+01  3.5035E-01 -3.3096E+01  1.190E+00  4.6874E+00  4.7591E+00
  4.600  1.0503E+01  2.9065E-01 -3.3352E+01  1.176E+00  4.8433E+00  4.9347E+00
  4.800  1.0429E+01  2.2533E-01 -3.3611E+01  1.162E+00  5.0112E+00  5.1128E+00
  5.000  1.0352E+01  1.5681E-01 -3.3888E+01  1.148E+00  5.1897E+00  5.2930E+00
  5.200  1.0272E+01  9.0907E-02 -3.4292E+01  1.136E+00  5.3775E+00  5.4751E+00
  5.400  1.0192E+01  4.2163E-02 -3.5330E+01  1.123E+00  5.5736E+00  5.6589E+00
  5.600  1.0110E+01  7.1433E-02 -3.6671E+01  1.111E+00  5.7773E+00  5.8442E+00
  5.800  1.0029E+01  1.2846E-01 -3.7104E+01  1.099E+00  5.9879E+00  6.0308E+00
  6.000  9.9474E+00  1.8357E-01 -3.7339E+01  1.089E+00  6.2050E+00  6.2186E+00
  6.500  9.7434E+00  2.8570E-01 -3.7714E+01  1.062E+00  6.7726E+00  6.6924E+00
  7.000  9.5376E+00  3.3020E-01 -3.7990E+01  1.036E+00  7.3719E+00  7.1711E+00
  7.500  9.3296E+00  3.3139E-01 -3.8222E+01  1.013E+00  7.9989E+00  7.6535E+00
  8.000  9.1220E+00  3.0802E-01 -3.8422E+01  9.932E-01  8.6505E+00  8.1389E+00
  8.500  8.9179E+00  2.7363E-01 -3.8580E+01  9.785E-01  9.3244E+00  8.6265E+00
  9.000  8.7182E+00  2.3806E-01 -3.8691E+01  9.667E-01  1.0019E+01  9.1160E+00
  9.500  8.5229E+00  2.0807E-01 -3.8759E+01  9.568E-01  1.0732E+01  9.6069E+00
 10.000  8.3325E+00  1.8751E-01 -3.8800E+01  9.487E-01  1.1463E+01  1.0099E+01
 11.000  7.9692E+00  1.7459E-01 -3.8875E+01  9.380E-01  1.2974E+01  1.1086E+01
 12.000  7.6275E+00  1.8332E-01 -3.9023E+01  9.316E-01  1.4544E+01  1.2076E+01
 13.000  7.3058E+00  1.9616E-01 -3.9260E+01  9.274E-01  1.6167E+01  1.3068E+01
 14.000  7.0039E+00  2.0705E-01 -3.9543E+01  9.256E-01  1.7839E+01  1.4061E+01
 15.000  6.7191E+00  2.1173E-01 -3.9873E+01  9.244E-01  1.9556E+01  1.5056E+01
 16.000  6.4517E+00  2.0446E-01 -4.0241E+01  9.239E-01  2.1315E+01  1.6051E+01
 17.000  6.1986E+00  1.8261E-01 -4.0619E+01  9.225E-01  2.3112E+01  1.7047E+01
 18.000  5.9586E+00  1.5312E-01 -4.0983E+01  9.211E-01  2.4946E+01  1.8044E+01
 19.000  5.7288E+00  1.2059E-01 -4.1344E+01  9.204E-01  2.6813E+01  1.9041E+01
 20.000  5.5098E+00  8.8130E-02 -4.1704E+01  9.204E-01  2.8712E+01  2.0038E+01
