# comment: None given                          Feff8L (EXAFS)       0.1      
# Source:
# Structure Summary:  Fe2 O2
# Reduced formula:  FeO
# space group: (Fm-3m), space number:  (225)
# abc:  4.258326   3.015442   4.264480
# angles: 45.000000  90.000000  90.000000
# sites: 4
# mp-18905
# POT  Non-SCF, core-hole, AFOLP (folp(0)= 1.150)
# Abs   Z=26 Rmt= 1.357 Rnm= 1.418 K  shell
# Pot 1 Z=26 Rmt= 1.364 Rnm= 1.425
# Pot 2 Z= 8 Rmt= 1.020 Rnm= 1.067
# Gam_ch=1.309E+00 H-L exch
# Mu=-3.584E+00 kf=2.218E+00 Vint=-2.233E+01 Rs_int= 1.635
# PATH  Rmax= 6.000,  Keep_limit= 0.00, Heap_limit 0.00  Pwcrit= 2.50%
#  S02=1.000                                        Global_sig2= 0.00000
#  Curved wave amplitude ratio filter   4.000%
#     file         sig2 tot  cw amp ratio   deg  nlegs   reff  inp sig2
#           1       0.00000    100.00      2.00     2   2.1292
#           2       0.00000    199.40      4.00     2   2.1322
#           3       0.00000    193.20      8.00     2   3.0133
#           4       0.00000     96.44      4.00     2   3.0154
#           5       0.00000     26.88     16.00     3   3.6373
#           6       0.00000     18.01     16.00     3   3.6373
#           7       0.00000     18.02     16.00     3   3.6373
#           8       0.00000     13.40      8.00     3   3.6400
#           9       0.00000     17.97     16.00     3   3.6400
#          10       0.00000    107.70      8.00     2   3.6914
#          11       0.00000     20.75      2.00     2   4.2583
#          12       0.00000     14.32      2.00     3   4.2583
#          13       0.00000     52.62      4.00     3   4.2583
#          14       0.00000     12.22      2.00     4   4.2583
#          15       0.00000      4.62      2.00     4   4.2583
#          16       0.00000     33.29      2.00     4   4.2583
#          17       0.00000      6.43      8.00     4   4.2614
#          18       0.00000      6.44      8.00     4   4.2614
#          20       0.00000     41.34      4.00     2   4.2645
#          21       0.00000     28.49      4.00     3   4.2645
#          22       0.00000    104.70      8.00     3   4.2645
#          23       0.00000     24.28      4.00     4   4.2645
#          24       0.00000      9.19      4.00     4   4.2645
#          25       0.00000     66.18      4.00     4   4.2645
#          26       0.00000      6.41      8.00     4   4.2645
#          28       0.00000      6.74     16.00     3   4.4180
#          29       0.00000     13.48     32.00     3   4.4184
#          30       0.00000     18.42     16.00     3   4.4180
#          31       0.00000     36.80     32.00     3   4.4184
#          32       0.00000     24.07     16.00     3   4.4180
#          33       0.00000     48.11     32.00     3   4.4184
#          34       0.00000      7.93     16.00     3   4.5210
#          35       0.00000     15.91     32.00     3   4.5210
#          36       0.00000     55.27      8.00     2   4.7623
#          37       0.00000     55.14      8.00     2   4.7665
#          38       0.00000     55.10      8.00     2   4.7678
#          39       0.00000     21.81     16.00     3   4.9524
#          40       0.00000     47.07     16.00     3   4.9524
#          41       0.00000     28.97     16.00     3   4.9524
#          42       0.00000     21.80     16.00     3   4.9560
#          43       0.00000     47.07     16.00     3   4.9560
#          44       0.00000     28.96     16.00     3   4.9560
#          45       0.00000     21.75     16.00     3   4.9578
#          46       0.00000     46.95     16.00     3   4.9578
#          47       0.00000     28.88     16.00     3   4.9578
#          48       0.00000      6.80     16.00     3   5.1424
#          50       0.00000      6.08     16.00     4   5.1424
#          51       0.00000      9.92     16.00     4   5.1424
#          52       0.00000     10.16      8.00     4   5.1424
#          53       0.00000     16.12      8.00     4   5.1424
#          54       0.00000      4.58      8.00     4   5.1424
#          55       0.00000      6.13     16.00     4   5.1424
#          56       0.00000     12.80     16.00     4   5.1424
#          57       0.00000      9.33     16.00     4   5.1424
#          59       0.00000      6.92     32.00     4   5.1451
#          60       0.00000      6.91     32.00     4   5.1451
#          61       0.00000      6.80     16.00     3   5.1455
#          63       0.00000      6.08     16.00     4   5.1455
#          64       0.00000      9.91     16.00     4   5.1455
#          65       0.00000     10.15      8.00     4   5.1455
#          66       0.00000      4.17     16.00     4   5.1455
#          67       0.00000     16.13      8.00     4   5.1455
#          68       0.00000      8.09     16.00     4   5.1455
#          69       0.00000      4.59      8.00     4   5.1455
#          71       0.00000      6.12     16.00     4   5.1455
#          72       0.00000      6.91     32.00     4   5.1455
#          73       0.00000     12.82     16.00     4   5.1455
#          74       0.00000      9.31     16.00     4   5.1455
#          75       0.00000      6.78     16.00     3   5.1477
#          77       0.00000      6.07     16.00     4   5.1477
#          78       0.00000      9.88     16.00     4   5.1477
#          79       0.00000     10.12      8.00     4   5.1477
#          80       0.00000     16.07      8.00     4   5.1477
#          81       0.00000      4.57      8.00     4   5.1477
#          82       0.00000      6.10     16.00     4   5.1477
#          83       0.00000     12.76     16.00     4   5.1477
#          84       0.00000      9.28     16.00     4   5.1477
#          85       0.00000     48.29      8.00     2   5.2179
#          86       0.00000     96.39     16.00     2   5.2216
#          87       0.00000     19.08     16.00     3   5.5192
#          88       0.00000     13.72     16.00     3   5.5192
#          89       0.00000     16.05     16.00     3   5.5192
#          90       0.00000     38.15     32.00     3   5.5226
#          91       0.00000     27.42     32.00     3   5.5226
#          92       0.00000     32.00     32.00     3   5.5226
#          94       0.00000      8.24     16.00     3   5.5765
#          95       0.00000     10.04     16.00     3   5.5765
#          97       0.00000     11.82     16.00     4   5.5765
#          98       0.00000      8.39     16.00     4   5.5765
#         100       0.00000      8.23     16.00     3   5.5800
#         101       0.00000     10.02     16.00     3   5.5800
#         103       0.00000     11.78     16.00     4   5.5800
#         104       0.00000      8.37     16.00     4   5.5800
#         106       0.00000      8.21     16.00     3   5.5823
#         107       0.00000     10.00     16.00     3   5.5823
#         109       0.00000     11.75     16.00     4   5.5823
#         110       0.00000      8.35     16.00     4   5.5823
#         111       0.00000      7.39     16.00     3   5.6222
#         112       0.00000     16.88     32.00     3   5.6222
#         113       0.00000     14.79     32.00     3   5.6252
#         114       0.00000     16.91     32.00     3   5.6252
#         115       0.00000     16.90     32.00     3   5.6252
#         116       0.00000      4.66     32.00     3   5.7335
#         117       0.00000     16.50     32.00     3   5.7335
#         118       0.00000     12.24     32.00     3   5.7335
#         119       0.00000      4.69     32.00     3   5.7362
#         120       0.00000      4.67     32.00     3   5.7366
#         121       0.00000     16.50     32.00     3   5.7362
#         122       0.00000     16.48     32.00     3   5.7366
#         123       0.00000     12.24     32.00     3   5.7362
#         124       0.00000     12.22     32.00     3   5.7366
#         127       0.00000      8.46     16.00     4   5.7665
#         130       0.00000     10.84     16.00     5   5.7665
#         134       0.00000      8.45     16.00     4   5.7696
#         137       0.00000     10.82     16.00     5   5.7696
#         141       0.00000      8.42     16.00     4   5.7722
#         144       0.00000     10.78     16.00     5   5.7722
#         146       0.00000      4.32     16.00     4   5.8205
#         149       0.00000      5.61     16.00     4   5.8205
#         150       0.00000      4.90     16.00     4   5.8205
#         151       0.00000      4.65     32.00     3   5.8236
#         152       0.00000      8.63     32.00     4   5.8236
#         153       0.00000      5.99     32.00     4   5.8236
#         154       0.00000      4.64     16.00     4   5.8236
#         155       0.00000      7.48     16.00     4   5.8236
#         157       0.00000      5.34     16.00     4   5.8236
#         158       0.00000     11.17     32.00     4   5.8236
#         159       0.00000      9.79     32.00     4   5.8236
#         160       0.00000      6.32     32.00     4   5.8236
#         161       0.00000      4.72     16.00     4   5.8236
#         162       0.00000      7.01     32.00     4   5.9235
#         163       0.00000      8.87     32.00     4   5.9235
#         164       0.00000      4.26     32.00     4   5.9235
#         165       0.00000      4.47     32.00     4   5.9235
#         166       0.00000     10.13     32.00     4   5.9235
#         167       0.00000      5.20     32.00     4   5.9235
#         168       0.00000      5.65     32.00     4   5.9235
#         169       0.00000      5.05     32.00     4   5.9235
#         170       0.00000      4.23     32.00     4   5.9235
#         172       0.00000      7.02     32.00     4   5.9262
#         173       0.00000      7.02     32.00     4   5.9262
#         174       0.00000      8.90     32.00     4   5.9262
#         175       0.00000      8.88     32.00     4   5.9262
#         176       0.00000      4.27     32.00     4   5.9262
#         177       0.00000      4.26     32.00     4   5.9262
#         178       0.00000      4.47     32.00     4   5.9262
#         179       0.00000      4.47     32.00     4   5.9262
#         180       0.00000     10.12     32.00     4   5.9262
#         181       0.00000     10.12     32.00     4   5.9262
#         182       0.00000      5.21     32.00     4   5.9262
#         183       0.00000      5.21     32.00     4   5.9262
#         184       0.00000      5.63     32.00     4   5.9262
#         185       0.00000      5.64     32.00     4   5.9262
#         186       0.00000      5.05     32.00     4   5.9262
#         187       0.00000      5.05     32.00     4   5.9262
#         188       0.00000      4.23     32.00     4   5.9262
#         189       0.00000      4.23     32.00     4   5.9262
#   157/ 174 paths used
#  -----------------------------------------------------------------------
#       k          chi          mag           phase @#
     0.0000    2.859169E-01  9.533977E-01  3.045801E-01
     0.0500    2.905008E-01  9.536085E-01  3.095533E-01
     0.1000    2.950837E-01  9.538200E-01  3.145309E-01
     0.1500    3.088173E-01  9.544578E-01  3.294816E-01
     0.2000    3.225384E-01  9.551016E-01  3.444730E-01
     0.2500    3.453049E-01  9.561679E-01  3.694838E-01
     0.3000    3.680128E-01  9.572441E-01  3.946123E-01
     0.3500    3.995467E-01  9.587366E-01  4.298594E-01
     0.4000    4.308864E-01  9.602284E-01  4.653473E-01
     0.4500    4.705623E-01  9.620490E-01  5.110863E-01
     0.5000    5.097201E-01  9.638263E-01  5.572457E-01
     0.5500    5.563276E-01  9.658063E-01  6.138563E-01
     0.6000    6.017389E-01  9.676414E-01  6.711175E-01
     0.6500    6.530078E-01  9.694301E-01  7.390685E-01
     0.7000    7.018224E-01  9.708874E-01  8.079424E-01
     0.7500    7.538755E-01  9.719078E-01  8.877690E-01
     0.8000    8.013875E-01  9.723043E-01  9.688141E-01
     0.8500    8.481903E-01  9.717150E-01  1.061073E+00
     0.9000    8.873775E-01  9.700946E-01  1.154847E+00
     0.9500    9.204810E-01  9.667803E-01  1.260063E+00
     1.0000    9.420317E-01  9.619252E-01  1.367068E+00
     1.0500    9.510960E-01  9.545492E-01  1.485711E+00
     1.1000    9.444572E-01  9.450555E-01  1.606383E+00
     1.1500    9.190364E-01  9.321756E-01  1.738894E+00
     1.2000    8.748733E-01  9.165875E-01  1.873649E+00
     1.2500    8.076200E-01  8.966771E-01  2.020258E+00
     1.3000    7.216940E-01  8.735505E-01  2.169332E+00
     1.3500    6.129381E-01  8.453693E-01  2.330480E+00
     1.4000    4.905894E-01  8.136221E-01  2.494374E+00
     1.4500    3.522152E-01  7.762887E-01  2.670661E+00
     1.5000    2.112684E-01  7.353037E-01  2.850164E+00
     1.5500    6.794113E-02  6.885525E-01  3.042759E+00
     1.6000   -6.242198E-02  6.384266E-01  3.239524E+00
     1.6500   -1.774661E-01  5.828411E-01  3.450990E+00
     1.7000   -2.639619E-01  5.246292E-01  3.668821E+00
     1.7500   -3.194949E-01  4.619284E-01  3.905370E+00
     1.8000   -3.375884E-01  3.979967E-01  4.154206E+00
     1.8500   -3.187693E-01  3.315818E-01  4.433492E+00
     1.9000   -2.665034E-01  2.666459E-01  4.745091E+00
     1.9500   -1.864939E-01  2.041425E-01  5.131263E+00
     2.0000   -9.149669E-02  1.516118E-01  5.635311E+00
     2.0500    9.005229E-03  1.218925E-01  6.357131E+00
     2.1000    9.789419E-02  1.283581E-01  7.150608E+00
     2.1500    1.620843E-01  1.626001E-01  7.774310E+00
     2.2000    1.922870E-01  2.071093E-01  8.234608E+00
     2.2500    1.822682E-01  2.547910E-01  8.627634E+00
     2.3000    1.315472E-01  2.978948E-01  8.967408E+00
     2.3500    4.884923E-02  3.342623E-01  9.278112E+00
     2.4000   -5.295789E-02  3.628539E-01  9.571249E+00
     2.4500   -1.549676E-01  3.682742E-01  9.859098E+00
     2.5000   -2.354871E-01  3.641255E-01  1.012805E+01
     2.5500   -2.868300E-01  3.517060E-01  1.037844E+01
     2.6000   -3.082746E-01  3.328605E-01  1.060882E+01
     2.6500   -3.097292E-01  3.154335E-01  1.080511E+01
     2.7000   -2.964803E-01  2.965139E-01  1.098054E+01
     2.7500   -2.757133E-01  2.783292E-01  1.113278E+01
     2.8000   -2.539609E-01  2.632549E-01  1.126208E+01
     2.8500   -2.299575E-01  2.491478E-01  1.139063E+01
     2.9000   -2.091218E-01  2.391458E-01  1.150206E+01
     2.9500   -1.923864E-01  2.343243E-01  1.160316E+01
     3.0000   -1.785145E-01  2.350108E-01  1.170367E+01
     3.0500   -1.654726E-01  2.400264E-01  1.180572E+01
     3.1000   -1.499235E-01  2.495083E-01  1.192177E+01
     3.1500   -1.280092E-01  2.621304E-01  1.205618E+01
     3.2000   -9.649232E-02  2.764176E-01  1.220978E+01
     3.2500   -5.469682E-02  2.915594E-01  1.237765E+01
     3.3000   -1.727342E-03  3.062881E-01  1.256073E+01
     3.3500    6.039015E-02  3.196002E-01  1.275647E+01
     3.4000    1.275582E-01  3.306912E-01  1.296237E+01
     3.4500    1.951786E-01  3.401166E-01  1.317758E+01
     3.5000    2.564017E-01  3.464080E-01  1.339970E+01
     3.5500    3.047748E-01  3.492429E-01  1.362702E+01
     3.6000    3.349792E-01  3.484690E-01  1.385801E+01
     3.6500    3.441349E-01  3.444625E-01  1.409355E+01
     3.7000    3.307655E-01  3.370422E-01  1.433046E+01
     3.7500    2.966664E-01  3.264444E-01  1.456761E+01
     3.8000    2.459885E-01  3.130172E-01  1.480387E+01
     3.8500    1.838133E-01  2.977392E-01  1.504258E+01
     3.9000    1.166581E-01  2.802868E-01  1.527869E+01
     3.9500    5.114782E-02  2.611493E-01  1.551083E+01
     4.0000   -7.085504E-03  2.408803E-01  1.573738E+01
     4.0500   -5.496340E-02  2.195699E-01  1.596098E+01
     4.1000   -8.922170E-02  1.981037E-01  1.617515E+01
     4.1500   -1.098672E-01  1.771213E-01  1.637708E+01
     4.2000   -1.187474E-01  1.572953E-01  1.656352E+01
     4.2500   -1.183735E-01  1.384861E-01  1.673307E+01
     4.3000   -1.124560E-01  1.221041E-01  1.687856E+01
     4.3500   -1.046490E-01  1.088926E-01  1.699867E+01
     4.4000   -9.779398E-02  9.942076E-02  1.709761E+01
     4.4500   -9.300429E-02  9.344435E-02  1.718167E+01
     4.5000   -9.132540E-02  9.132890E-02  1.727001E+01
     4.5500   -9.172566E-02  9.219615E-02  1.737983E+01
     4.6000   -9.210667E-02  9.486369E-02  1.752044E+01
     4.6500   -9.020732E-02  9.827825E-02  1.768686E+01
     4.7000   -8.370297E-02  1.017275E-01  1.788321E+01
     4.7500   -7.082579E-02  1.045582E-01  1.810536E+01
     4.8000   -5.102736E-02  1.063687E-01  1.834922E+01
     4.8500   -2.550707E-02  1.072547E-01  1.860944E+01
     4.9000    3.927186E-03  1.068589E-01  1.888632E+01
     4.9500    3.395750E-02  1.052152E-01  1.917818E+01
     5.0000    6.073148E-02  1.024566E-01  1.948403E+01
     5.0500    8.052557E-02  9.878236E-02  1.980260E+01
     5.1000    9.053317E-02  9.435034E-02  2.013493E+01
     5.1500    8.928507E-02  8.944918E-02  2.048094E+01
     5.2000    7.705507E-02  8.438826E-02  2.084032E+01
     5.2500    5.562626E-02  7.926075E-02  2.121321E+01
     5.3000    2.851558E-02  7.442122E-02  2.159793E+01
     5.3500   -3.917543E-05  7.008564E-02  2.199171E+01
     5.4000   -2.578733E-02  6.636837E-02  2.239020E+01
     5.4500   -4.532604E-02  6.307739E-02  2.279290E+01
     5.5000   -5.616563E-02  6.029505E-02  2.318970E+01
     5.5500   -5.780325E-02  5.780776E-02  2.357443E+01
     5.6000   -5.141123E-02  5.535220E-02  2.394157E+01
     5.6500   -3.905598E-02  5.254532E-02  2.429478E+01
     5.7000   -2.415359E-02  4.938876E-02  2.462174E+01
     5.7500   -9.858814E-03  4.579729E-02  2.491577E+01
     5.8000    1.442999E-03  4.185879E-02  2.516722E+01
     5.8500    8.905669E-03  3.785189E-02  2.537024E+01
     5.9000    1.245111E-02  3.456634E-02  2.550123E+01
     5.9500    1.369104E-02  3.318815E-02  2.555797E+01
     6.0000    1.506824E-02  3.497465E-02  2.557816E+01
     6.0500    1.934951E-02  4.006782E-02  2.563673E+01
     6.1000    2.811224E-02  4.823596E-02  2.575492E+01
     6.1500    4.202059E-02  5.863333E-02  2.593175E+01
     6.2000    6.004536E-02  7.049820E-02  2.615202E+01
     6.2500    7.947684E-02  8.324177E-02  2.640163E+01
     6.3000    9.634962E-02  9.640144E-02  2.667075E+01
     6.3500    1.062010E-01  1.095927E-01  2.695297E+01
     6.4000    1.050113E-01  1.224808E-01  2.724420E+01
     6.4500    9.013121E-02  1.347673E-01  2.754175E+01
     6.5000    6.100095E-02  1.461840E-01  2.784387E+01
     6.5500    1.860497E-02  1.563037E-01  2.815502E+01
     6.6000   -3.185683E-02  1.650942E-01  2.846851E+01
     6.6500   -8.405447E-02  1.723630E-01  2.878374E+01
     6.7000   -1.308256E-01  1.779514E-01  2.910026E+01
     6.7500   -1.653895E-01  1.817359E-01  2.941775E+01
     6.8000   -1.825370E-01  1.836301E-01  2.973596E+01
     6.8500   -1.795670E-01  1.835845E-01  3.005472E+01
     6.9000   -1.567899E-01  1.815866E-01  3.037387E+01
     6.9500   -1.174991E-01  1.776603E-01  3.069328E+01
     7.0000   -6.741490E-02  1.718640E-01  3.101284E+01
     7.0500   -1.326125E-02  1.641536E-01  3.133505E+01
     7.1000    3.688243E-02  1.547510E-01  3.165658E+01
     7.1500    7.652467E-02  1.438051E-01  3.197705E+01
     7.2000    1.013497E-01  1.314918E-01  3.229597E+01
     7.2500    1.098457E-01  1.180107E-01  3.261255E+01
     7.3000    1.033886E-01  1.035823E-01  3.292555E+01
     7.3500    8.578094E-02  8.844598E-02  3.323283E+01
     7.4000    6.235422E-02  7.286126E-02  3.353044E+01
     7.4500    3.882376E-02  5.711970E-02  3.381018E+01
     7.5000    2.013070E-02  4.159108E-02  3.405228E+01
     7.5500    9.653070E-03  2.692422E-02  3.419083E+01
     7.6000    8.290637E-03  1.551246E-02  3.399366E+01
     7.6500    1.461394E-02  1.541310E-02  3.331015E+01
     7.7000    2.529540E-02  2.556968E-02  3.313332E+01
     7.7500    3.595514E-02  3.755569E-02  3.327972E+01
     7.8000    4.220214E-02  4.916856E-02  3.352554E+01
     7.8500    4.064576E-02  5.983877E-02  3.381077E+01
     7.9000    2.966528E-02  6.933152E-02  3.411538E+01
     7.9500    9.782238E-03  7.752491E-02  3.443100E+01
     8.0000   -1.643167E-02  8.435605E-02  3.475356E+01
     8.0500   -4.510845E-02  8.988887E-02  3.508323E+01
     8.1000   -7.117035E-02  9.404511E-02  3.541587E+01
     8.1500   -9.003693E-02  9.686279E-02  3.575066E+01
     8.2000   -9.832082E-02  9.840499E-02  3.608695E+01
     8.2500   -9.446389E-02  9.875677E-02  3.642425E+01
     8.3000   -7.898657E-02  9.802183E-02  3.676208E+01
     8.3500   -5.431765E-02  9.631915E-02  3.709997E+01
     8.4000   -2.426248E-02  9.377940E-02  3.743742E+01
     8.4500    6.759150E-03  9.054155E-02  3.777383E+01
     8.5000    3.453366E-02  8.674953E-02  3.810854E+01
     8.5500    5.591061E-02  8.272897E-02  3.844120E+01
     8.6000    6.884626E-02  7.842355E-02  3.877052E+01
     8.6500    7.284920E-02  7.397172E-02  3.909548E+01
     8.7000    6.878056E-02  6.950983E-02  3.941489E+01
     8.7500    5.846565E-02  6.517148E-02  3.972753E+01
     8.8000    4.418181E-02  6.108676E-02  4.003219E+01
     8.8500    2.815345E-02  5.738092E-02  4.032788E+01
     8.9000    1.216919E-02  5.417115E-02  4.061413E+01
     8.9500   -2.607375E-03  5.156044E-02  4.089130E+01
     9.0000   -1.561844E-02  4.962814E-02  4.116085E+01
     9.0500   -2.686178E-02  4.850501E-02  4.142762E+01
     9.1000   -3.619159E-02  4.807573E-02  4.169302E+01
     9.1500   -4.346902E-02  4.829882E-02  4.196048E+01
     9.2000   -4.831240E-02  4.909275E-02  4.223296E+01
     9.2500   -5.008981E-02  5.034640E-02  4.251250E+01
     9.3000   -4.806042E-02  5.193193E-02  4.280008E+01
     9.3500   -4.162459E-02  5.371634E-02  4.309575E+01
     9.4000   -3.060865E-02  5.556967E-02  4.339896E+01
     9.4500   -1.549633E-02  5.737005E-02  4.370879E+01
     9.5000    2.470995E-03  5.900635E-02  4.402419E+01
     9.5500    2.149109E-02  6.046372E-02  4.434568E+01
     9.6000    3.910950E-02  6.158628E-02  4.467035E+01
     9.6500    5.292730E-02  6.230365E-02  4.499734E+01
     9.7000    6.094956E-02  6.255716E-02  4.532590E+01
     9.7500    6.197508E-02  6.230041E-02  4.565533E+01
     9.8000    5.585113E-02  6.149979E-02  4.598504E+01
     9.8500    4.353210E-02  6.013493E-02  4.631444E+01
     9.9000    2.692348E-02  5.819904E-02  4.664295E+01
     9.9500    8.539920E-03  5.569902E-02  4.696996E+01
    10.0000   -8.953170E-03  5.265535E-02  4.729475E+01
    10.0500   -2.333879E-02  4.925811E-02  4.761750E+01
    10.1000   -3.293366E-02  4.539679E-02  4.793560E+01
    10.1500   -3.707887E-02  4.112519E-02  4.824737E+01
    10.2000   -3.612972E-02  3.650994E-02  4.855024E+01
    10.2500   -3.129971E-02  3.163321E-02  4.884002E+01
    10.3000   -2.434538E-02  2.660000E-02  4.910938E+01
    10.3500   -1.716387E-02  2.155733E-02  4.934450E+01
    10.4000   -1.138989E-02  1.674637E-02  4.951753E+01
    10.4500   -8.073937E-03  1.264646E-02  4.957302E+01
    10.5000   -7.503069E-03  1.025337E-02  4.944457E+01
    10.5500   -9.192733E-03  1.071149E-02  4.923371E+01
    10.6000   -1.204233E-02  1.358022E-02  4.917521E+01
    10.6500   -1.461426E-02  1.752772E-02  4.927956E+01
    10.7000   -1.547375E-02  2.177191E-02  4.947496E+01
    10.7500   -1.351756E-02  2.596421E-02  4.971790E+01
    10.8000   -8.225878E-03  2.993343E-02  4.998709E+01
    10.8500    2.102669E-04  3.358242E-02  5.027174E+01
    10.9000    1.090698E-02  3.685041E-02  5.056596E+01
    10.9500    2.244233E-02  3.969824E-02  5.086631E+01
    11.0000    3.311363E-02  4.210192E-02  5.117062E+01
    11.0500    4.142135E-02  4.420144E-02  5.147972E+01
    11.1000    4.582357E-02  4.587200E-02  5.179032E+01
    11.1500    4.546759E-02  4.711842E-02  5.210177E+01
    11.2000    4.018147E-02  4.795252E-02  5.241357E+01
    11.2500    3.049325E-02  4.839229E-02  5.272536E+01
    11.3000    1.753543E-02  4.846102E-02  5.303683E+01
    11.3500    2.858033E-03  4.818652E-02  5.334773E+01
    11.4000   -1.181213E-02  4.760026E-02  5.365785E+01
    11.4500   -2.482277E-02  4.673658E-02  5.396700E+01
    11.5000   -3.481688E-02  4.563187E-02  5.427501E+01
    11.5500   -4.089115E-02  4.432381E-02  5.458173E+01
    11.6000   -4.267383E-02  4.285060E-02  5.488701E+01
    11.6500   -4.031930E-02  4.125028E-02  5.519073E+01
    11.7000   -3.443049E-02  3.956002E-02  5.549278E+01
    11.7500   -2.593047E-02  3.781552E-02  5.579309E+01
    11.8000   -1.590977E-02  3.605040E-02  5.609160E+01
    11.8500   -5.476010E-03  3.429566E-02  5.638831E+01
    11.9000    4.372558E-03  3.257917E-02  5.668329E+01
    11.9500    1.283551E-02  3.092522E-02  5.697667E+01
    12.0000    1.935576E-02  2.935407E-02  5.726867E+01
    12.0500    2.371950E-02  2.795297E-02  5.756191E+01
    12.1000    2.572133E-02  2.665496E-02  5.785401E+01
    12.1500    2.546369E-02  2.547231E-02  5.814548E+01
    12.2000    2.319257E-02  2.441248E-02  5.843693E+01
    12.2500    1.924812E-02  2.347789E-02  5.872913E+01
    12.3000    1.402841E-02  2.266581E-02  5.902289E+01
    12.3500    7.969207E-03  2.196870E-02  5.931904E+01
    12.4000    1.535775E-03  2.137469E-02  5.961835E+01
    12.4500   -4.781544E-03  2.086833E-02  5.992144E+01
    12.5000   -1.047840E-02  2.043142E-02  6.022877E+01
    12.5500   -1.506242E-02  2.004379E-02  6.054056E+01
    12.6000   -1.809749E-02  1.968405E-02  6.085681E+01
    12.6500   -1.926243E-02  1.933015E-02  6.117733E+01
    12.7000   -1.841338E-02  1.895984E-02  6.150173E+01
    12.7500   -1.563388E-02  1.855100E-02  6.182948E+01
    12.8000   -1.125604E-02  1.808198E-02  6.215992E+01
    12.8500   -5.839690E-03  1.753193E-02  6.249228E+01
    12.9000   -1.045885E-04  1.688120E-02  6.282566E+01
    12.9500    5.177776E-03  1.611189E-02  6.315902E+01
    13.0000    9.315444E-03  1.520845E-02  6.349109E+01
    13.0500    1.190327E-02  1.422626E-02  6.382310E+01
    13.1000    1.266956E-02  1.308314E-02  6.415054E+01
    13.1500    1.174621E-02  1.177289E-02  6.446998E+01
    13.2000    9.589735E-03  1.029788E-02  6.477566E+01
    13.2500    6.884638E-03  8.675457E-03  6.505678E+01
    13.3000    4.387421E-03  6.954191E-03  6.529073E+01
    13.3500    2.743163E-03  5.264444E-03  6.542534E+01
    13.4000    2.317039E-03  3.980912E-03  6.535221E+01
    13.4500    3.083882E-03  3.908460E-03  6.506422E+01
    13.5000    4.608740E-03  5.322143E-03  6.492639E+01
    13.5500    6.131867E-03  7.545468E-03  6.502475E+01
    13.6000    6.746694E-03  1.012213E-02  6.524390E+01
    13.6500    5.634866E-03  1.286411E-02  6.552004E+01
    13.7000    2.304812E-03  1.567465E-02  6.582587E+01
    13.7500   -3.225594E-03  1.848656E-02  6.614883E+01
    13.8000   -1.035318E-02  2.124347E-02  6.648251E+01
    13.8500   -1.794955E-02  2.389379E-02  6.682336E+01
    13.9000   -2.455525E-02  2.638888E-02  6.716926E+01
    13.9500   -2.867366E-02  2.868288E-02  6.751889E+01
    14.0000   -2.910321E-02  3.073307E-02  6.787138E+01
    14.0500   -2.527892E-02  3.258676E-02  6.822715E+01
    14.1000   -1.726176E-02  3.413863E-02  6.858492E+01
    14.1500   -6.004136E-03  3.535719E-02  6.894440E+01
    14.2000    6.851964E-03  3.621666E-02  6.930538E+01
    14.2500    1.926495E-02  3.669762E-02  6.966771E+01
    14.3000    2.918442E-02  3.678755E-02  7.003129E+01
    14.3500    3.495993E-02  3.648123E-02  7.039603E+01
    14.4000    3.567746E-02  3.578089E-02  7.076189E+01
    14.4500    3.134707E-02  3.469631E-02  7.112883E+01
    14.5000    2.289724E-02  3.324462E-02  7.149687E+01
    14.5500    1.197525E-02  3.144996E-02  7.186600E+01
    14.6000    5.972509E-04  2.934296E-02  7.223628E+01
    14.6500   -9.273252E-03  2.696007E-02  7.260776E+01
    14.7000   -1.612346E-02  2.434273E-02  7.298059E+01
    14.7500   -1.917672E-02  2.153643E-02  7.335492E+01
    14.8000   -1.850348E-02  1.858968E-02  7.373109E+01
    14.8500   -1.493782E-02  1.555294E-02  7.410961E+01
    14.9000   -9.825809E-03  1.247751E-02  7.449151E+01
    14.9500   -4.671357E-03  9.414545E-03  7.487902E+01
    15.0000   -7.678629E-04  6.414562E-03  7.527823E+01
    15.0500    1.121768E-03  3.583359E-03  7.571663E+01
    15.1000    8.521716E-04  9.638690E-04  7.648282E+01
    15.1500   -1.106540E-03  1.775775E-03  7.921256E+01
    15.2000   -3.821024E-03  4.082673E-03  7.975066E+01
    15.2500   -6.174443E-03  6.187104E-03  8.017460E+01
    15.3000   -7.181618E-03  8.043038E-03  8.057767E+01
    15.3500   -6.257591E-03  9.629249E-03  8.097402E+01
    15.4000   -3.371680E-03  1.093258E-02  8.136789E+01
    15.4500    9.497228E-04  1.194613E-02  8.176099E+01
    15.5000    5.768308E-03  1.266876E-02  8.215414E+01
    15.5500    9.985192E-03  1.310461E-02  8.254774E+01
    15.6000    1.262977E-02  1.326270E-02  8.294202E+01
    15.6500    1.310900E-02  1.315632E-02  8.333705E+01
    15.7000    1.135224E-02  1.280247E-02  8.373279E+01
    15.7500    7.815740E-03  1.222108E-02  8.412912E+01
    15.8000    3.349187E-03  1.143438E-02  8.452574E+01
    15.8500   -1.036343E-03  1.046610E-02  8.492218E+01
    15.9000   -4.434327E-03  9.340876E-03  8.531765E+01
    15.9500   -6.270078E-03  8.083652E-03  8.571074E+01
    16.0000   -6.429179E-03  6.719368E-03  8.609884E+01
    16.0500   -5.275400E-03  5.293814E-03  8.647723E+01
    16.1000   -3.443430E-03  3.800914E-03  8.683098E+01
    16.1500   -1.724459E-03  2.281164E-03  8.710748E+01
    16.2000   -7.947509E-04  9.195461E-04  8.692086E+01
    16.2500   -1.011373E-03  1.298310E-03  8.571606E+01
    16.3000   -2.303234E-03  2.793966E-03  8.579207E+01
    16.3500   -4.187964E-03  4.367189E-03  8.610632E+01
    16.4000   -5.910159E-03  5.928565E-03  8.647262E+01
    16.4500   -6.662975E-03  7.450812E-03  8.685782E+01
    16.5000   -5.831974E-03  8.915811E-03  8.725158E+01
    16.5500   -3.193766E-03  1.030810E-02  8.764958E+01
    16.6000    9.861030E-04  1.161335E-02  8.804961E+01
    16.6500    5.984714E-03  1.281791E-02  8.845038E+01
    16.7000    1.077699E-02  1.390872E-02  8.885105E+01
    16.7500    1.427603E-02  1.487335E-02  8.925103E+01
    16.8000    1.559745E-02  1.570017E-02  8.964984E+01
    16.8500    1.428057E-02  1.637864E-02  9.004711E+01
    16.9000    1.041040E-02  1.689958E-02  9.044251E+01
    16.9500    4.610246E-03  1.725554E-02  9.083573E+01
    17.0000   -2.092353E-03  1.744110E-02  9.122644E+01
    17.0500   -8.556830E-03  1.751437E-02  9.161663E+01
    17.1000   -1.361859E-02  1.741535E-02  9.200404E+01
    17.1500   -1.643494E-02  1.714465E-02  9.238825E+01
    17.2000   -1.663557E-02  1.670586E-02  9.276875E+01
    17.2500   -1.437456E-02  1.610579E-02  9.314490E+01
    17.3000   -1.026144E-02  1.535464E-02  9.351586E+01
    17.3500   -5.194113E-03  1.446629E-02  9.388053E+01
    17.4000   -1.398293E-04  1.345854E-02  9.423739E+01
    17.4500    4.079709E-03  1.235358E-02  9.458434E+01
    17.5000    6.947402E-03  1.117871E-02  9.491842E+01
    17.5500    8.319956E-03  9.967698E-03  9.523535E+01
    17.6000    8.398380E-03  8.763054E-03  9.552907E+01
    17.6500    7.616888E-03  7.619740E-03  9.579121E+01
    17.7000    6.487031E-03  6.609901E-03  9.601169E+01
    17.7500    5.442637E-03  5.824437E-03  9.618266E+01
    17.8000    4.727141E-03  5.358285E-03  9.630883E+01
    17.8500    4.350128E-03  5.265692E-03  9.641717E+01
    17.9000    4.118894E-03  5.514212E-03  9.654589E+01
    17.9500    3.729700E-03  5.999188E-03  9.671846E+01
    18.0000    2.887846E-03  6.602321E-03  9.693667E+01
    18.0500    1.427962E-03  7.229323E-03  9.719054E+01
    18.1000   -6.355667E-04  7.823437E-03  9.747070E+01
    18.1500   -3.092766E-03  8.340637E-03  9.776925E+01
    18.2000   -5.576673E-03  8.751817E-03  9.808023E+01
    18.2500   -7.653487E-03  9.038553E-03  9.839924E+01
    18.3000   -8.932961E-03  9.190474E-03  9.872289E+01
    18.3500   -9.167883E-03  9.203715E-03  9.904844E+01
    18.4000   -8.315536E-03  9.080032E-03  9.937346E+01
    18.4500   -6.545342E-03  8.826346E-03  9.969556E+01
    18.5000   -4.192233E-03  8.454615E-03  1.000121E+02
    18.5500   -1.670098E-03  7.982041E-03  1.003202E+02
    18.6000    6.299476E-04  7.431698E-03  1.006158E+02
    18.6500    2.428571E-03  6.833725E-03  1.008943E+02
    18.7000    3.611189E-03  6.227178E-03  1.011496E+02
    18.7500    4.232402E-03  5.662148E-03  1.013752E+02
    18.8000    4.473230E-03  5.200170E-03  1.015666E+02
    18.8500    4.565492E-03  4.907893E-03  1.017260E+02
    18.9000    4.706287E-03  4.838408E-03  1.018675E+02
    18.9500    4.987562E-03  5.006538E-03  1.020147E+02
    19.0000    5.360924E-03  5.380978E-03  1.021881E+02
    19.0500    5.664154E-03  5.919531E-03  1.023966E+02
    19.1000    5.622344E-03  6.545581E-03  1.026393E+02
    19.1500    4.975094E-03  7.206849E-03  1.029106E+02
    19.2000    3.550154E-03  7.863505E-03  1.032041E+02
    19.2500    1.334091E-03  8.486321E-03  1.035147E+02
    19.3000   -1.493833E-03  9.054189E-03  1.038383E+02
    19.3500   -4.575227E-03  9.552151E-03  1.041720E+02
    19.4000   -7.432351E-03  9.970002E-03  1.045138E+02
    19.4500   -9.561468E-03  1.030133E-02  1.048620E+02
    19.5000   -1.053881E-02  1.054285E-02  1.052157E+02
    19.5500   -1.011500E-02  1.069384E-02  1.055739E+02
    19.6000   -8.276489E-03  1.075578E-02  1.059361E+02
    19.6500   -5.259675E-03  1.073193E-02  1.063020E+02
    19.7000   -1.514418E-03  1.062702E-02  1.066712E+02
    19.7500    2.375796E-03  1.044696E-02  1.070436E+02
    19.8000    5.800377E-03  1.019847E-02  1.074191E+02
    19.8500    8.233085E-03  9.888898E-03  1.077979E+02
    19.9000    9.326206E-03  9.525877E-03  1.081798E+02
    19.9500    8.969380E-03  9.117142E-03  1.085652E+02
    20.0000    7.302694E-03  8.670299E-03  1.089543E+02
