 comment: None given                            Feff8L (EXAFS)       0.1
 Source:
 Structure Summary:  Fe2 O2
 Reduced formula:  FeO
 space group: (Fm-3m), space number:  (225)
 abc:  4.258326   3.015442   4.264480
 angles: 45.000000  90.000000  90.000000
 sites: 4
 mp-18905
 POT  Non-SCF, core-hole, AFOLP (folp(0)= 1.150)
 Abs   Z=26 Rmt= 1.357 Rnm= 1.418 K  shell
 Pot 1 Z=26 Rmt= 1.364 Rnm= 1.425
 Pot 2 Z= 8 Rmt= 1.020 Rnm= 1.067
 Gam_ch=1.309E+00 H-L exch
 Mu=-3.584E+00 kf=2.218E+00 Vint=-2.233E+01 Rs_int= 1.635
 PATH  Rmax= 6.000,  Keep_limit= 0.00, Heap_limit 0.00  Pwcrit= 2.50%
 Path   16      icalc       2
 -----------------------------------------------------------------------
   4   2.000   4.2583    2.4034   -3.58386 nleg, deg, reff, rnrmav(bohr), edge
        x         y         z   pot at#
    -0.0000   -0.0000   -0.0000  0  26 Fe       absorbing atom
    -0.0000   -2.1292   -0.0000  2   8 O
    -0.0000   -4.2583   -0.0000  1  26 Fe
    -0.0000   -2.1292   -0.0000  2   8 O
    k   real[2*phc]   mag[feff]  phase[feff] red factor   lambda     real[p]@#
 -0.000  2.9844E+00  5.6869E-05 -3.7475E+00  1.009E+00  2.5832E+01  2.2186E+00
  0.100  2.9840E+00  3.9759E-02 -4.5856E+00  1.009E+00  2.5857E+01  2.2208E+00
  0.200  2.9825E+00  7.8425E-02 -5.3929E+00  1.009E+00  2.5929E+01  2.2272E+00
  0.300  2.9801E+00  1.1498E-01 -6.1707E+00  1.009E+00  2.6042E+01  2.2380E+00
  0.400  2.9767E+00  1.4854E-01 -6.9191E+00  1.009E+00  2.6183E+01  2.2529E+00
  0.500  2.9723E+00  1.7846E-01 -7.6387E+00  1.009E+00  2.6336E+01  2.2719E+00
  0.600  2.9669E+00  2.0424E-01 -8.3297E+00  1.009E+00  2.6482E+01  2.2950E+00
  0.700  2.9603E+00  2.2561E-01 -8.9923E+00  1.009E+00  2.6597E+01  2.3220E+00
  0.800  2.9526E+00  2.4251E-01 -9.6269E+00  1.010E+00  2.6658E+01  2.3528E+00
  0.900  2.9437E+00  2.5499E-01 -1.0234E+01  1.010E+00  2.6640E+01  2.3874E+00
  1.000  2.9335E+00  2.6322E-01 -1.0813E+01  1.011E+00  2.6523E+01  2.4255E+00
  1.100  2.9220E+00  2.6746E-01 -1.1364E+01  1.011E+00  2.6289E+01  2.4670E+00
  1.200  2.9091E+00  2.6801E-01 -1.1888E+01  1.012E+00  2.5929E+01  2.5119E+00
  1.300  2.8946E+00  2.6516E-01 -1.2383E+01  1.013E+00  2.5443E+01  2.5601E+00
  1.400  2.8784E+00  2.5923E-01 -1.2849E+01  1.014E+00  2.4836E+01  2.6115E+00
  1.500  2.8604E+00  2.5057E-01 -1.3284E+01  1.016E+00  2.4124E+01  2.6659E+00
  1.600  2.8404E+00  2.3955E-01 -1.3684E+01  1.018E+00  2.3329E+01  2.7234E+00
  1.700  2.8183E+00  2.2664E-01 -1.4048E+01  1.020E+00  2.2477E+01  2.7839E+00
  1.800  2.7937E+00  2.1257E-01 -1.4367E+01  1.023E+00  2.1595E+01  2.8473E+00
  1.900  2.7663E+00  1.9842E-01 -1.4636E+01  1.026E+00  2.0711E+01  2.9138E+00
  2.000  2.7360E+00  1.8597E-01 -1.4844E+01  1.030E+00  1.9853E+01  2.9831E+00
  2.200  2.6646E+00  1.7772E-01 -1.5067E+01  1.039E+00  1.8306E+01  3.1311E+00
  2.400  2.5855E+00  2.0881E-01 -1.5065E+01  1.042E+00  1.7121E+01  3.2917E+00
  2.600  2.4285E+00  2.1901E-01 -1.5070E+01  1.014E+00  1.6427E+01  3.4793E+00
  2.800  2.3159E+00  3.2164E-01 -1.5553E+01  1.160E+00  8.3348E+00  3.6459E+00
  3.000  2.2908E+00  4.7125E-01 -1.6114E+01  1.205E+00  6.9897E+00  3.7790E+00
  3.200  2.2552E+00  6.5321E-01 -1.6632E+01  1.229E+00  6.3601E+00  3.9168E+00
  3.400  2.1996E+00  8.4895E-01 -1.7099E+01  1.237E+00  6.0512E+00  4.0627E+00
  3.600  2.1345E+00  1.0526E+00 -1.7517E+01  1.238E+00  5.9117E+00  4.2140E+00
  3.800  2.0614E+00  1.2411E+00 -1.7888E+01  1.228E+00  5.8742E+00  4.3701E+00
  4.000  1.9819E+00  1.4130E+00 -1.8223E+01  1.218E+00  5.9046E+00  4.5306E+00
  4.200  1.8986E+00  1.5567E+00 -1.8526E+01  1.204E+00  5.9839E+00  4.6949E+00
  4.400  1.8124E+00  1.6696E+00 -1.8801E+01  1.190E+00  6.1002E+00  4.8626E+00
  4.600  1.7239E+00  1.7573E+00 -1.9055E+01  1.176E+00  6.2458E+00  5.0335E+00
  4.800  1.6351E+00  1.8176E+00 -1.9287E+01  1.162E+00  6.4154E+00  5.2071E+00
  5.000  1.5462E+00  1.8598E+00 -1.9502E+01  1.148E+00  6.6053E+00  5.3831E+00
  5.200  1.4576E+00  1.8859E+00 -1.9702E+01  1.135E+00  6.8126E+00  5.5613E+00
  5.400  1.3696E+00  1.8977E+00 -1.9887E+01  1.122E+00  7.0353E+00  5.7415E+00
  5.600  1.2820E+00  1.8973E+00 -2.0060E+01  1.110E+00  7.2718E+00  5.9234E+00
  5.800  1.1949E+00  1.8866E+00 -2.0222E+01  1.098E+00  7.5207E+00  6.1068E+00
  6.000  1.1083E+00  1.8682E+00 -2.0375E+01  1.087E+00  7.7810E+00  6.2916E+00
  6.500  8.9364E-01  1.7810E+00 -2.0723E+01  1.062E+00  8.4765E+00  6.7587E+00
  7.000  6.8288E-01  1.6522E+00 -2.1035E+01  1.042E+00  9.2284E+00  7.2317E+00
  7.500  4.7926E-01  1.5048E+00 -2.1319E+01  1.027E+00  1.0030E+01  7.7093E+00
  8.000  2.8521E-01  1.3582E+00 -2.1583E+01  1.014E+00  1.0877E+01  8.1905E+00
  8.500  1.0132E-01  1.2131E+00 -2.1826E+01  9.991E-01  1.1766E+01  8.6745E+00
  9.000 -7.9459E-02  1.0766E+00 -2.2059E+01  9.840E-01  1.2694E+01  9.1608E+00
  9.500 -2.5672E-01  9.5055E-01 -2.2281E+01  9.714E-01  1.3658E+01  9.6489E+00
 10.000 -4.2878E-01  8.3873E-01 -2.2494E+01  9.615E-01  1.4659E+01  1.0139E+01
 11.000 -7.5201E-01  6.5598E-01 -2.2892E+01  9.492E-01  1.6760E+01  1.1121E+01
 12.000 -1.0489E+00  5.1185E-01 -2.3262E+01  9.414E-01  1.8988E+01  1.2108E+01
 13.000 -1.3233E+00  4.0347E-01 -2.3611E+01  9.369E-01  2.1335E+01  1.3097E+01
 14.000 -1.5761E+00  3.1877E-01 -2.3936E+01  9.349E-01  2.3797E+01  1.4088E+01
 15.000 -1.8104E+00  2.5429E-01 -2.4228E+01  9.338E-01  2.6367E+01  1.5080E+01
 16.000 -2.0279E+00  2.0455E-01 -2.4477E+01  9.338E-01  2.9043E+01  1.6074E+01
 17.000 -2.2301E+00  1.6660E-01 -2.4656E+01  9.344E-01  3.1820E+01  1.7069E+01
 18.000 -2.4190E+00  1.4699E-01 -2.4746E+01  9.350E-01  3.4696E+01  1.8064E+01
 19.000 -2.5953E+00  1.4727E-01 -2.4853E+01  9.358E-01  3.7666E+01  1.9060E+01
 20.000 -2.7608E+00  1.5787E-01 -2.5049E+01  9.363E-01  4.0728E+01  2.0056E+01
