 comment: None given                            Feff8L (EXAFS)       0.1
 Source:
 Structure Summary:  Fe2 O2
 Reduced formula:  FeO
 space group: (Fm-3m), space number:  (225)
 abc:  4.258326   3.015442   4.264480
 angles: 45.000000  90.000000  90.000000
 sites: 4
 mp-18905
 POT  Non-SCF, core-hole, AFOLP (folp(0)= 1.150)
 Abs   Z=26 Rmt= 1.357 Rnm= 1.418 K  shell
 Pot 1 Z=26 Rmt= 1.364 Rnm= 1.425
 Pot 2 Z= 8 Rmt= 1.020 Rnm= 1.067
 Gam_ch=1.309E+00 H-L exch
 Mu=-3.584E+00 kf=2.218E+00 Vint=-2.233E+01 Rs_int= 1.635
 PATH  Rmax= 6.000,  Keep_limit= 0.00, Heap_limit 0.00  Pwcrit= 2.50%
 Path  164      icalc       2
 -----------------------------------------------------------------------
   4  32.000   5.9262    2.4034   -3.58386 nleg, deg, reff, rnrmav(bohr), edge
        x         y         z   pot at#
    -0.0000   -0.0000   -0.0000  0  26 Fe       absorbing atom
    -2.1322   -0.0000    2.1322  1  26 Fe
    -2.1322   -2.1292    4.2645  1  26 Fe
    -0.0000   -0.0000    2.1322  2   8 O
    k   real[2*phc]   mag[feff]  phase[feff] red factor   lambda     real[p]@#
 -0.000  2.9844E+00  6.2657E-06 -3.6927E+00  1.009E+00  2.5832E+01  2.2186E+00
  0.100  2.9840E+00  4.3802E-03 -4.8562E+00  1.009E+00  2.5857E+01  2.2208E+00
  0.200  2.9825E+00  8.6378E-03 -5.9714E+00  1.009E+00  2.5929E+01  2.2272E+00
  0.300  2.9801E+00  1.2659E-02 -7.0403E+00  1.009E+00  2.6042E+01  2.2380E+00
  0.400  2.9767E+00  1.6348E-02 -8.0635E+00  1.009E+00  2.6183E+01  2.2529E+00
  0.500  2.9723E+00  1.9630E-02 -9.0419E+00  1.009E+00  2.6336E+01  2.2719E+00
  0.600  2.9669E+00  2.2455E-02 -9.9764E+00  1.009E+00  2.6482E+01  2.2950E+00
  0.700  2.9603E+00  2.4798E-02 -1.0868E+01  1.009E+00  2.6597E+01  2.3220E+00
  0.800  2.9526E+00  2.6651E-02 -1.1718E+01  1.010E+00  2.6658E+01  2.3528E+00
  0.900  2.9437E+00  2.8028E-02 -1.2527E+01  1.010E+00  2.6640E+01  2.3874E+00
  1.000  2.9335E+00  2.8950E-02 -1.3297E+01  1.011E+00  2.6523E+01  2.4255E+00
  1.100  2.9220E+00  2.9451E-02 -1.4029E+01  1.011E+00  2.6289E+01  2.4670E+00
  1.200  2.9091E+00  2.9567E-02 -1.4723E+01  1.012E+00  2.5929E+01  2.5119E+00
  1.300  2.8946E+00  2.9334E-02 -1.5380E+01  1.013E+00  2.5443E+01  2.5601E+00
  1.400  2.8784E+00  2.8791E-02 -1.6002E+01  1.014E+00  2.4836E+01  2.6115E+00
  1.500  2.8604E+00  2.7975E-02 -1.6588E+01  1.016E+00  2.4124E+01  2.6659E+00
  1.600  2.8404E+00  2.6921E-02 -1.7138E+01  1.018E+00  2.3329E+01  2.7234E+00
  1.700  2.8183E+00  2.5664E-02 -1.7653E+01  1.020E+00  2.2477E+01  2.7839E+00
  1.800  2.7937E+00  2.4234E-02 -1.8132E+01  1.023E+00  2.1595E+01  2.8473E+00
  1.900  2.7663E+00  2.2663E-02 -1.8575E+01  1.026E+00  2.0711E+01  2.9138E+00
  2.000  2.7360E+00  2.0981E-02 -1.8979E+01  1.030E+00  1.9853E+01  2.9831E+00
  2.200  2.6646E+00  1.7397E-02 -1.9667E+01  1.039E+00  1.8306E+01  3.1311E+00
  2.400  2.5855E+00  1.2787E-02 -2.0179E+01  1.042E+00  1.7121E+01  3.2917E+00
  2.600  2.4285E+00  9.3610E-03 -2.0682E+01  1.014E+00  1.6427E+01  3.4793E+00
  2.800  2.3159E+00  9.9026E-03 -2.1149E+01  1.160E+00  8.3348E+00  3.6459E+00
  3.000  2.2908E+00  8.3325E-03 -2.1854E+01  1.205E+00  6.9897E+00  3.7790E+00
  3.200  2.2552E+00  6.8099E-03 -2.2461E+01  1.229E+00  6.3601E+00  3.9168E+00
  3.400  2.1996E+00  5.5307E-03 -2.2927E+01  1.237E+00  6.0512E+00  4.0627E+00
  3.600  2.1345E+00  4.3916E-03 -2.3286E+01  1.238E+00  5.9117E+00  4.2140E+00
  3.800  2.0614E+00  3.4314E-03 -2.3515E+01  1.228E+00  5.8742E+00  4.3701E+00
  4.000  1.9819E+00  2.6842E-03 -2.3606E+01  1.218E+00  5.9046E+00  4.5306E+00
  4.200  1.8986E+00  2.2665E-03 -2.3564E+01  1.204E+00  5.9839E+00  4.6949E+00
  4.400  1.8124E+00  2.1941E-03 -2.3488E+01  1.190E+00  6.1002E+00  4.8626E+00
  4.600  1.7239E+00  2.3235E-03 -2.3485E+01  1.176E+00  6.2458E+00  5.0335E+00
  4.800  1.6351E+00  2.4070E-03 -2.3574E+01  1.162E+00  6.4154E+00  5.2071E+00
  5.000  1.5462E+00  2.3696E-03 -2.3724E+01  1.148E+00  6.6053E+00  5.3831E+00
  5.200  1.4576E+00  2.1769E-03 -2.3910E+01  1.135E+00  6.8126E+00  5.5613E+00
  5.400  1.3696E+00  1.8107E-03 -2.4116E+01  1.122E+00  7.0353E+00  5.7415E+00
  5.600  1.2820E+00  1.3400E-03 -2.4347E+01  1.110E+00  7.2718E+00  5.9234E+00
  5.800  1.1949E+00  8.0692E-04 -2.4639E+01  1.098E+00  7.5207E+00  6.1068E+00
  6.000  1.1083E+00  2.9225E-04 -2.5327E+01  1.087E+00  7.7810E+00  6.2916E+00
  6.500  8.9364E-01  1.1048E-03 -2.8011E+01  1.062E+00  8.4765E+00  6.7587E+00
  7.000  6.8288E-01  1.9654E-03 -2.8490E+01  1.042E+00  9.2284E+00  7.2317E+00
  7.500  4.7926E-01  2.2941E-03 -2.8840E+01  1.027E+00  1.0030E+01  7.7093E+00
  8.000  2.8521E-01  2.2410E-03 -2.9087E+01  1.014E+00  1.0877E+01  8.1905E+00
  8.500  1.0132E-01  2.0179E-03 -2.9243E+01  9.991E-01  1.1766E+01  8.6745E+00
  9.000 -7.9459E-02  1.9653E-03 -2.9303E+01  9.840E-01  1.2694E+01  9.1608E+00
  9.500 -2.5672E-01  2.1043E-03 -2.9372E+01  9.714E-01  1.3658E+01  9.6489E+00
 10.000 -4.2878E-01  2.3181E-03 -2.9520E+01  9.615E-01  1.4659E+01  1.0139E+01
 11.000 -7.5201E-01  2.5185E-03 -2.9990E+01  9.492E-01  1.6760E+01  1.1121E+01
 12.000 -1.0489E+00  2.3007E-03 -3.0554E+01  9.414E-01  1.8988E+01  1.2108E+01
 13.000 -1.3233E+00  1.8282E-03 -3.1111E+01  9.369E-01  2.1335E+01  1.3097E+01
 14.000 -1.5761E+00  1.3129E-03 -3.1604E+01  9.349E-01  2.3797E+01  1.4088E+01
 15.000 -1.8104E+00  8.8148E-04 -3.1997E+01  9.338E-01  2.6367E+01  1.5080E+01
 16.000 -2.0279E+00  5.9858E-04 -3.2259E+01  9.338E-01  2.9043E+01  1.6074E+01
 17.000 -2.2301E+00  4.5944E-04 -3.2449E+01  9.344E-01  3.1820E+01  1.7069E+01
 18.000 -2.4190E+00  3.8110E-04 -3.2707E+01  9.350E-01  3.4696E+01  1.8064E+01
 19.000 -2.5953E+00  3.0842E-04 -3.3018E+01  9.358E-01  3.7666E+01  1.9060E+01
 20.000 -2.7608E+00  2.3937E-04 -3.3329E+01  9.363E-01  4.0728E+01  2.0056E+01
