 comment: None given                            Feff8L (EXAFS)       0.1
 Source:
 Structure Summary:  Fe2 O2
 Reduced formula:  FeO
 space group: (Fm-3m), space number:  (225)
 abc:  4.258326   3.015442   4.264480
 angles: 45.000000  90.000000  90.000000
 sites: 4
 mp-18905
 POT  Non-SCF, core-hole, AFOLP (folp(0)= 1.150)
 Abs   Z=26 Rmt= 1.357 Rnm= 1.418 K  shell
 Pot 1 Z=26 Rmt= 1.364 Rnm= 1.425
 Pot 2 Z= 8 Rmt= 1.020 Rnm= 1.067
 Gam_ch=1.309E+00 H-L exch
 Mu=-3.584E+00 kf=2.218E+00 Vint=-2.233E+01 Rs_int= 1.635
 PATH  Rmax= 6.000,  Keep_limit= 0.00, Heap_limit 0.00  Pwcrit= 2.50%
 Path   49      icalc       2
 -----------------------------------------------------------------------
   4  16.000   5.1424    2.4034   -3.58386 nleg, deg, reff, rnrmav(bohr), edge
        x         y         z   pot at#
    -0.0000   -0.0000   -0.0000  0  26 Fe       absorbing atom
    -0.0000   -2.1292   -0.0000  2   8 O
    -0.0000   -0.0000   -2.1322  2   8 O
    -0.0000    2.1292   -2.1322  1  26 Fe
    k   real[2*phc]   mag[feff]  phase[feff] red factor   lambda     real[p]@#
 -0.000  2.9844E+00  1.2906E-05 -4.7137E-01  1.009E+00  2.5832E+01  2.2186E+00
  0.100  2.9840E+00  9.0307E-03 -1.4826E+00  1.009E+00  2.5857E+01  2.2208E+00
  0.200  2.9825E+00  1.7856E-02 -2.4549E+00  1.009E+00  2.5929E+01  2.2272E+00
  0.300  2.9801E+00  2.6286E-02 -3.3902E+00  1.009E+00  2.6042E+01  2.2380E+00
  0.400  2.9767E+00  3.4160E-02 -4.2887E+00  1.009E+00  2.6183E+01  2.2529E+00
  0.500  2.9723E+00  4.1349E-02 -5.1515E+00  1.009E+00  2.6336E+01  2.2719E+00
  0.600  2.9669E+00  4.7771E-02 -5.9790E+00  1.009E+00  2.6482E+01  2.2950E+00
  0.700  2.9603E+00  5.3382E-02 -6.7723E+00  1.009E+00  2.6597E+01  2.3220E+00
  0.800  2.9526E+00  5.8174E-02 -7.5322E+00  1.010E+00  2.6658E+01  2.3528E+00
  0.900  2.9437E+00  6.2171E-02 -8.2597E+00  1.010E+00  2.6640E+01  2.3874E+00
  1.000  2.9335E+00  6.5420E-02 -8.9558E+00  1.011E+00  2.6523E+01  2.4255E+00
  1.100  2.9220E+00  6.7984E-02 -9.6214E+00  1.011E+00  2.6289E+01  2.4670E+00
  1.200  2.9091E+00  6.9939E-02 -1.0257E+01  1.012E+00  2.5929E+01  2.5119E+00
  1.300  2.8946E+00  7.1354E-02 -1.0864E+01  1.013E+00  2.5443E+01  2.5601E+00
  1.400  2.8784E+00  7.2307E-02 -1.1443E+01  1.014E+00  2.4836E+01  2.6115E+00
  1.500  2.8604E+00  7.2870E-02 -1.1994E+01  1.016E+00  2.4124E+01  2.6659E+00
  1.600  2.8404E+00  7.3106E-02 -1.2517E+01  1.018E+00  2.3329E+01  2.7234E+00
  1.700  2.8183E+00  7.3070E-02 -1.3013E+01  1.020E+00  2.2477E+01  2.7839E+00
  1.800  2.7937E+00  7.2803E-02 -1.3480E+01  1.023E+00  2.1595E+01  2.8473E+00
  1.900  2.7663E+00  7.2332E-02 -1.3920E+01  1.026E+00  2.0711E+01  2.9138E+00
  2.000  2.7360E+00  7.1666E-02 -1.4330E+01  1.030E+00  1.9853E+01  2.9831E+00
  2.200  2.6646E+00  6.9679E-02 -1.5058E+01  1.039E+00  1.8306E+01  3.1311E+00
  2.400  2.5855E+00  6.6105E-02 -1.5648E+01  1.042E+00  1.7121E+01  3.2917E+00
  2.600  2.4285E+00  5.6015E-02 -1.6057E+01  1.014E+00  1.6427E+01  3.4793E+00
  2.800  2.3159E+00  6.6589E-02 -1.6699E+01  1.160E+00  8.3348E+00  3.6459E+00
  3.000  2.2908E+00  7.2822E-02 -1.7387E+01  1.205E+00  6.9897E+00  3.7790E+00
  3.200  2.2552E+00  7.4844E-02 -1.7980E+01  1.229E+00  6.3601E+00  3.9168E+00
  3.400  2.1996E+00  7.2820E-02 -1.8467E+01  1.237E+00  6.0512E+00  4.0627E+00
  3.600  2.1345E+00  6.8399E-02 -1.8876E+01  1.238E+00  5.9117E+00  4.2140E+00
  3.800  2.0614E+00  6.2026E-02 -1.9205E+01  1.228E+00  5.8742E+00  4.3701E+00
  4.000  1.9819E+00  5.5559E-02 -1.9474E+01  1.218E+00  5.9046E+00  4.5306E+00
  4.200  1.8986E+00  4.9474E-02 -1.9690E+01  1.204E+00  5.9839E+00  4.6949E+00
  4.400  1.8124E+00  4.4187E-02 -1.9868E+01  1.190E+00  6.1002E+00  4.8626E+00
  4.600  1.7239E+00  4.0011E-02 -2.0023E+01  1.176E+00  6.2458E+00  5.0335E+00
  4.800  1.6351E+00  3.6470E-02 -2.0168E+01  1.162E+00  6.4154E+00  5.2071E+00
  5.000  1.5462E+00  3.3606E-02 -2.0312E+01  1.148E+00  6.6053E+00  5.3831E+00
  5.200  1.4576E+00  3.1174E-02 -2.0459E+01  1.135E+00  6.8126E+00  5.5613E+00
  5.400  1.3696E+00  2.8848E-02 -2.0610E+01  1.122E+00  7.0353E+00  5.7415E+00
  5.600  1.2820E+00  2.6670E-02 -2.0764E+01  1.110E+00  7.2718E+00  5.9234E+00
  5.800  1.1949E+00  2.4582E-02 -2.0921E+01  1.098E+00  7.5207E+00  6.1068E+00
  6.000  1.1083E+00  2.2550E-02 -2.1080E+01  1.087E+00  7.7810E+00  6.2916E+00
  6.500  8.9364E-01  1.7637E-02 -2.1463E+01  1.062E+00  8.4765E+00  6.7587E+00
  7.000  6.8288E-01  1.3095E-02 -2.1826E+01  1.042E+00  9.2284E+00  7.2317E+00
  7.500  4.7926E-01  9.2394E-03 -2.2178E+01  1.027E+00  1.0030E+01  7.7093E+00
  8.000  2.8521E-01  6.2932E-03 -2.2528E+01  1.014E+00  1.0877E+01  8.1905E+00
  8.500  1.0132E-01  4.1932E-03 -2.2860E+01  9.991E-01  1.1766E+01  8.6745E+00
  9.000 -7.9459E-02  2.7217E-03 -2.3144E+01  9.840E-01  1.2694E+01  9.1608E+00
  9.500 -2.5672E-01  1.6958E-03 -2.3343E+01  9.714E-01  1.3658E+01  9.6489E+00
 10.000 -4.2878E-01  1.0069E-03 -2.3417E+01  9.615E-01  1.4659E+01  1.0139E+01
 11.000 -7.5201E-01  4.4856E-04 -2.3025E+01  9.492E-01  1.6760E+01  1.1121E+01
 12.000 -1.0489E+00  5.0381E-04 -2.2870E+01  9.414E-01  1.8988E+01  1.2108E+01
 13.000 -1.3233E+00  5.3571E-04 -2.3233E+01  9.369E-01  2.1335E+01  1.3097E+01
 14.000 -1.5761E+00  4.8713E-04 -2.3673E+01  9.349E-01  2.3797E+01  1.4088E+01
 15.000 -1.8104E+00  4.2315E-04 -2.4185E+01  9.338E-01  2.6367E+01  1.5080E+01
 16.000 -2.0279E+00  3.2806E-04 -2.4716E+01  9.338E-01  2.9043E+01  1.6074E+01
 17.000 -2.2301E+00  2.3424E-04 -2.5114E+01  9.344E-01  3.1820E+01  1.7069E+01
 18.000 -2.4190E+00  1.8009E-04 -2.5426E+01  9.350E-01  3.4696E+01  1.8064E+01
 19.000 -2.5953E+00  1.5119E-04 -2.5753E+01  9.358E-01  3.7666E+01  1.9060E+01
 20.000 -2.7608E+00  1.3099E-04 -2.6152E+01  9.363E-01  4.0728E+01  2.0056E+01
