 comment: None given                            Feff8L (EXAFS)       0.1
 Source:
 Structure Summary:  Fe2 O2
 Reduced formula:  FeO
 space group: (Fm-3m), space number:  (225)
 abc:  4.258326   3.015442   4.264480
 angles: 45.000000  90.000000  90.000000
 sites: 4
 mp-18905
 POT  Non-SCF, core-hole, AFOLP (folp(0)= 1.150)
 Abs   Z=26 Rmt= 1.357 Rnm= 1.418 K  shell
 Pot 1 Z=26 Rmt= 1.364 Rnm= 1.425
 Pot 2 Z= 8 Rmt= 1.020 Rnm= 1.067
 Gam_ch=1.309E+00 H-L exch
 Mu=-3.584E+00 kf=2.218E+00 Vint=-2.233E+01 Rs_int= 1.635
 PATH  Rmax= 6.000,  Keep_limit= 0.00, Heap_limit 0.00  Pwcrit= 2.50%
 Path   11      icalc       2
 -----------------------------------------------------------------------
   2   2.000   4.2583    2.4034   -3.58386 nleg, deg, reff, rnrmav(bohr), edge
        x         y         z   pot at#
    -0.0000   -0.0000   -0.0000  0  26 Fe       absorbing atom
    -0.0000    4.2583   -0.0000  1  26 Fe
    k   real[2*phc]   mag[feff]  phase[feff] red factor   lambda     real[p]@#
 -0.000  2.9844E+00  4.3595E-05 -2.8300E+00  1.009E+00  2.5832E+01  2.2186E+00
  0.100  2.9840E+00  3.0546E-02 -3.6654E+00  1.009E+00  2.5857E+01  2.2208E+00
  0.200  2.9825E+00  6.0648E-02 -4.4649E+00  1.009E+00  2.5929E+01  2.2272E+00
  0.300  2.9801E+00  8.9882E-02 -5.2297E+00  1.009E+00  2.6042E+01  2.2380E+00
  0.400  2.9767E+00  1.1787E-01 -5.9604E+00  1.009E+00  2.6183E+01  2.2529E+00
  0.500  2.9723E+00  1.4429E-01 -6.6575E+00  1.009E+00  2.6336E+01  2.2719E+00
  0.600  2.9669E+00  1.6889E-01 -7.3216E+00  1.009E+00  2.6482E+01  2.2950E+00
  0.700  2.9603E+00  1.9148E-01 -7.9534E+00  1.009E+00  2.6597E+01  2.3220E+00
  0.800  2.9526E+00  2.1192E-01 -8.5536E+00  1.010E+00  2.6658E+01  2.3528E+00
  0.900  2.9437E+00  2.3013E-01 -9.1231E+00  1.010E+00  2.6640E+01  2.3874E+00
  1.000  2.9335E+00  2.4607E-01 -9.6624E+00  1.011E+00  2.6523E+01  2.4255E+00
  1.100  2.9220E+00  2.5973E-01 -1.0172E+01  1.011E+00  2.6289E+01  2.4670E+00
  1.200  2.9091E+00  2.7111E-01 -1.0653E+01  1.012E+00  2.5929E+01  2.5119E+00
  1.300  2.8946E+00  2.8022E-01 -1.1106E+01  1.013E+00  2.5443E+01  2.5601E+00
  1.400  2.8784E+00  2.8707E-01 -1.1530E+01  1.014E+00  2.4836E+01  2.6115E+00
  1.500  2.8604E+00  2.9168E-01 -1.1926E+01  1.016E+00  2.4124E+01  2.6659E+00
  1.600  2.8404E+00  2.9406E-01 -1.2293E+01  1.018E+00  2.3329E+01  2.7234E+00
  1.700  2.8183E+00  2.9422E-01 -1.2631E+01  1.020E+00  2.2477E+01  2.7839E+00
  1.800  2.7937E+00  2.9221E-01 -1.2939E+01  1.023E+00  2.1595E+01  2.8473E+00
  1.900  2.7663E+00  2.8809E-01 -1.3215E+01  1.026E+00  2.0711E+01  2.9138E+00
  2.000  2.7360E+00  2.8200E-01 -1.3457E+01  1.030E+00  1.9853E+01  2.9831E+00
  2.200  2.6646E+00  2.6525E-01 -1.3823E+01  1.039E+00  1.8306E+01  3.1311E+00
  2.400  2.5855E+00  2.3926E-01 -1.3985E+01  1.042E+00  1.7121E+01  3.2917E+00
  2.600  2.4285E+00  1.9579E-01 -1.3987E+01  1.014E+00  1.6427E+01  3.4793E+00
  2.800  2.3159E+00  2.1511E-01 -1.4169E+01  1.160E+00  8.3348E+00  3.6459E+00
  3.000  2.2908E+00  2.4729E-01 -1.4480E+01  1.205E+00  6.9897E+00  3.7790E+00
  3.200  2.2552E+00  2.9800E-01 -1.4768E+01  1.229E+00  6.3601E+00  3.9168E+00
  3.400  2.1996E+00  3.6636E-01 -1.5042E+01  1.237E+00  6.0512E+00  4.0627E+00
  3.600  2.1345E+00  4.4435E-01 -1.5314E+01  1.238E+00  5.9117E+00  4.2140E+00
  3.800  2.0614E+00  5.2479E-01 -1.5578E+01  1.228E+00  5.8742E+00  4.3701E+00
  4.000  1.9819E+00  6.0284E-01 -1.5829E+01  1.218E+00  5.9046E+00  4.5306E+00
  4.200  1.8986E+00  6.7332E-01 -1.6065E+01  1.204E+00  5.9839E+00  4.6949E+00
  4.400  1.8124E+00  7.3326E-01 -1.6285E+01  1.190E+00  6.1002E+00  4.8626E+00
  4.600  1.7239E+00  7.8375E-01 -1.6491E+01  1.176E+00  6.2458E+00  5.0335E+00
  4.800  1.6351E+00  8.2281E-01 -1.6683E+01  1.162E+00  6.4154E+00  5.2071E+00
  5.000  1.5462E+00  8.5409E-01 -1.6863E+01  1.148E+00  6.6053E+00  5.3831E+00
  5.200  1.4576E+00  8.7860E-01 -1.7032E+01  1.135E+00  6.8126E+00  5.5613E+00
  5.400  1.3696E+00  8.9618E-01 -1.7189E+01  1.122E+00  7.0353E+00  5.7415E+00
  5.600  1.2820E+00  9.0866E-01 -1.7336E+01  1.110E+00  7.2718E+00  5.9234E+00
  5.800  1.1949E+00  9.1595E-01 -1.7473E+01  1.098E+00  7.5207E+00  6.1068E+00
  6.000  1.1083E+00  9.1852E-01 -1.7601E+01  1.087E+00  7.7810E+00  6.2916E+00
  6.500  8.9364E-01  8.9946E-01 -1.7887E+01  1.062E+00  8.4765E+00  6.7587E+00
  7.000  6.8288E-01  8.5197E-01 -1.8143E+01  1.042E+00  9.2284E+00  7.2317E+00
  7.500  4.7926E-01  7.8990E-01 -1.8379E+01  1.027E+00  1.0030E+01  7.7093E+00
  8.000  2.8521E-01  7.2506E-01 -1.8602E+01  1.014E+00  1.0877E+01  8.1905E+00
  8.500  1.0132E-01  6.5935E-01 -1.8809E+01  9.991E-01  1.1766E+01  8.6745E+00
  9.000 -7.9459E-02  5.9563E-01 -1.9007E+01  9.840E-01  1.2694E+01  9.1608E+00
  9.500 -2.5672E-01  5.3577E-01 -1.9198E+01  9.714E-01  1.3658E+01  9.6489E+00
 10.000 -4.2878E-01  4.8240E-01 -1.9384E+01  9.615E-01  1.4659E+01  1.0139E+01
 11.000 -7.5201E-01  3.9500E-01 -1.9729E+01  9.492E-01  1.6760E+01  1.1121E+01
 12.000 -1.0489E+00  3.2409E-01 -2.0049E+01  9.414E-01  1.8988E+01  1.2108E+01
 13.000 -1.3233E+00  2.6997E-01 -2.0350E+01  9.369E-01  2.1335E+01  1.3097E+01
 14.000 -1.5761E+00  2.2670E-01 -2.0632E+01  9.349E-01  2.3797E+01  1.4088E+01
 15.000 -1.8104E+00  1.9336E-01 -2.0903E+01  9.338E-01  2.6367E+01  1.5080E+01
 16.000 -2.0279E+00  1.6778E-01 -2.1168E+01  9.338E-01  2.9043E+01  1.6074E+01
 17.000 -2.2301E+00  1.4798E-01 -2.1440E+01  9.344E-01  3.1820E+01  1.7069E+01
 18.000 -2.4190E+00  1.3228E-01 -2.1710E+01  9.350E-01  3.4696E+01  1.8064E+01
 19.000 -2.5953E+00  1.1935E-01 -2.1973E+01  9.358E-01  3.7666E+01  1.9060E+01
 20.000 -2.7608E+00  1.0883E-01 -2.2228E+01  9.363E-01  4.0728E+01  2.0056E+01
