 Calculating EXAFS parameters...
    Curved wave chi amplitude ratio   4.00%
    Discard feff.dat for paths with cw ratio <   2.67%
    path  cw ratio     deg    nleg  reff
      1   100.000     2.000     2   2.1292
      2   199.355     4.000     2   2.1322
      3   193.197     8.000     2   3.0133
      4    96.438     4.000     2   3.0154
      5    26.876    16.000     3   3.6373
      6    18.009    16.000     3   3.6373
      7    18.017    16.000     3   3.6373
      8    13.395     8.000     3   3.6400
      9    17.972    16.000     3   3.6400
     10   107.734     8.000     2   3.6914
     11    20.749     2.000     2   4.2583
     12    14.317     2.000     3   4.2583
     13    52.620     4.000     3   4.2583
     14    12.216     2.000     4   4.2583
     15     4.623     2.000     4   4.2583
     16    33.292     2.000     4   4.2583
     17     6.435     8.000     4   4.2614
     18     6.444     8.000     4   4.2614
     19     1.737    16.000     4   4.2614 neglected
     20    41.344     4.000     2   4.2645
     21    28.485     4.000     3   4.2645
     22   104.720     8.000     3   4.2645
     23    24.275     4.000     4   4.2645
     24     9.194     4.000     4   4.2645
     25    66.178     4.000     4   4.2645
     26     6.412     8.000     4   4.2645
     27     0.865     8.000     4   4.2645 neglected
     28     6.744    16.000     3   4.4180
     29    13.476    32.000     3   4.4184
     30    18.418    16.000     3   4.4180
     31    36.796    32.000     3   4.4184
     32    24.067    16.000     3   4.4180
     33    48.106    32.000     3   4.4184
     34     7.927    16.000     3   4.5210
     35    15.911    32.000     3   4.5210
     36    55.272     8.000     2   4.7623
     37    55.144     8.000     2   4.7665
     38    55.101     8.000     2   4.7678
     39    21.810    16.000     3   4.9524
     40    47.069    16.000     3   4.9524
     41    28.966    16.000     3   4.9524
     42    21.800    16.000     3   4.9560
     43    47.073    16.000     3   4.9560
     44    28.956    16.000     3   4.9560
     45    21.751    16.000     3   4.9578
     46    46.948    16.000     3   4.9578
     47    28.882    16.000     3   4.9578
     48     6.804    16.000     3   5.1424
     49     3.865    16.000     4   5.1424
     50     6.084    16.000     4   5.1424
     51     9.921    16.000     4   5.1424
     52    10.156     8.000     4   5.1424
     53    16.116     8.000     4   5.1424
     54     4.583     8.000     4   5.1424
     55     6.132    16.000     4   5.1424
     56    12.799    16.000     4   5.1424
     57     9.327    16.000     4   5.1424
     58     2.277    32.000     4   5.1451 neglected
     59     6.916    32.000     4   5.1451
     60     6.914    32.000     4   5.1451
     61     6.802    16.000     3   5.1455
     62     3.863    16.000     4   5.1455
     63     6.084    16.000     4   5.1455
     64     9.908    16.000     4   5.1455
     65    10.152     8.000     4   5.1455
     66     4.166    16.000     4   5.1455
     67    16.125     8.000     4   5.1455
     68     8.094    16.000     4   5.1455
     69     4.593     8.000     4   5.1455
     70     1.396    32.000     4   5.1455 neglected
     71     6.116    16.000     4   5.1455
     72     6.915    32.000     4   5.1455
     73    12.817    16.000     4   5.1455
     74     9.307    16.000     4   5.1455
     75     6.781    16.000     3   5.1477
     76     3.851    16.000     4   5.1477
     77     6.067    16.000     4   5.1477
     78     9.877    16.000     4   5.1477
     79    10.119     8.000     4   5.1477
     80    16.070     8.000     4   5.1477
     81     4.573     8.000     4   5.1477
     82     6.102    16.000     4   5.1477
     83    12.758    16.000     4   5.1477
     84     9.281    16.000     4   5.1477
     85    48.290     8.000     2   5.2179
     86    96.390    16.000     2   5.2216
     87    19.084    16.000     3   5.5192
     88    13.723    16.000     3   5.5192
     89    16.051    16.000     3   5.5192
     90    38.152    32.000     3   5.5226
     91    27.416    32.000     3   5.5226
     92    32.000    32.000     3   5.5226
     93     3.181    16.000     3   5.5765
     94     8.241    16.000     3   5.5765
     95    10.042    16.000     3   5.5765
     96     2.808    16.000     4   5.5765
     97    11.816    16.000     4   5.5765
     98     8.389    16.000     4   5.5765
     99     3.183    16.000     3   5.5800
    100     8.233    16.000     3   5.5800
    101    10.024    16.000     3   5.5800
    102     2.806    16.000     4   5.5800
    103    11.776    16.000     4   5.5800
    104     8.369    16.000     4   5.5800
    105     3.172    16.000     3   5.5823
    106     8.212    16.000     3   5.5823
    107    10.003    16.000     3   5.5823
    108     2.797    16.000     4   5.5823
    109    11.755    16.000     4   5.5823
    110     8.347    16.000     4   5.5823
    111     7.391    16.000     3   5.6222
    112    16.883    32.000     3   5.6222
    113    14.794    32.000     3   5.6252
    114    16.905    32.000     3   5.6252
    115    16.902    32.000     3   5.6252
    116     4.660    32.000     3   5.7335
    117    16.503    32.000     3   5.7335
    118    12.236    32.000     3   5.7335
    119     4.688    32.000     3   5.7362
    120     4.666    32.000     3   5.7366
    121    16.498    32.000     3   5.7362
    122    16.479    32.000     3   5.7366
    123    12.238    32.000     3   5.7362
    124    12.221    32.000     3   5.7366
    125     2.199    16.000     4   5.7665 neglected
    126     3.221    16.000     4   5.7665
    127     8.457    16.000     4   5.7665
    128     1.778    16.000     4   5.7665 neglected
    129     3.310    16.000     5   5.7665
    130    10.843    16.000     5   5.7665
    131     1.330    16.000     5   5.7665 neglected
    132     2.205    16.000     4   5.7696 neglected
    133     3.224    16.000     4   5.7696
    134     8.452    16.000     4   5.7696
    135     1.778    16.000     4   5.7696 neglected
    136     3.313    16.000     5   5.7696
    137    10.818    16.000     5   5.7696
    138     1.335    16.000     5   5.7696 neglected
    139     2.193    16.000     4   5.7722 neglected
    140     3.211    16.000     4   5.7722
    141     8.423    16.000     4   5.7722
    142     1.771    16.000     4   5.7722 neglected
    143     3.298    16.000     5   5.7722
    144    10.784    16.000     5   5.7722
    145     1.327    16.000     5   5.7722 neglected
    146     4.316    16.000     4   5.8205
    147     3.740     8.000     4   5.8205
    148     2.665     8.000     4   5.8205 neglected
    149     5.605    16.000     4   5.8205
    150     4.900    16.000     4   5.8205
    151     4.651    32.000     3   5.8236
    152     8.634    32.000     4   5.8236
    153     5.988    32.000     4   5.8236
    154     4.642    16.000     4   5.8236
    155     7.479    16.000     4   5.8236
    156     3.218    16.000     4   5.8236
    157     5.337    16.000     4   5.8236
    158    11.174    32.000     4   5.8236
    159     9.793    32.000     4   5.8236
    160     6.317    32.000     4   5.8236
    161     4.717    16.000     4   5.8236
    162     7.008    32.000     4   5.9235
    163     8.869    32.000     4   5.9235
    164     4.262    32.000     4   5.9235
    165     4.466    32.000     4   5.9235
    166    10.131    32.000     4   5.9235
    167     5.204    32.000     4   5.9235
    168     5.649    32.000     4   5.9235
    169     5.049    32.000     4   5.9235
    170     4.230    32.000     4   5.9235
    171     2.528    32.000     4   5.9235 neglected
    172     7.016    32.000     4   5.9262
    173     7.024    32.000     4   5.9262
    174     8.895    32.000     4   5.9262
    175     8.883    32.000     4   5.9262
    176     4.266    32.000     4   5.9262
    177     4.264    32.000     4   5.9262
    178     4.474    32.000     4   5.9262
    179     4.471    32.000     4   5.9262
    180    10.124    32.000     4   5.9262
    181    10.125    32.000     4   5.9262
    182     5.210    32.000     4   5.9262
    183     5.212    32.000     4   5.9262
    184     5.630    32.000     4   5.9262
    185     5.642    32.000     4   5.9262
    186     5.049    32.000     4   5.9262
    187     5.050    32.000     4   5.9262
    188     4.230    32.000     4   5.9262
    189     4.231    32.000     4   5.9262
    190     2.545    32.000     4   5.9262 neglected
    191     2.536    32.000     4   5.9262 neglected
  174 paths kept,  191 examined.
 Done with module 5: F_eff.
