# comment: None given                          Feff8L (EXAFS)       0.1      
# Source:
# Structure Summary:  Fe2 O2
# Reduced formula:  FeO
# space group: (Fm-3m), space number:  (225)
# abc:  4.258326   3.015442   4.264480
# angles: 45.000000  90.000000  90.000000
# sites: 4
# mp-18905
# POT  Non-SCF, core-hole, AFOLP (folp(0)= 1.150)
# Abs   Z=26 Rmt= 1.357 Rnm= 1.418 K  shell
# Pot 1 Z=26 Rmt= 1.364 Rnm= 1.425
# Pot 2 Z= 8 Rmt= 1.020 Rnm= 1.067
# Gam_ch=1.309E+00 H-L exch
# Mu=-3.584E+00 kf=2.218E+00 Vint=-2.233E+01 Rs_int= 1.635
# PATH  Rmax= 6.000,  Keep_limit= 0.00, Heap_limit 0.00  Pwcrit= 2.50%
#  S02=1.000                                        Global_sig2= 0.00000
#  Curved wave amplitude ratio filter   4.000%
#     file         sig2 tot  cw amp ratio   deg  nlegs   reff  inp sig2
#           1       0.00000    100.00      2.00     2   2.1292
#           2       0.00000    199.40      4.00     2   2.1322
#           3       0.00000    193.20      8.00     2   3.0133
#           4       0.00000     96.44      4.00     2   3.0154
#           5       0.00000     26.88     16.00     3   3.6373
#           6       0.00000     18.01     16.00     3   3.6373
#           7       0.00000     18.02     16.00     3   3.6373
#           8       0.00000     13.40      8.00     3   3.6400
#           9       0.00000     17.97     16.00     3   3.6400
#          10       0.00000    107.70      8.00     2   3.6914
#          11       0.00000     20.75      2.00     2   4.2583
#          12       0.00000     14.32      2.00     3   4.2583
#          13       0.00000     52.62      4.00     3   4.2583
#          14       0.00000     12.22      2.00     4   4.2583
#          15       0.00000      4.62      2.00     4   4.2583
#          16       0.00000     33.29      2.00     4   4.2583
#          17       0.00000      6.43      8.00     4   4.2614
#          18       0.00000      6.44      8.00     4   4.2614
#          20       0.00000     41.34      4.00     2   4.2645
#          21       0.00000     28.49      4.00     3   4.2645
#          22       0.00000    104.70      8.00     3   4.2645
#          23       0.00000     24.28      4.00     4   4.2645
#          24       0.00000      9.19      4.00     4   4.2645
#          25       0.00000     66.18      4.00     4   4.2645
#          26       0.00000      6.41      8.00     4   4.2645
#          28       0.00000      6.74     16.00     3   4.4180
#          29       0.00000     13.48     32.00     3   4.4184
#          30       0.00000     18.42     16.00     3   4.4180
#          31       0.00000     36.80     32.00     3   4.4184
#          32       0.00000     24.07     16.00     3   4.4180
#          33       0.00000     48.11     32.00     3   4.4184
#          34       0.00000      7.93     16.00     3   4.5210
#          35       0.00000     15.91     32.00     3   4.5210
#          36       0.00000     55.27      8.00     2   4.7623
#          37       0.00000     55.14      8.00     2   4.7665
#          38       0.00000     55.10      8.00     2   4.7678
#          39       0.00000     21.81     16.00     3   4.9524
#          40       0.00000     47.07     16.00     3   4.9524
#          41       0.00000     28.97     16.00     3   4.9524
#          42       0.00000     21.80     16.00     3   4.9560
#          43       0.00000     47.07     16.00     3   4.9560
#          44       0.00000     28.96     16.00     3   4.9560
#          45       0.00000     21.75     16.00     3   4.9578
#          46       0.00000     46.95     16.00     3   4.9578
#          47       0.00000     28.88     16.00     3   4.9578
#          48       0.00000      6.80     16.00     3   5.1424
#          50       0.00000      6.08     16.00     4   5.1424
#          51       0.00000      9.92     16.00     4   5.1424
#          52       0.00000     10.16      8.00     4   5.1424
#          53       0.00000     16.12      8.00     4   5.1424
#          54       0.00000      4.58      8.00     4   5.1424
#          55       0.00000      6.13     16.00     4   5.1424
#          56       0.00000     12.80     16.00     4   5.1424
#          57       0.00000      9.33     16.00     4   5.1424
#          59       0.00000      6.92     32.00     4   5.1451
#          60       0.00000      6.91     32.00     4   5.1451
#          61       0.00000      6.80     16.00     3   5.1455
#          63       0.00000      6.08     16.00     4   5.1455
#          64       0.00000      9.91     16.00     4   5.1455
#          65       0.00000     10.15      8.00     4   5.1455
#          66       0.00000      4.17     16.00     4   5.1455
#          67       0.00000     16.13      8.00     4   5.1455
#          68       0.00000      8.09     16.00     4   5.1455
#          69       0.00000      4.59      8.00     4   5.1455
#          71       0.00000      6.12     16.00     4   5.1455
#          72       0.00000      6.91     32.00     4   5.1455
#          73       0.00000     12.82     16.00     4   5.1455
#          74       0.00000      9.31     16.00     4   5.1455
#          75       0.00000      6.78     16.00     3   5.1477
#          77       0.00000      6.07     16.00     4   5.1477
#          78       0.00000      9.88     16.00     4   5.1477
#          79       0.00000     10.12      8.00     4   5.1477
#          80       0.00000     16.07      8.00     4   5.1477
#          81       0.00000      4.57      8.00     4   5.1477
#          82       0.00000      6.10     16.00     4   5.1477
#          83       0.00000     12.76     16.00     4   5.1477
#          84       0.00000      9.28     16.00     4   5.1477
#          85       0.00000     48.29      8.00     2   5.2179
#          86       0.00000     96.39     16.00     2   5.2216
#          87       0.00000     19.08     16.00     3   5.5192
#          88       0.00000     13.72     16.00     3   5.5192
#          89       0.00000     16.05     16.00     3   5.5192
#          90       0.00000     38.15     32.00     3   5.5226
#          91       0.00000     27.42     32.00     3   5.5226
#          92       0.00000     32.00     32.00     3   5.5226
#          94       0.00000      8.24     16.00     3   5.5765
#          95       0.00000     10.04     16.00     3   5.5765
#          97       0.00000     11.82     16.00     4   5.5765
#          98       0.00000      8.39     16.00     4   5.5765
#         100       0.00000      8.23     16.00     3   5.5800
#         101       0.00000     10.02     16.00     3   5.5800
#         103       0.00000     11.78     16.00     4   5.5800
#         104       0.00000      8.37     16.00     4   5.5800
#         106       0.00000      8.21     16.00     3   5.5823
#         107       0.00000     10.00     16.00     3   5.5823
#         109       0.00000     11.75     16.00     4   5.5823
#         110       0.00000      8.35     16.00     4   5.5823
#         111       0.00000      7.39     16.00     3   5.6222
#         112       0.00000     16.88     32.00     3   5.6222
#         113       0.00000     14.79     32.00     3   5.6252
#         114       0.00000     16.91     32.00     3   5.6252
#         115       0.00000     16.90     32.00     3   5.6252
#         116       0.00000      4.66     32.00     3   5.7335
#         117       0.00000     16.50     32.00     3   5.7335
#         118       0.00000     12.24     32.00     3   5.7335
#         119       0.00000      4.69     32.00     3   5.7362
#         120       0.00000      4.67     32.00     3   5.7366
#         121       0.00000     16.50     32.00     3   5.7362
#         122       0.00000     16.48     32.00     3   5.7366
#         123       0.00000     12.24     32.00     3   5.7362
#         124       0.00000     12.22     32.00     3   5.7366
#         127       0.00000      8.46     16.00     4   5.7665
#         130       0.00000     10.84     16.00     5   5.7665
#         134       0.00000      8.45     16.00     4   5.7696
#         137       0.00000     10.82     16.00     5   5.7696
#         141       0.00000      8.42     16.00     4   5.7722
#         144       0.00000     10.78     16.00     5   5.7722
#         146       0.00000      4.32     16.00     4   5.8205
#         149       0.00000      5.61     16.00     4   5.8205
#         150       0.00000      4.90     16.00     4   5.8205
#         151       0.00000      4.65     32.00     3   5.8236
#         152       0.00000      8.63     32.00     4   5.8236
#         153       0.00000      5.99     32.00     4   5.8236
#         154       0.00000      4.64     16.00     4   5.8236
#         155       0.00000      7.48     16.00     4   5.8236
#         157       0.00000      5.34     16.00     4   5.8236
#         158       0.00000     11.17     32.00     4   5.8236
#         159       0.00000      9.79     32.00     4   5.8236
#         160       0.00000      6.32     32.00     4   5.8236
#         161       0.00000      4.72     16.00     4   5.8236
#         162       0.00000      7.01     32.00     4   5.9235
#         163       0.00000      8.87     32.00     4   5.9235
#         164       0.00000      4.26     32.00     4   5.9235
#         165       0.00000      4.47     32.00     4   5.9235
#         166       0.00000     10.13     32.00     4   5.9235
#         167       0.00000      5.20     32.00     4   5.9235
#         168       0.00000      5.65     32.00     4   5.9235
#         169       0.00000      5.05     32.00     4   5.9235
#         170       0.00000      4.23     32.00     4   5.9235
#         172       0.00000      7.02     32.00     4   5.9262
#         173       0.00000      7.02     32.00     4   5.9262
#         174       0.00000      8.90     32.00     4   5.9262
#         175       0.00000      8.88     32.00     4   5.9262
#         176       0.00000      4.27     32.00     4   5.9262
#         177       0.00000      4.26     32.00     4   5.9262
#         178       0.00000      4.47     32.00     4   5.9262
#         179       0.00000      4.47     32.00     4   5.9262
#         180       0.00000     10.12     32.00     4   5.9262
#         181       0.00000     10.12     32.00     4   5.9262
#         182       0.00000      5.21     32.00     4   5.9262
#         183       0.00000      5.21     32.00     4   5.9262
#         184       0.00000      5.63     32.00     4   5.9262
#         185       0.00000      5.64     32.00     4   5.9262
#         186       0.00000      5.05     32.00     4   5.9262
#         187       0.00000      5.05     32.00     4   5.9262
#         188       0.00000      4.23     32.00     4   5.9262
#         189       0.00000      4.23     32.00     4   5.9262
#   157/ 174 paths used
#  xsedge+50, used to normalize mu           3.2165E-04
#  -----------------------------------------------------------------------
#  omega    e    k    mu    mu0     chi     @#
    7117.464     -3.584   0.000  6.71977E-01  4.32118E-01  2.85917E-01
    7117.474     -3.574   0.050  6.83865E-01  4.40038E-01  2.90501E-01
    7117.502     -3.546   0.100  6.95756E-01  4.47958E-01  2.95084E-01
    7117.550     -3.498   0.150  7.30976E-01  4.71259E-01  3.08817E-01
    7117.616     -3.431   0.200  7.66219E-01  4.94559E-01  3.22538E-01
    7117.702     -3.346   0.250  8.21002E-01  5.29458E-01  3.45305E-01
    7117.807     -3.241   0.300  8.75830E-01  5.64358E-01  3.68013E-01
    7117.931     -3.117   0.350  9.40991E-01  6.01707E-01  3.99547E-01
    7118.074     -2.974   0.400  1.00616E+00  6.39056E-01  4.30886E-01
    7118.236     -2.812   0.450  1.07324E+00  6.70677E-01  4.70562E-01
    7118.416     -2.631   0.500  1.14015E+00  7.02299E-01  5.09720E-01
    7118.617     -2.431   0.550  1.20655E+00  7.26357E-01  5.56328E-01
    7118.836     -2.212   0.600  1.27229E+00  7.50415E-01  6.01739E-01
    7119.074     -1.974   0.650  1.33797E+00  7.68591E-01  6.53008E-01
    7119.331     -1.717   0.700  1.40199E+00  7.86767E-01  7.01822E-01
    7119.607     -1.441   0.750  1.46574E+00  8.01042E-01  7.53875E-01
    7119.902     -1.145   0.800  1.52600E+00  8.15318E-01  8.01388E-01
    7120.217     -0.831   0.850  1.58387E+00  8.27084E-01  8.48190E-01
    7120.550     -0.498   0.900  1.63542E+00  8.38850E-01  8.87377E-01
    7120.902     -0.145   0.950  1.68043E+00  8.48955E-01  9.20481E-01
    7121.274      0.226   1.000  1.71531E+00  8.59060E-01  9.42032E-01
    7121.664      0.617   1.050  1.73794E+00  8.67995E-01  9.51096E-01
    7122.074      1.026   1.100  1.74621E+00  8.76929E-01  9.44457E-01
    7122.503      1.455   1.150  1.73608E+00  8.84962E-01  9.19036E-01
    7122.950      1.903   1.200  1.70819E+00  8.92994E-01  8.74873E-01
    7123.417      2.369   1.250  1.65726E+00  9.00262E-01  8.07620E-01
    7123.903      2.855   1.300  1.58798E+00  9.07530E-01  7.21694E-01
    7124.408      3.360   1.350  1.49522E+00  9.14092E-01  6.12938E-01
    7124.932      3.884   1.400  1.38836E+00  9.20654E-01  4.90589E-01
    7125.474      4.427   1.450  1.26401E+00  9.26523E-01  3.52215E-01
    7126.036      4.989   1.500  1.13585E+00  9.32392E-01  2.11268E-01
    7126.617      5.570   1.550  1.00328E+00  9.37555E-01  6.79411E-02
    7127.218      6.170   1.600  8.82063E-01  9.42717E-01 -6.24220E-02
    7127.837      6.789   1.650  7.74055E-01  9.47147E-01 -1.77466E-01
    7128.475      7.427   1.700  6.93150E-01  9.51577E-01 -2.63962E-01
    7129.132      8.084   1.750  6.41506E-01  9.55245E-01 -3.19495E-01
    7129.808      8.760   1.800  6.26409E-01  9.58913E-01 -3.37588E-01
    7130.504      9.456   1.850  6.47134E-01  9.61784E-01 -3.18769E-01
    7131.218     10.170   1.900  7.01025E-01  9.64655E-01 -2.66503E-01
    7131.951     10.904   1.950  7.81942E-01  9.66660E-01 -1.86494E-01
    7132.704     11.656   2.000  8.77925E-01  9.68666E-01 -9.14967E-02
    7133.475     12.428   2.050  9.78242E-01  9.69313E-01  9.00523E-03
    7134.266     13.218   2.100  1.06702E+00  9.69959E-01  9.78942E-02
    7135.076     14.028   2.150  1.13128E+00  9.70606E-01  1.62084E-01
    7135.904     14.856   2.200  1.16184E+00  9.71253E-01  1.92287E-01
    7136.752     15.704   2.250  1.14932E+00  9.69361E-01  1.82268E-01
    7137.619     16.571   2.300  1.09684E+00  9.67469E-01  1.31547E-01
    7138.505     17.457   2.350  1.01343E+00  9.65577E-01  4.88492E-02
    7139.409     18.362   2.400  9.12010E-01  9.63685E-01 -5.29579E-02
    7140.333     19.286   2.450  8.14613E-01  9.66173E-01 -1.54968E-01
    7141.276     20.229   2.500  7.37826E-01  9.68661E-01 -2.35487E-01
    7142.238     21.191   2.550  6.89346E-01  9.71149E-01 -2.86830E-01
    7143.219     22.172   2.600  6.70078E-01  9.73638E-01 -3.08275E-01
    7144.220     23.172   2.650  6.73185E-01  9.79447E-01 -3.09729E-01
    7145.239     24.191   2.700  6.90880E-01  9.85256E-01 -2.96480E-01
    7146.277     25.229   2.750  7.16178E-01  9.91065E-01 -2.75713E-01
    7147.334     26.286   2.800  7.42634E-01  9.96875E-01 -2.53961E-01
    7148.411     27.363   2.850  7.67673E-01  9.98012E-01 -2.29957E-01
    7149.506     28.458   2.900  7.89565E-01  9.99148E-01 -2.09122E-01
    7150.620     29.573   2.950  8.07367E-01  1.00028E+00 -1.92386E-01
    7151.754     30.706   3.000  8.22315E-01  1.00142E+00 -1.78515E-01
    7152.906     31.859   3.050  8.35297E-01  1.00132E+00 -1.65473E-01
    7154.078     33.030   3.100  8.50794E-01  1.00122E+00 -1.49924E-01
    7155.269     34.221   3.150  8.72679E-01  1.00112E+00 -1.28009E-01
    7156.478     35.430   3.200  9.04199E-01  1.00102E+00 -9.64923E-02
    7157.707     36.659   3.250  9.45438E-01  1.00031E+00 -5.46968E-02
    7158.955     37.907   3.300  9.97861E-01  9.99593E-01 -1.72734E-03
    7160.222     39.174   3.350  1.05943E+00  9.98881E-01  6.03901E-02
    7161.507     40.460   3.400  1.12603E+00  9.98168E-01  1.27558E-01
    7162.812     41.764   3.450  1.19287E+00  9.97338E-01  1.95179E-01
    7164.136     43.088   3.500  1.25323E+00  9.96507E-01  2.56402E-01
    7165.479     44.431   3.550  1.30067E+00  9.95677E-01  3.04775E-01
    7166.841     45.794   3.600  1.32987E+00  9.94846E-01  3.34979E-01
    7168.222     47.175   3.650  1.33779E+00  9.93722E-01  3.44135E-01
    7169.623     48.575   3.700  1.32319E+00  9.92597E-01  3.30765E-01
    7171.042     49.994   3.750  1.28789E+00  9.91473E-01  2.96666E-01
    7172.480     51.432   3.800  1.23605E+00  9.90349E-01  2.45989E-01
    7173.937     52.890   3.850  1.17326E+00  9.89710E-01  1.83813E-01
    7175.414     54.366   3.900  1.10553E+00  9.89071E-01  1.16658E-01
    7176.909     55.861   3.950  1.03948E+00  9.88432E-01  5.11478E-02
    7178.424     57.376   4.000  9.80723E-01  9.87793E-01 -7.08550E-03
    7179.957     58.909   4.050  9.32362E-01  9.87203E-01 -5.49634E-02
    7181.510     60.462   4.100  8.97593E-01  9.86614E-01 -8.92217E-02
    7183.081     62.034   4.150  8.76408E-01  9.86024E-01 -1.09867E-01
    7184.672     63.624   4.200  8.66963E-01  9.85434E-01 -1.18747E-01
    7186.282     65.234   4.250  8.67125E-01  9.85243E-01 -1.18374E-01
    7187.911     66.863   4.300  8.72820E-01  9.85052E-01 -1.12456E-01
    7189.558     68.511   4.350  8.80403E-01  9.84860E-01 -1.04649E-01
    7191.225     70.177   4.400  8.87039E-01  9.84669E-01 -9.77940E-02
    7192.911     71.863   4.450  8.91894E-01  9.84773E-01 -9.30043E-02
    7194.616     73.568   4.500  8.93645E-01  9.84877E-01 -9.13254E-02
    7196.340     75.292   4.550  8.93319E-01  9.84980E-01 -9.17257E-02
    7198.083     77.035   4.600  8.93012E-01  9.85084E-01 -9.21067E-02
    7199.845     78.797   4.650  8.95044E-01  9.85245E-01 -9.02073E-02
    7201.626     80.579   4.700  9.01683E-01  9.85405E-01 -8.37030E-02
    7203.427     82.379   4.750  9.14702E-01  9.85565E-01 -7.08258E-02
    7205.246     84.198   4.800  9.34656E-01  9.85726E-01 -5.10274E-02
    7207.084     86.036   4.850  9.60428E-01  9.85963E-01 -2.55071E-02
    7208.942     87.894   4.900  9.90132E-01  9.86200E-01  3.92719E-03
    7210.818     89.770   4.950  1.02045E+00  9.86437E-01  3.39575E-02
    7212.714     91.666   5.000  1.04752E+00  9.86674E-01  6.07315E-02
    7214.628     93.580   5.050  1.06749E+00  9.86800E-01  8.05256E-02
    7216.562     95.514   5.100  1.07766E+00  9.86927E-01  9.05332E-02
    7218.514     97.466   5.150  1.07655E+00  9.87053E-01  8.92851E-02
    7220.486     99.438   5.200  1.06443E+00  9.87180E-01  7.70551E-02
    7222.477    101.429   5.250  1.04289E+00  9.87132E-01  5.56263E-02
    7224.486    103.439   5.300  1.01566E+00  9.87084E-01  2.85156E-02
    7226.515    105.467   5.350  9.86998E-01  9.87037E-01 -3.91754E-05
    7228.563    107.515   5.400  9.61150E-01  9.86989E-01 -2.57873E-02
    7230.630    109.582   5.450  9.41287E-01  9.86686E-01 -4.53260E-02
    7232.716    111.668   5.500  9.30149E-01  9.86384E-01 -5.61656E-02
    7234.821    113.773   5.550  9.28228E-01  9.86081E-01 -5.78033E-02
    7236.945    115.897   5.600  9.34343E-01  9.85778E-01 -5.14112E-02
    7239.088    118.040   5.650  9.46120E-01  9.85170E-01 -3.90560E-02
    7241.250    120.202   5.700  9.60426E-01  9.84561E-01 -2.41536E-02
    7243.432    122.384   5.750  9.74107E-01  9.83952E-01 -9.85881E-03
    7245.632    124.584   5.800  9.84783E-01  9.83343E-01  1.44300E-03
    7247.851    126.803   5.850  9.91398E-01  9.82519E-01  8.90567E-03
    7250.089    129.042   5.900  9.94097E-01  9.81695E-01  1.24511E-02
    7252.347    131.299   5.950  9.94495E-01  9.80871E-01  1.36910E-02
    7254.623    133.576   6.000  9.95027E-01  9.80047E-01  1.50682E-02
    7256.919    135.871   6.050  9.98118E-01  9.78908E-01  1.93495E-02
    7259.233    138.186   6.100  1.00564E+00  9.77769E-01  2.81122E-02
    7261.567    140.519   6.150  1.01824E+00  9.76630E-01  4.20206E-02
    7263.920    142.872   6.200  1.03487E+00  9.75491E-01  6.00454E-02
    7266.291    145.244   6.250  1.05284E+00  9.74352E-01  7.94768E-02
    7268.682    147.634   6.300  1.06823E+00  9.73213E-01  9.63496E-02
    7271.092    150.044   6.350  1.07667E+00  9.72074E-01  1.06201E-01
    7273.521    152.473   6.400  1.07422E+00  9.70935E-01  1.05011E-01
    7275.969    154.921   6.450  1.05833E+00  9.69796E-01  9.01312E-02
    7278.436    157.388   6.500  1.02850E+00  9.68657E-01  6.10009E-02
    7280.922    159.874   6.550  9.85656E-01  9.67434E-01  1.86050E-02
    7283.427    162.379   6.600  9.35058E-01  9.66211E-01 -3.18568E-02
    7285.951    164.903   6.650  8.82919E-01  9.64989E-01 -8.40545E-02
    7288.494    167.446   6.700  8.36230E-01  9.63766E-01 -1.30826E-01
    7291.056    170.008   6.750  8.01564E-01  9.62543E-01 -1.65389E-01
    7293.638    172.590   6.800  7.83929E-01  9.61321E-01 -1.82537E-01
    7296.238    175.190   6.850  7.85867E-01  9.60098E-01 -1.79567E-01
    7298.857    177.809   6.900  8.06983E-01  9.58875E-01 -1.56790E-01
    7301.496    180.448   6.950  8.44003E-01  9.57653E-01 -1.17499E-01
    7304.153    183.105   7.000  8.91326E-01  9.56430E-01 -6.74149E-02
    7306.830    185.782   7.050  9.42591E-01  9.55379E-01 -1.32612E-02
    7309.525    188.477   7.100  9.89840E-01  9.54328E-01  3.68824E-02
    7312.240    191.192   7.150  1.02685E+00  9.53277E-01  7.65247E-02
    7314.973    193.926   7.200  1.04952E+00  9.52226E-01  1.01350E-01
    7317.726    196.678   7.250  1.05647E+00  9.51175E-01  1.09846E-01
    7320.498    199.450   7.300  1.04908E+00  9.50124E-01  1.03389E-01
    7323.289    202.241   7.350  1.03105E+00  9.49073E-01  8.57809E-02
    7326.099    205.051   7.400  1.00752E+00  9.48022E-01  6.23542E-02
    7328.928    207.880   7.450  9.83963E-01  9.46971E-01  3.88238E-02
    7331.775    210.728   7.500  9.65072E-01  9.45920E-01  2.01307E-02
    7334.642    213.595   7.550  9.54270E-01  9.45099E-01  9.65307E-03
    7337.529    216.481   7.600  9.52143E-01  9.44278E-01  8.29064E-03
    7340.434    219.386   7.650  9.57301E-01  9.43458E-01  1.46139E-02
    7343.358    222.310   7.700  9.66565E-01  9.42637E-01  2.52954E-02
    7346.301    225.253   7.750  9.75778E-01  9.41816E-01  3.59551E-02
    7349.263    228.215   7.800  9.80801E-01  9.40996E-01  4.22021E-02
    7352.245    231.197   7.850  9.78457E-01  9.40175E-01  4.06458E-02
    7355.245    234.197   7.900  9.67254E-01  9.39354E-01  2.96653E-02
    7358.264    237.217   7.950  9.47720E-01  9.38534E-01  9.78224E-03
    7361.303    240.255   8.000  9.22304E-01  9.37713E-01 -1.64317E-02
    7364.360    243.313   8.050  8.94530E-01  9.36783E-01 -4.51085E-02
    7367.437    246.389   8.100  8.69263E-01  9.35853E-01 -7.11704E-02
    7370.533    249.485   8.150  8.50775E-01  9.34922E-01 -9.00369E-02
    7373.647    252.599   8.200  8.42207E-01  9.33992E-01 -9.83208E-02
    7376.781    255.733   8.250  8.44977E-01  9.33062E-01 -9.44639E-02
    7379.934    258.886   8.300  8.58562E-01  9.32132E-01 -7.89866E-02
    7383.105    262.058   8.350  8.80667E-01  9.31202E-01 -5.43176E-02
    7386.296    265.248   8.400  9.07724E-01  9.30272E-01 -2.42625E-02
    7389.506    268.458   8.450  9.35616E-01  9.29342E-01  6.75915E-03
    7392.735    271.687   8.500  9.60432E-01  9.28412E-01  3.45337E-02
    7395.983    274.935   8.550  9.79162E-01  9.27375E-01  5.59106E-02
    7399.250    278.202   8.600  9.90041E-01  9.26338E-01  6.88463E-02
    7402.536    281.489   8.650  9.92639E-01  9.25302E-01  7.28492E-02
    7405.842    284.794   8.700  9.87776E-01  9.24265E-01  6.87806E-02
    7409.166    288.118   8.750  9.77159E-01  9.23229E-01  5.84657E-02
    7412.509    291.461   8.800  9.62904E-01  9.22192E-01  4.41818E-02
    7415.871    294.823   8.850  9.47071E-01  9.21155E-01  2.81535E-02
    7419.253    298.205   8.900  9.31309E-01  9.20119E-01  1.21692E-02
    7422.653    301.605   8.950  9.16687E-01  9.19082E-01 -2.60737E-03
    7426.073    305.025   9.000  9.03713E-01  9.18045E-01 -1.56184E-02
    7429.511    308.463   9.050  8.92300E-01  9.16924E-01 -2.68618E-02
    7432.969    311.921   9.100  8.82661E-01  9.15803E-01 -3.61916E-02
    7436.445    315.397   9.150  8.74918E-01  9.14682E-01 -4.34690E-02
    7439.941    318.893   9.200  8.69412E-01  9.13561E-01 -4.83124E-02
    7443.456    322.408   9.250  8.66715E-01  9.12439E-01 -5.00898E-02
    7446.989    325.942   9.300  8.67492E-01  9.11318E-01 -4.80604E-02
    7450.542    329.494   9.350  8.72280E-01  9.10197E-01 -4.16246E-02
    7454.114    333.066   9.400  8.81223E-01  9.09076E-01 -3.06087E-02
    7457.705    336.657   9.450  8.93868E-01  9.07955E-01 -1.54963E-02
    7461.315    340.267   9.500  9.09077E-01  9.06834E-01  2.47099E-03
    7464.944    343.896   9.550  9.25190E-01  9.05697E-01  2.14911E-02
    7468.592    347.544   9.600  9.39993E-01  9.04560E-01  3.91095E-02
    7472.259    351.211   9.650  9.51321E-01  9.03424E-01  5.29273E-02
    7475.945    354.897   9.700  9.57381E-01  9.02287E-01  6.09496E-02
    7479.650    358.603   9.750  9.57108E-01  9.01151E-01  6.19751E-02
    7483.375    362.327   9.800  9.50384E-01  9.00014E-01  5.58511E-02
    7487.118    366.070   9.850  9.38093E-01  8.98878E-01  4.35321E-02
    7490.880    369.832   9.900  9.21967E-01  8.97741E-01  2.69235E-02
    7494.662    373.614   9.950  9.04280E-01  8.96605E-01  8.53992E-03
    7498.462    377.414  10.000  8.87431E-01  8.95468E-01 -8.95317E-03
    7502.282    381.234  10.050  8.73417E-01  8.94342E-01 -2.33388E-02
    7506.120    385.072  10.100  8.63724E-01  8.93217E-01 -3.29337E-02
    7509.978    388.930  10.150  8.58927E-01  8.92091E-01 -3.70789E-02
    7513.855    392.807  10.200  8.58690E-01  8.90965E-01 -3.61297E-02
    7517.750    396.702  10.250  8.61913E-01  8.89839E-01 -3.12997E-02
    7521.665    400.617  10.300  8.67019E-01  8.88713E-01 -2.43454E-02
    7525.599    404.551  10.350  8.72311E-01  8.87587E-01 -1.71639E-02
    7529.552    408.504  10.400  8.76337E-01  8.86461E-01 -1.13899E-02
    7533.524    412.476  10.450  8.78167E-01  8.85335E-01 -8.07394E-03
    7537.515    416.467  10.500  8.77556E-01  8.84209E-01 -7.50307E-03
    7541.525    420.477  10.550  8.74942E-01  8.83083E-01 -9.19273E-03
    7545.554    424.506  10.600  8.71306E-01  8.81957E-01 -1.20423E-02
    7549.602    428.554  10.650  8.67922E-01  8.80831E-01 -1.46143E-02
    7553.669    432.621  10.700  8.66053E-01  8.79705E-01 -1.54737E-02
    7557.755    436.707  10.750  8.66668E-01  8.78580E-01 -1.35176E-02
    7561.860    440.812  10.800  8.70214E-01  8.77454E-01 -8.22588E-03
    7565.985    444.937  10.850  8.76512E-01  8.76328E-01  2.10267E-04
    7570.128    449.080  10.900  8.84776E-01  8.75202E-01  1.09070E-02
    7574.290    453.243  10.950  8.93752E-01  8.74076E-01  2.24423E-02
    7578.472    457.424  11.000  9.01946E-01  8.72950E-01  3.31136E-02
    7582.672    461.624  11.050  9.07901E-01  8.71682E-01  4.14214E-02
    7586.892    465.844  11.100  9.10425E-01  8.70414E-01  4.58236E-02
    7591.130    470.083  11.150  9.08790E-01  8.69146E-01  4.54676E-02
    7595.388    474.340  11.200  9.02863E-01  8.67878E-01  4.01815E-02
    7599.665    478.617  11.250  8.93121E-01  8.66610E-01  3.04933E-02
    7603.961    482.913  11.300  8.80566E-01  8.65342E-01  1.75354E-02
    7608.275    487.228  11.350  8.66551E-01  8.64074E-01  2.85803E-03
    7612.609    491.561  11.400  8.52580E-01  8.62806E-01 -1.18121E-02
    7616.962    495.914  11.450  8.40079E-01  8.61538E-01 -2.48228E-02
    7621.334    500.286  11.500  8.30215E-01  8.60269E-01 -3.48169E-02
    7625.725    504.677  11.550  8.23755E-01  8.59001E-01 -4.08912E-02
    7630.135    509.087  11.600  8.21003E-01  8.57733E-01 -4.26738E-02
    7634.564    513.516  11.650  8.21812E-01  8.56465E-01 -4.03193E-02
    7639.012    517.965  11.700  8.25648E-01  8.55197E-01 -3.44305E-02
    7643.480    522.432  11.750  8.31707E-01  8.53929E-01 -2.59305E-02
    7647.966    526.918  11.800  8.39047E-01  8.52661E-01 -1.59098E-02
    7652.471    531.423  11.850  8.46714E-01  8.51393E-01 -5.47601E-03
    7656.996    535.948  11.900  8.53856E-01  8.50125E-01  4.37256E-03
    7661.539    540.491  11.950  8.59793E-01  8.48857E-01  1.28355E-02
    7666.101    545.054  12.000  8.64056E-01  8.47589E-01  1.93558E-02
    7670.683    549.635  12.050  8.66402E-01  8.46254E-01  2.37195E-02
    7675.283    554.236  12.100  8.66732E-01  8.44918E-01  2.57213E-02
    7679.903    558.855  12.150  8.65144E-01  8.43583E-01  2.54637E-02
    7684.542    563.494  12.200  8.61855E-01  8.42248E-01  2.31926E-02
    7689.199    568.152  12.250  8.57159E-01  8.40913E-01  1.92481E-02
    7693.876    572.828  12.300  8.51399E-01  8.39577E-01  1.40284E-02
    7698.572    577.524  12.350  8.44947E-01  8.38242E-01  7.96921E-03
    7703.287    582.239  12.400  8.38197E-01  8.36907E-01  1.53577E-03
    7708.021    586.973  12.450  8.31561E-01  8.35571E-01 -4.78154E-03
    7712.774    591.726  12.500  8.25462E-01  8.34236E-01 -1.04784E-02
    7717.546    596.498  12.550  8.20308E-01  8.32901E-01 -1.50624E-02
    7722.337    601.289  12.600  8.16460E-01  8.31565E-01 -1.80975E-02
    7727.147    606.099  12.650  8.14178E-01  8.30230E-01 -1.92624E-02
    7731.976    610.928  12.700  8.13575E-01  8.28895E-01 -1.84134E-02
    7736.824    615.776  12.750  8.14573E-01  8.27560E-01 -1.56339E-02
    7741.691    620.644  12.800  8.16889E-01  8.26224E-01 -1.12560E-02
    7746.578    625.530  12.850  8.20054E-01  8.24889E-01 -5.83969E-03
    7751.483    630.435  12.900  8.23467E-01  8.23554E-01 -1.04589E-04
    7756.408    635.360  12.950  8.26492E-01  8.22218E-01  5.17778E-03
    7761.351    640.303  13.000  8.28559E-01  8.20883E-01  9.31544E-03
    7766.313    645.266  13.050  8.29319E-01  8.19528E-01  1.19033E-02
    7771.295    650.247  13.100  8.28577E-01  8.18172E-01  1.26696E-02
    7776.296    655.248  13.150  8.26446E-01  8.16817E-01  1.17462E-02
    7781.315    660.267  13.200  8.23310E-01  8.15461E-01  9.58973E-03
    7786.354    665.306  13.250  8.19731E-01  8.14106E-01  6.88464E-03
    7791.412    670.364  13.300  8.16329E-01  8.12750E-01  4.38742E-03
    7796.489    675.441  13.350  8.13629E-01  8.11395E-01  2.74316E-03
    7801.584    680.537  13.400  8.11923E-01  8.10039E-01  2.31704E-03
    7806.699    685.651  13.450  8.11187E-01  8.08684E-01  3.08388E-03
    7811.833    690.785  13.500  8.11062E-01  8.07329E-01  4.60874E-03
    7816.986    695.938  13.550  8.10932E-01  8.05973E-01  6.13187E-03
    7822.158    701.110  13.600  8.10064E-01  8.04618E-01  6.74669E-03
    7827.349    706.302  13.650  8.07804E-01  8.03262E-01  5.63487E-03
    7832.560    711.512  13.700  8.03761E-01  8.01907E-01  2.30481E-03
    7837.789    716.741  13.750  7.97961E-01  8.00551E-01 -3.22559E-03
    7843.037    721.989  13.800  7.90895E-01  7.99196E-01 -1.03532E-02
    7848.304    727.256  13.850  7.83474E-01  7.97840E-01 -1.79495E-02
    7853.591    732.543  13.900  7.76865E-01  7.96485E-01 -2.45553E-02
    7858.896    737.848  13.950  7.72259E-01  7.95129E-01 -2.86737E-02
    7864.220    743.173  14.000  7.70601E-01  7.93774E-01 -2.91032E-02
    7869.564    748.516  14.050  7.72251E-01  7.92342E-01 -2.52789E-02
    7874.927    753.879  14.100  7.77215E-01  7.90909E-01 -1.72618E-02
    7880.308    759.260  14.150  7.84723E-01  7.89477E-01 -6.00414E-03
    7885.709    764.661  14.200  7.93461E-01  7.88045E-01  6.85196E-03
    7891.128    770.081  14.250  8.01812E-01  7.86613E-01  1.92650E-02
    7896.567    775.519  14.300  8.08163E-01  7.85180E-01  2.91844E-02
    7902.025    780.977  14.350  8.11228E-01  7.83748E-01  3.49599E-02
    7907.502    786.454  14.400  8.10308E-01  7.82316E-01  3.56775E-02
    7912.998    791.950  14.450  8.05433E-01  7.80884E-01  3.13471E-02
    7918.513    797.465  14.500  7.97350E-01  7.79451E-01  2.28972E-02
    7924.047    802.999  14.550  7.87362E-01  7.78019E-01  1.19753E-02
    7929.600    808.552  14.600  7.77052E-01  7.76587E-01  5.97251E-04
    7935.172    814.124  14.650  7.67946E-01  7.75154E-01 -9.27325E-03
    7940.763    819.715  14.700  7.61212E-01  7.73722E-01 -1.61235E-02
    7946.373    825.325  14.750  7.57439E-01  7.72290E-01 -1.91767E-02
    7952.002    830.955  14.800  7.56555E-01  7.70858E-01 -1.85035E-02
    7957.651    836.603  14.850  7.57901E-01  7.69425E-01 -1.49378E-02
    7963.318    842.270  14.900  7.60427E-01  7.67993E-01 -9.82581E-03
    7969.005    847.957  14.950  7.62970E-01  7.66561E-01 -4.67136E-03
    7974.710    853.662  15.000  7.64539E-01  7.65128E-01 -7.67863E-04
    7980.434    859.387  15.050  7.64549E-01  7.63690E-01  1.12177E-03
    7986.178    865.130  15.100  7.62903E-01  7.62252E-01  8.52172E-04
    7991.941    870.893  15.150  7.59969E-01  7.60813E-01 -1.10654E-03
    7997.722    876.674  15.200  7.56466E-01  7.59375E-01 -3.82102E-03
    8003.523    882.475  15.250  7.53246E-01  7.57937E-01 -6.17444E-03
    8009.343    888.295  15.300  7.51053E-01  7.56498E-01 -7.18162E-03
    8015.182    894.134  15.350  7.50324E-01  7.55060E-01 -6.25759E-03
    8021.039    899.992  15.400  7.51075E-01  7.53622E-01 -3.37168E-03
    8026.916    905.868  15.450  7.52899E-01  7.52183E-01  9.49723E-04
    8032.812    911.764  15.500  7.55085E-01  7.50745E-01  5.76831E-03
    8038.727    917.679  15.550  7.56805E-01  7.49307E-01  9.98519E-03
    8044.661    923.613  15.600  7.57334E-01  7.47868E-01  1.26298E-02
    8050.614    929.567  15.650  7.56235E-01  7.46430E-01  1.31090E-02
    8056.586    935.539  15.700  7.53466E-01  7.44992E-01  1.13522E-02
    8062.578    941.530  15.750  7.49376E-01  7.43553E-01  7.81574E-03
    8068.588    947.540  15.800  7.44605E-01  7.42115E-01  3.34919E-03
    8074.617    953.569  15.850  7.39907E-01  7.40676E-01 -1.03634E-03
    8080.666    959.618  15.900  7.35954E-01  7.39238E-01 -4.43433E-03
    8086.733    965.685  15.950  7.33165E-01  7.37800E-01 -6.27008E-03
    8092.819    971.772  16.000  7.31619E-01  7.36361E-01 -6.42918E-03
    8098.925    977.877  16.050  7.31010E-01  7.34894E-01 -5.27540E-03
    8105.049    984.002  16.100  7.30897E-01  7.33426E-01 -3.44343E-03
    8111.193    990.145  16.150  7.30695E-01  7.31959E-01 -1.72446E-03
    8117.356    996.308  16.200  7.29910E-01  7.30492E-01 -7.94751E-04
    8123.537   1002.490  16.250  7.28286E-01  7.29024E-01 -1.01137E-03
    8129.738   1008.690  16.300  7.25878E-01  7.27557E-01 -2.30323E-03
    8135.958   1014.910  16.350  7.23044E-01  7.26089E-01 -4.18796E-03
    8142.197   1021.149  16.400  7.20333E-01  7.24622E-01 -5.91016E-03
    8148.455   1027.407  16.450  7.18329E-01  7.23154E-01 -6.66297E-03
    8154.732   1033.684  16.500  7.17472E-01  7.21687E-01 -5.83197E-03
    8161.028   1039.980  16.550  7.17916E-01  7.20219E-01 -3.19377E-03
    8167.343   1046.295  16.600  7.19462E-01  7.18752E-01  9.86103E-04
    8173.677   1052.629  16.650  7.21582E-01  7.17284E-01  5.98471E-03
    8180.030   1058.982  16.700  7.23540E-01  7.15817E-01  1.07770E-02
    8186.402   1065.354  16.750  7.24559E-01  7.14350E-01  1.42760E-02
    8192.793   1071.746  16.800  7.24013E-01  7.12882E-01  1.55975E-02
    8199.204   1078.156  16.850  7.21584E-01  7.11415E-01  1.42806E-02
    8205.633   1084.585  16.900  7.17345E-01  7.09947E-01  1.04104E-02
    8212.081   1091.034  16.950  7.11749E-01  7.08480E-01  4.61025E-03
    8218.549   1097.501  17.000  7.05532E-01  7.07012E-01 -2.09235E-03
    8225.035   1103.987  17.050  6.99503E-01  7.05545E-01 -8.55683E-03
    8231.541   1110.493  17.100  6.94483E-01  7.04078E-01 -1.36186E-02
    8238.065   1117.018  17.150  6.91056E-01  7.02612E-01 -1.64349E-02
    8244.609   1123.561  17.200  6.89473E-01  7.01145E-01 -1.66356E-02
    8251.172   1130.124  17.250  6.89613E-01  6.99678E-01 -1.43746E-02
    8257.754   1136.706  17.300  6.91042E-01  6.98211E-01 -1.02614E-02
    8264.354   1143.307  17.350  6.93123E-01  6.96744E-01 -5.19411E-03
    8270.974   1149.926  17.400  6.95180E-01  6.95277E-01 -1.39829E-04
    8277.613   1156.565  17.450  6.96642E-01  6.93810E-01  4.07971E-03
    8284.271   1163.223  17.500  6.97156E-01  6.92343E-01  6.94740E-03
    8290.948   1169.900  17.550  6.96627E-01  6.90876E-01  8.31996E-03
    8297.644   1176.596  17.600  6.95202E-01  6.89409E-01  8.39838E-03
    8304.359   1183.311  17.650  6.93185E-01  6.87943E-01  7.61689E-03
    8311.093   1190.045  17.700  6.90930E-01  6.86476E-01  6.48703E-03
    8317.847   1196.799  17.750  6.88738E-01  6.85009E-01  5.44264E-03
    8324.619   1203.571  17.800  6.86774E-01  6.83542E-01  4.72714E-03
    8331.410   1210.362  17.850  6.85043E-01  6.82075E-01  4.35013E-03
    8338.220   1217.173  17.900  6.83412E-01  6.80608E-01  4.11889E-03
    8345.050   1224.002  17.950  6.81675E-01  6.79141E-01  3.72970E-03
    8351.898   1230.850  18.000  6.79632E-01  6.77674E-01  2.88785E-03
    8358.766   1237.718  18.050  6.77173E-01  6.76208E-01  1.42796E-03
    8365.652   1244.604  18.100  6.74312E-01  6.74741E-01 -6.35567E-04
    8372.558   1251.510  18.150  6.71192E-01  6.73274E-01 -3.09277E-03
    8379.482   1258.435  18.200  6.68061E-01  6.71807E-01 -5.57667E-03
    8386.426   1265.378  18.250  6.65210E-01  6.70341E-01 -7.65349E-03
    8393.389   1272.341  18.300  6.62899E-01  6.68874E-01 -8.93296E-03
    8400.371   1279.323  18.350  6.61289E-01  6.67407E-01 -9.16788E-03
    8407.372   1286.324  18.400  6.60404E-01  6.65940E-01 -8.31554E-03
    8414.391   1293.344  18.450  6.60125E-01  6.64474E-01 -6.54534E-03
    8421.430   1300.383  18.500  6.60228E-01  6.63007E-01 -4.19223E-03
    8428.488   1307.441  18.550  6.60436E-01  6.61540E-01 -1.67010E-03
    8435.565   1314.518  18.600  6.60489E-01  6.60073E-01  6.29948E-04
    8442.662   1321.614  18.650  6.60205E-01  6.58607E-01  2.42857E-03
    8449.777   1328.729  18.700  6.59512E-01  6.57140E-01  3.61119E-03
    8456.911   1335.863  18.750  6.58447E-01  6.55673E-01  4.23240E-03
    8464.064   1343.016  18.800  6.57131E-01  6.54206E-01  4.47323E-03
    8471.236   1350.189  18.850  6.55718E-01  6.52740E-01  4.56549E-03
    8478.428   1357.380  18.900  6.54336E-01  6.51273E-01  4.70629E-03
    8485.638   1364.590  18.950  6.53045E-01  6.49806E-01  4.98756E-03
    8492.868   1371.820  19.000  6.51813E-01  6.48339E-01  5.36092E-03
    8500.116   1379.068  19.050  6.50548E-01  6.46886E-01  5.66415E-03
    8507.384   1386.336  19.100  6.49059E-01  6.45433E-01  5.62234E-03
    8514.670   1393.622  19.150  6.47182E-01  6.43981E-01  4.97509E-03
    8521.976   1400.928  19.200  6.44807E-01  6.42528E-01  3.55015E-03
    8529.301   1408.253  19.250  6.41929E-01  6.41075E-01  1.33409E-03
    8536.644   1415.596  19.300  6.38667E-01  6.39622E-01 -1.49383E-03
    8544.007   1422.959  19.350  6.35252E-01  6.38169E-01 -4.57523E-03
    8551.389   1430.341  19.400  6.31988E-01  6.36716E-01 -7.43235E-03
    8558.790   1437.742  19.450  6.29195E-01  6.35263E-01 -9.56147E-03
    8566.210   1445.162  19.500  6.27137E-01  6.33810E-01 -1.05388E-02
    8573.649   1452.601  19.550  6.25967E-01  6.32357E-01 -1.01150E-02
    8581.107   1460.059  19.600  6.25688E-01  6.30904E-01 -8.27649E-03
    8588.584   1467.536  19.650  6.26144E-01  6.29451E-01 -5.25968E-03
    8596.080   1475.032  19.700  6.27048E-01  6.27998E-01 -1.51442E-03
    8603.595   1482.547  19.750  6.28032E-01  6.26545E-01  2.37580E-03
    8611.129   1490.082  19.800  6.28713E-01  6.25092E-01  5.80038E-03
    8618.683   1497.635  19.850  6.28767E-01  6.23639E-01  8.23309E-03
    8626.255   1505.207  19.900  6.27981E-01  6.22186E-01  9.32621E-03
    8633.846   1512.799  19.950  6.26293E-01  6.20733E-01  8.96938E-03
    8641.457   1520.409  20.000  6.23796E-01  6.19280E-01  7.30269E-03
