ATOMS
  *       x         y         z    ipot  Atom      Distance    Number
**********-  ********  ********  ******  ******  **********  ********
   0          0         0             0  Ni         0               0
  -0.709361  -2.00638  -1.22865       1  Ni         2.4573          1
  -0.709361  -2.00638   1.22865       1  Ni         2.4573         17
  -2.12808    0        -1.22865       1  Ni         2.4573         40
  -2.12808    0         1.22865       1  Ni         2.4573         67
   2.12808    0        -1.22865       1  Ni         2.4573        134
   0.709361   2.00638  -1.22865       1  Ni         2.4573        141
   0          0        -2.4573        1  Ni         2.4573        144
   2.12808    0         1.22865       1  Ni         2.4573        165
   0.709361   2.00638   1.22865       1  Ni         2.4573        173
   0          0         2.4573        1  Ni         2.4573        176
  -1.41872    2.00638   0             1  Ni         2.4573         64
   1.41872   -2.00638   0             1  Ni         2.4573        117
  -2.83744   -2.00638  -0             1  Ni         3.47515        25
  -1.41872    2.00638  -2.4573        1  Ni         3.47515        38
  -1.41872    2.00638   2.4573        1  Ni         3.47515        63
   1.41872   -2.00638  -2.4573        1  Ni         3.47515        96
   1.41872   -2.00638   2.4573        1  Ni         3.47515       116
   2.83744    2.00638   0             1  Ni         3.47515       162
  -0.709361  -2.00638  -3.68595       1  Ni         4.25617         2
  -2.83744   -2.00638  -2.4573        1  Ni         4.25617         8
  -0.709361  -2.00638   3.68595       1  Ni         4.25617        16
  -2.83744   -2.00638   2.4573        1  Ni         4.25617        24
  -2.12808    0        -3.68595       1  Ni         4.25617        41
  -3.54681    2.00638  -1.22865       1  Ni         4.25617        47
  -2.12808    0         3.68595       1  Ni         4.25617        66
  -3.54681    2.00638   1.22865       1  Ni         4.25617        75
  -4.25617    0        -0             1  Ni         4.25617        78
   3.54681   -2.00638  -1.22865       1  Ni         4.25617        89
   3.54681   -2.00638   1.22865       1  Ni         4.25617       109
   2.83744    2.00638  -2.4573        1  Ni         4.25617       132
   2.12808    0        -3.68595       1  Ni         4.25617       135
   0.709361   2.00638  -3.68595       1  Ni         4.25617       142
   4.25617    0         0             1  Ni         4.25617       156
   2.83744    2.00638   2.4573        1  Ni         4.25617       161
   2.12808    0         3.68595       1  Ni         4.25617       164
   0.709361   2.00638   3.68595       1  Ni         4.25617       172
  -1.41872   -4.01275  -0             1  Ni         4.25617        20
  -0.709362   4.01275  -1.22865       1  Ni         4.25617        35
  -0.709362   4.01275   1.22865       1  Ni         4.25617        61
   0.709362  -4.01275  -1.22865       1  Ni         4.25617        98
   0.709362  -4.01275   1.22865       1  Ni         4.25617       120
   1.41872    4.01275   0             1  Ni         4.25617       170
  -4.25617    0        -2.4573        1  Ni         4.9146         50
  -4.25617    0         2.4573        1  Ni         4.9146         77
   4.25617    0        -2.4573        1  Ni         4.9146        128
   0          0        -4.9146        1  Ni         4.9146        145
   4.25617    0         2.4573        1  Ni         4.9146        155
   0          0         4.9146        1  Ni         4.9146        175
  -1.41872   -4.01275  -2.4573        1  Ni         4.9146          4
  -1.41872   -4.01275   2.4573        1  Ni         4.9146         19
  -2.83745    4.01275   0             1  Ni         4.9146         72
   2.83745   -4.01275   0             1  Ni         4.9146        112
   1.41872    4.01275  -2.4573        1  Ni         4.9146        139
   1.41872    4.01275   2.4573        1  Ni         4.9146        169
  -4.96553   -2.00638  -1.22865       1  Ni         5.49469        12
  -4.96553   -2.00638   1.22865       1  Ni         5.49469        30
   4.96553    2.00638  -1.22865       1  Ni         5.49469       126
   4.96553    2.00638   1.22865       1  Ni         5.49469       153
  -3.5468    -4.01275  -1.22865       1  Ni         5.49469        10
  -3.5468    -4.01275   1.22865       1  Ni         5.49469        27
  -0.709362   4.01275  -3.68595       1  Ni         5.49469        36
  -1.41872    2.00638  -4.9146        1  Ni         5.49469        39
  -3.54681    2.00638  -3.68595       1  Ni         5.49469        48
  -0.709362   4.01275   3.68595       1  Ni         5.49469        60
  -1.41872    2.00638   4.9146        1  Ni         5.49469        62
  -3.54681    2.00638   3.68595       1  Ni         5.49469        74
   3.54681   -2.00638  -3.68595       1  Ni         5.49469        90
   1.41872   -2.00638  -4.9146        1  Ni         5.49469        97
   0.709362  -4.01275  -3.68595       1  Ni         5.49469        99
   3.54681   -2.00638   3.68595       1  Ni         5.49469       108
   1.41872   -2.00638   4.9146        1  Ni         5.49469       115
   0.709362  -4.01275   3.68595       1  Ni         5.49469       119
   3.5468     4.01275  -1.22865       1  Ni         5.49469       130
   3.5468     4.01275   1.22865       1  Ni         5.49469       159
  -2.83745    4.01275  -2.4573        1  Ni         5.49469        45
  -2.83745    4.01275   2.4573        1  Ni         5.49469        71
   2.83745   -4.01275  -2.4573        1  Ni         5.49469        92
   2.83745   -4.01275   2.4573        1  Ni         5.49469       111
  -2.83744   -2.00638   4.9146        1  Ni         6.01913        23
   2.83744    2.00638  -4.9146        1  Ni         6.01913       133
  -2.83744   -2.00638  -4.9146        1  Ni         6.01913         9
  -5.67489    2.00638  -0             1  Ni         6.01913        83
   5.67489   -2.00638   0             1  Ni         6.01913       103
   2.83744    2.00638   4.9146        1  Ni         6.01913       160
  -1e-06      6.01913   0             1  Ni         6.01913        58
   1e-06     -6.01913  -0             1  Ni         6.01913       122
  -0.709361  -2.00638  -6.14325       1  Ni         6.5014          3
  -1.41872   -4.01275  -4.9146        1  Ni         6.5014          5
  -3.5468    -4.01275  -3.68595       1  Ni         6.5014         11
  -4.96553   -2.00638  -3.68595       1  Ni         6.5014         13
  -0.709361  -2.00638   6.14325       1  Ni         6.5014         15
  -1.41872   -4.01275   4.9146        1  Ni         6.5014         18
  -3.5468    -4.01275   3.68595       1  Ni         6.5014         26
  -4.96553   -2.00638   3.68595       1  Ni         6.5014         29
  -2.12808    0        -6.14325       1  Ni         6.5014         42
  -4.25617    0        -4.9146        1  Ni         6.5014         51
  -5.67489    2.00638  -2.4573        1  Ni         6.5014         54
  -6.38425    0        -1.22865       1  Ni         6.5014         55
  -2.12808    0         6.14325       1  Ni         6.5014         65
  -4.25617    0         4.9146        1  Ni         6.5014         76
  -5.67489    2.00638   2.4573        1  Ni         6.5014         82
  -6.38425    0         1.22865       1  Ni         6.5014         85
   5.67489   -2.00638  -2.4573        1  Ni         6.5014         86
   5.67489   -2.00638   2.4573        1  Ni         6.5014        102
   6.38425    0        -1.22865       1  Ni         6.5014        123
   4.96553    2.00638  -3.68595       1  Ni         6.5014        127
   4.25617    0        -4.9146        1  Ni         6.5014        129
   3.5468     4.01275  -3.68595       1  Ni         6.5014        131
   2.12808    0        -6.14325       1  Ni         6.5014        136
   1.41872    4.01275  -4.9146        1  Ni         6.5014        140
   0.709361   2.00638  -6.14325       1  Ni         6.5014        143
   6.38425    0         1.22865       1  Ni         6.5014        149
   4.96553    2.00638   3.68595       1  Ni         6.5014        152
   4.25617    0         4.9146        1  Ni         6.5014        154
   3.5468     4.01275   3.68595       1  Ni         6.5014        158
   2.12808    0         6.14325       1  Ni         6.5014        163
   1.41872    4.01275   4.9146        1  Ni         6.5014        168
   0.709361   2.00638   6.14325       1  Ni         6.5014        171
  -4.96553    4.01275  -1.22865       1  Ni         6.5014         52
  -4.96553    4.01275   1.22865       1  Ni         6.5014         81
   4.96553   -4.01275  -1.22865       1  Ni         6.5014         87
   4.96553   -4.01275   1.22865       1  Ni         6.5014        105
  -2.12808   -6.01913  -1.22865       1  Ni         6.5014          6
  -2.12808   -6.01913   1.22865       1  Ni         6.5014         22
  -1e-06      6.01913  -2.4573        1  Ni         6.5014         34
  -2.12808    6.01913  -1.22865       1  Ni         6.5014         43
  -1e-06      6.01913   2.4573        1  Ni         6.5014         57
  -2.12808    6.01913   1.22865       1  Ni         6.5014         69
   2.12808   -6.01913  -1.22865       1  Ni         6.5014         94
   1e-06     -6.01913  -2.4573        1  Ni         6.5014        101
   2.12808   -6.01913   1.22865       1  Ni         6.5014        114
   1e-06     -6.01913   2.4573        1  Ni         6.5014        121
   2.12808    6.01913  -1.22865       1  Ni         6.5014        137
   2.12808    6.01913   1.22865       1  Ni         6.5014        167
  -5.67489   -4.01275  -0             1  Ni         6.95029        32
   5.67489    4.01275   0             1  Ni         6.95029       151
  -2.83745    4.01275  -4.9146        1  Ni         6.95029        46
  -2.83745    4.01275   4.9146        1  Ni         6.95029        70
   2.83745   -4.01275  -4.9146        1  Ni         6.95029        93
   2.83745   -4.01275   4.9146        1  Ni         6.95029       110
  -5.67489   -4.01275  -2.4573        1  Ni         7.3719         14
  -5.67489   -4.01275   2.4573        1  Ni         7.3719         31
  -7.09361   -2.00638  -0             1  Ni         7.3719         33
  -0.709362   4.01275  -6.14325       1  Ni         7.3719         37
  -3.54681    2.00638  -6.14325       1  Ni         7.3719         49
  -6.38425    0        -3.68595       1  Ni         7.3719         56
  -0.709362   4.01275   6.14325       1  Ni         7.3719         59
  -3.54681    2.00638   6.14325       1  Ni         7.3719         73
  -6.38425    0         3.68595       1  Ni         7.3719         84
   3.54681   -2.00638  -6.14325       1  Ni         7.3719         91
   0.709362  -4.01275  -6.14325       1  Ni         7.3719        100
   3.54681   -2.00638   6.14325       1  Ni         7.3719        107
   0.709362  -4.01275   6.14325       1  Ni         7.3719        118
   6.38425    0        -3.68595       1  Ni         7.3719        124
   5.67489    4.01275  -2.4573        1  Ni         7.3719        125
   0          0        -7.3719        1  Ni         7.3719        146
   7.09361    2.00638   0             1  Ni         7.3719        147
   6.38425    0         3.68595       1  Ni         7.3719        148
   5.67489    4.01275   2.4573        1  Ni         7.3719        150
   0          0         7.3719        1  Ni         7.3719        174
  -2.12808   -6.01913  -3.68595       1  Ni         7.3719          7
  -2.12808   -6.01913   3.68595       1  Ni         7.3719         21
  -4.25617   -6.01913  -0             1  Ni         7.3719         28
  -4.96553    4.01275  -3.68595       1  Ni         7.3719         53
  -4.96553    4.01275   3.68595       1  Ni         7.3719         80
   4.96553   -4.01275  -3.68595       1  Ni         7.3719         88
   4.96553   -4.01275   3.68595       1  Ni         7.3719        104
   2.12808    6.01913  -3.68595       1  Ni         7.3719        138
   4.25617    6.01913   0             1  Ni         7.3719        157
   2.12808    6.01913   3.68595       1  Ni         7.3719        166
  -2.12808    6.01913  -3.68595       1  Ni         7.3719         44
  -2.12808    6.01913   3.68595       1  Ni         7.3719         68
  -4.25617    6.01913   0             1  Ni         7.3719         79
   2.12808   -6.01913  -3.68595       1  Ni         7.3719         95
   4.25617   -6.01913   0             1  Ni         7.3719        106
   2.12808   -6.01913   3.68595       1  Ni         7.3719        113
END
