# comment: None given                          Feff8L (EXAFS)       0.1      
# Source:
# Structure Summary:  Ni2
# Reduced formula:  Ni
# space group: (P6_3/mmc), space number:  (194)
# abc:  2.448023   2.448023   4.072808
# angles: 90.000000  90.000000 120.000002
# sites: 2
# mp-10257
# POT  Non-SCF, core-hole, AFOLP (folp(0)= 1.150)
# Abs   Z=28 Rmt= 1.311 Rnm= 1.347 K  shell
# Pot 1 Z=28 Rmt= 1.318 Rnm= 1.355
# Gam_ch=1.576E+00 H-L exch
# Mu=-1.189E+01 kf=2.095E+00 Vint=-2.862E+01 Rs_int= 1.731
# PATH  Rmax= 6.000,  Keep_limit= 0.00, Heap_limit 0.00  Pwcrit= 2.50%
#  S02=1.000                                        Global_sig2= 0.00000
#  Curved wave amplitude ratio filter   4.000%
#     file         sig2 tot  cw amp ratio   deg  nlegs   reff  inp sig2
#           1       0.00000    100.00      6.00     2   2.4480
#           2       0.00000     97.36      6.00     2   2.4788
#           3       0.00000     44.87      6.00     2   3.4839
#           4       0.00000      5.36     12.00     3   3.6720
#           5       0.00000     10.19     24.00     3   3.7028
#           6       0.00000      5.39     12.00     3   3.7028
#           7       0.00000     10.22      2.00     2   4.0728
#           8       0.00000      6.59     24.00     3   4.2054
#           9       0.00000      9.52     24.00     3   4.2053
#          10       0.00000      9.54     24.00     3   4.2053
#          11       0.00000     27.71      6.00     2   4.2401
#          12       0.00000     54.84     12.00     2   4.2579
#          13       0.00000      4.97     12.00     3   4.5152
#          14       0.00000      5.48     12.00     3   4.5681
#          15       0.00000     11.58     24.00     3   4.5681
#          16       0.00000     10.57     24.00     3   4.5924
#          17       0.00000     11.12     24.00     3   4.5924
#          18       0.00000     11.10     24.00     3   4.5924
#          19       0.00000     41.35     12.00     2   4.7519
#          20       0.00000     11.15     12.00     3   4.8548
#          21       0.00000     21.53     24.00     3   4.8548
#          22       0.00000     19.11      6.00     2   4.8960
#          23       0.00000      8.57      6.00     3   4.8960
#          24       0.00000     50.28     12.00     3   4.8960
#          25       0.00000     10.37      6.00     4   4.8960
#          26       0.00000      4.01      6.00     4   4.8960
#          27       0.00000     40.89      6.00     4   4.8960
#          33       0.00000      4.62     24.00     3   5.0949
#          34       0.00000      4.86     24.00     3   5.0949
#          35       0.00000      5.08     24.00     3   5.3573
#          36       0.00000     28.12     12.00     2   5.4878
#          37       0.00000      5.55     24.00     3   5.4884
#          38       0.00000      8.57     24.00     3   5.7098
#          39       0.00000      8.23     24.00     3   5.7098
#          40       0.00000      8.88     24.00     3   5.7098
#          41       0.00000     23.23     12.00     2   5.8793
#          42       0.00000      7.49     12.00     3   5.9210
#          43       0.00000     14.44     12.00     3   5.9210
#          44       0.00000     13.68     12.00     3   5.9210
#          46       0.00000      4.81     12.00     4   5.9627
#          47       0.00000      4.91      6.00     4   5.9627
#          48       0.00000      4.50      6.00     4   5.9627
#    42/  46 paths used
#  -----------------------------------------------------------------------
#       k          chi          mag           phase @#
     0.0500   -4.808107E-01  4.834083E-01 -1.467083E+00
     0.1000   -4.801634E-01  4.831156E-01 -1.460188E+00
     0.1500   -4.780954E-01  4.822327E-01 -1.439710E+00
     0.2000   -4.757625E-01  4.812796E-01 -1.419235E+00
     0.2500   -4.714125E-01  4.796266E-01 -1.385458E+00
     0.3000   -4.663655E-01  4.777882E-01 -1.351692E+00
     0.3500   -4.584274E-01  4.750964E-01 -1.305118E+00
     0.4000   -4.492460E-01  4.720675E-01 -1.258584E+00
     0.4500   -4.361837E-01  4.680015E-01 -1.199929E+00
     0.5000   -4.213576E-01  4.634329E-01 -1.141381E+00
     0.5500   -4.017886E-01  4.576845E-01 -1.071401E+00
     0.6000   -3.801397E-01  4.512792E-01 -1.001648E+00
     0.6500   -3.532714E-01  4.435681E-01 -9.213706E-01
     0.7000   -3.244224E-01  4.350833E-01 -8.415186E-01
     0.7500   -2.905177E-01  4.252480E-01 -7.520981E-01
     0.8000   -2.553014E-01  4.145841E-01 -6.634024E-01
     0.8500   -2.159717E-01  4.026215E-01 -5.661819E-01
     0.9000   -1.765998E-01  3.898570E-01 -4.701120E-01
     0.9500   -1.347761E-01  3.759532E-01 -3.666518E-01
     1.0000   -9.461672E-02  3.613691E-01 -2.649163E-01
     1.0500   -5.409418E-02  3.459175E-01 -1.570233E-01
     1.1000   -1.701594E-02  3.300060E-01 -5.158540E-02
     1.1500    1.839621E-02  3.135978E-01  5.869550E-02
     1.2000    4.898336E-02  2.970384E-01  1.656625E-01
     1.2500    7.648536E-02  2.804996E-01  2.761728E-01
     1.3000    9.860225E-02  2.641754E-01  3.825047E-01
     1.3500    1.170557E-01  2.482065E-01  4.911110E-01
     1.4000    1.304683E-01  2.328251E-01  5.948329E-01
     1.4500    1.406713E-01  2.182970E-01  7.002426E-01
     1.5000    1.468978E-01  2.046554E-01  8.006101E-01
     1.5500    1.509002E-01  1.921829E-01  9.030041E-01
     1.6000    1.521943E-01  1.807457E-01  1.001045E+00
     1.6500    1.522341E-01  1.705776E-01  1.102774E+00
     1.7000    1.505312E-01  1.614050E-01  1.201636E+00
     1.7500    1.480793E-01  1.533880E-01  1.306936E+00
     1.8000    1.443166E-01  1.461771E-01  1.411077E+00
     1.8500    1.397179E-01  1.398665E-01  1.524688E+00
     1.9000    1.338300E-01  1.341363E-01  1.638383E+00
     1.9500    1.266186E-01  1.290257E-01  1.764261E+00
     2.0000    1.180323E-01  1.243479E-01  1.890877E+00
     2.0500    1.070854E-01  1.200958E-01  2.040579E+00
     2.1000    9.457043E-02  1.162316E-01  2.191210E+00
     2.1500    8.073536E-02  1.127891E-01  2.343812E+00
     2.2000    6.569284E-02  1.097615E-01  2.499959E+00
     2.2500    4.497259E-02  1.059986E-01  2.703431E+00
     2.3000    2.345543E-02  1.027847E-01  2.911365E+00
     2.3500    1.502791E-03  1.000343E-01  3.126569E+00
     2.4000   -2.036668E-02  9.757888E-02  3.351859E+00
     2.4500   -4.140856E-02  9.567995E-02  3.589169E+00
     2.5000   -5.956654E-02  9.295957E-02  3.837105E+00
     2.5500   -7.279178E-02  8.922932E-02  4.095675E+00
     2.6000   -7.931032E-02  8.434699E-02  4.365063E+00
     2.6500   -8.315632E-02  8.336427E-02  4.641741E+00
     2.7000   -8.030754E-02  8.211150E-02  4.922392E+00
     2.7500   -7.088737E-02  8.054029E-02  5.207011E+00
     2.8000   -5.570977E-02  7.861083E-02  5.495563E+00
     2.8500   -3.892555E-02  8.053088E-02  5.778694E+00
     2.9000   -1.806957E-02  8.223627E-02  6.061650E+00
     2.9500    5.134789E-03  8.372407E-02  6.344554E+00
     3.0000    2.869935E-02  8.498355E-02  6.627663E+00
     3.0500    5.070229E-02  8.903151E-02  6.889067E+00
     3.1000    7.060755E-02  9.266275E-02  7.149557E+00
     3.1500    8.653746E-02  9.590716E-02  7.408271E+00
     3.2000    9.704649E-02  9.880816E-02  7.664866E+00
     3.2500    1.032270E-01  1.033529E-01  7.903343E+00
     3.3000    1.028968E-01  1.072986E-01  8.141412E+00
     3.3500    9.577032E-02  1.106244E-01  8.378181E+00
     3.4000    8.223603E-02  1.133346E-01  8.612866E+00
     3.4500    6.425980E-02  1.167451E-01  8.841901E+00
     3.5000    4.156202E-02  1.194025E-01  9.069252E+00
     3.5500    1.583388E-02  1.213599E-01  9.293935E+00
     3.6000   -1.108891E-02  1.227025E-01  9.515274E+00
     3.6500   -3.805311E-02  1.238560E-01  9.737066E+00
     3.7000   -6.293804E-02  1.242105E-01  9.956136E+00
     3.7500   -8.409702E-02  1.238115E-01  1.017150E+01
     3.8000   -1.003768E-01  1.227456E-01  1.038229E+01
     3.8500   -1.117746E-01  1.213229E-01  1.059619E+01
     3.9000   -1.170313E-01  1.191758E-01  1.080558E+01
     3.9500   -1.163796E-01  1.163904E-01  1.100916E+01
     4.0000   -1.106097E-01  1.130914E-01  1.120546E+01
     4.0500   -9.993392E-02  1.087795E-01  1.140164E+01
     4.1000   -8.636291E-02  1.040866E-01  1.158776E+01
     4.1500   -7.154382E-02  9.924761E-02  1.176133E+01
     4.2000   -5.697824E-02  9.458152E-02  1.191984E+01
     4.2500   -4.294515E-02  8.979540E-02  1.206770E+01
     4.3000   -3.105069E-02  8.590286E-02  1.219653E+01
     4.3500   -2.134765E-02  8.344862E-02  1.230768E+01
     4.4000   -1.318427E-02  8.293612E-02  1.240672E+01
     4.4500   -5.319955E-03  8.401703E-02  1.250301E+01
     4.5000    3.378210E-03  8.747123E-02  1.260500E+01
     4.5500    1.444497E-02  9.310190E-02  1.272215E+01
     4.6000    2.904003E-02  1.004773E-01  1.285957E+01
     4.6500    4.729519E-02  1.085062E-01  1.301738E+01
     4.7000    6.890713E-02  1.172911E-01  1.319432E+01
     4.7500    9.247413E-02  1.263287E-01  1.338764E+01
     4.8000    1.157371E-01  1.351806E-01  1.359417E+01
     4.8500    1.356955E-01  1.432698E-01  1.381055E+01
     4.9000    1.497688E-01  1.505559E-01  1.403487E+01
     4.9500    1.555233E-01  1.567991E-01  1.426482E+01
     5.0000    1.513858E-01  1.618267E-01  1.449835E+01
     5.0500    1.367282E-01  1.653547E-01  1.473443E+01
     5.1000    1.125853E-01  1.675299E-01  1.497101E+01
     5.1500    8.092063E-02  1.683658E-01  1.520660E+01
     5.2000    4.450103E-02  1.679385E-01  1.543978E+01
     5.2500    6.128858E-03  1.661787E-01  1.567107E+01
     5.3000   -3.084069E-02  1.634807E-01  1.589775E+01
     5.3500   -6.391996E-02  1.600700E-01  1.611874E+01
     5.4000   -9.142512E-02  1.562060E-01  1.633320E+01
     5.4500   -1.125206E-01  1.519053E-01  1.654212E+01
     5.5000   -1.270575E-01  1.476928E-01  1.674379E+01
     5.5500   -1.355761E-01  1.438228E-01  1.693848E+01
     5.6000   -1.388887E-01  1.405038E-01  1.712699E+01
     5.6500   -1.374885E-01  1.375649E-01  1.731209E+01
     5.7000   -1.322685E-01  1.353805E-01  1.749359E+01
     5.7500   -1.236669E-01  1.339449E-01  1.767306E+01
     5.8000   -1.119125E-01  1.331907E-01  1.785182E+01
     5.8500   -9.692564E-02  1.327753E-01  1.803124E+01
     5.9000   -7.918949E-02  1.328657E-01  1.821103E+01
     5.9500   -5.901524E-02  1.333896E-01  1.839125E+01
     6.0000   -3.684666E-02  1.343223E-01  1.857168E+01
     6.0500   -1.318757E-02  1.353642E-01  1.875198E+01
     6.1000    1.132799E-02  1.370258E-01  1.893232E+01
     6.1500    3.633940E-02  1.394316E-01  1.911323E+01
     6.2000    6.158049E-02  1.427186E-01  1.929569E+01
     6.2500    8.679734E-02  1.470042E-01  1.948116E+01
     6.3000    1.115803E-01  1.523542E-01  1.967136E+01
     6.3500    1.351503E-01  1.587571E-01  1.986802E+01
     6.4000    1.561701E-01  1.661120E-01  2.007262E+01
     6.4500    1.726658E-01  1.742310E-01  2.028621E+01
     6.5000    1.821291E-01  1.828521E-01  2.050931E+01
     6.5500    1.815458E-01  1.915057E-01  2.074428E+01
     6.6000    1.684612E-01  1.999020E-01  2.098884E+01
     6.6500    1.413934E-01  2.076730E-01  2.124223E+01
     6.7000    1.004618E-01  2.144639E-01  2.150363E+01
     6.7500    4.777816E-02  2.199454E-01  2.177218E+01
     6.8000   -1.249782E-02  2.238231E-01  2.204702E+01
     6.8500   -7.450881E-02  2.258437E-01  2.232736E+01
     6.9000   -1.314425E-01  2.258011E-01  2.261248E+01
     6.9500   -1.765609E-01  2.235397E-01  2.290170E+01
     7.0000   -2.043340E-01  2.189567E-01  2.319441E+01
     7.0500   -2.112070E-01  2.117214E-01  2.349223E+01
     7.1000   -1.967747E-01  2.021106E-01  2.379224E+01
     7.1500   -1.639210E-01  1.902031E-01  2.409389E+01
     7.2000   -1.182598E-01  1.761277E-01  2.439659E+01
     7.2500   -6.717555E-02  1.600595E-01  2.469964E+01
     7.3000   -1.851749E-02  1.422157E-01  2.500216E+01
     7.3500    2.080187E-02  1.228511E-01  2.530289E+01
     7.4000    4.602815E-02  1.022539E-01  2.559966E+01
     7.4500    5.536278E-02  8.074494E-02  2.588824E+01
     7.5000    5.017958E-02  5.868906E-02  2.615831E+01
     7.5500    3.461952E-02  3.658185E-02  2.637451E+01
     7.6000    1.475109E-02  1.592338E-02  2.631742E+01
     7.6500   -2.829209E-03  1.321969E-02  2.491706E+01
     7.7000   -1.238191E-02  3.209923E-02  2.473673E+01
     7.7500   -1.018027E-02  5.196192E-02  2.493555E+01
     7.8000    4.775842E-03  7.088413E-02  2.520017E+01
     7.8500    3.061489E-02  8.841742E-02  2.548632E+01
     7.9000    6.302443E-02  1.043021E-01  2.578156E+01
     7.9500    9.614830E-02  1.183514E-01  2.608099E+01
     8.0000    1.237525E-01  1.304296E-01  2.638218E+01
     8.0500    1.402221E-01  1.402454E-01  2.668531E+01
     8.1000    1.420120E-01  1.479389E-01  2.698756E+01
     8.1500    1.280173E-01  1.535171E-01  2.728820E+01
     8.2000    9.967390E-02  1.570271E-01  2.758664E+01
     8.2500    6.058331E-02  1.585541E-01  2.788227E+01
     8.3000    1.577533E-02  1.582186E-01  2.817446E+01
     8.3500   -2.922076E-02  1.561743E-01  2.846255E+01
     8.4000   -6.930665E-02  1.526052E-01  2.874576E+01
     8.4500   -1.005740E-01  1.477228E-01  2.902323E+01
     8.5000   -1.207699E-01  1.417641E-01  2.929395E+01
     8.5500   -1.294452E-01  1.350217E-01  2.955673E+01
     8.6000   -1.277078E-01  1.277852E-01  2.981033E+01
     8.6500   -1.177445E-01  1.203469E-01  3.005347E+01
     8.7000   -1.022602E-01  1.130141E-01  3.028491E+01
     8.7500   -8.391121E-02  1.061025E-01  3.050373E+01
     8.8000   -6.484797E-02  9.992132E-02  3.070967E+01
     8.8500   -4.644222E-02  9.474794E-02  3.090365E+01
     8.9000   -2.923330E-02  9.079212E-02  3.108811E+01
     8.9500   -1.307813E-02  8.815739E-02  3.126703E+01
     9.0000    2.552527E-03  8.681539E-02  3.144533E+01
     9.0500    1.829203E-02  8.674966E-02  3.162838E+01
     9.1000    3.439686E-02  8.754662E-02  3.181971E+01
     9.1500    5.059384E-02  8.890035E-02  3.202135E+01
     9.2000    6.604338E-02  9.050342E-02  3.223386E+01
     9.2500    7.944469E-02  9.207685E-02  3.245673E+01
     9.3000    8.927148E-02  9.338551E-02  3.268879E+01
     9.3500    9.408377E-02  9.424292E-02  3.292860E+01
     9.4000    9.284689E-02  9.451005E-02  3.317460E+01
     9.4500    8.518773E-02  9.409158E-02  3.342527E+01
     9.5000    7.153254E-02  9.293158E-02  3.367910E+01
     9.5500    5.301572E-02  9.109110E-02  3.393632E+01
     9.6000    3.149333E-02  8.844818E-02  3.419347E+01
     9.6500    9.229842E-03  8.505130E-02  3.444878E+01
     9.7000   -1.152761E-02  8.098148E-02  3.470035E+01
     9.7500   -2.891745E-02  7.635270E-02  3.494595E+01
     9.8000   -4.174993E-02  7.131394E-02  3.518294E+01
     9.8500   -4.965428E-02  6.605276E-02  3.540821E+01
     9.9000   -5.305912E-02  6.080007E-02  3.561819E+01
     9.9500   -5.301445E-02  5.583388E-02  3.580917E+01
    10.0000   -5.089716E-02  5.147567E-02  3.597825E+01
    10.0500   -4.807957E-02  4.808012E-02  3.612351E+01
    10.1000   -4.569512E-02  4.603140E-02  3.624926E+01
    10.1500   -4.425538E-02  4.554906E-02  3.636722E+01
    10.2000   -4.355119E-02  4.660951E-02  3.649259E+01
    10.2500   -4.273143E-02  4.894809E-02  3.663780E+01
    10.3000   -4.054855E-02  5.216228E-02  3.680866E+01
    10.3500   -3.571248E-02  5.583063E-02  3.700506E+01
    10.4000   -2.726913E-02  5.958354E-02  3.722375E+01
    10.4500   -1.491355E-02  6.312517E-02  3.746060E+01
    10.5000    8.367223E-04  6.623006E-02  3.771175E+01
    10.5500    1.865090E-02  6.873206E-02  3.797391E+01
    10.6000    3.657801E-02  7.051331E-02  3.824449E+01
    10.6500    5.238413E-02  7.149532E-02  3.852138E+01
    10.7000    6.396274E-02  7.163220E-02  3.880293E+01
    10.7500    6.973233E-02  7.090535E-02  3.908776E+01
    10.8000    6.893908E-02  6.931931E-02  3.937470E+01
    10.8500    6.180418E-02  6.689829E-02  3.966268E+01
    10.9000    4.948823E-02  6.368316E-02  3.995066E+01
    10.9500    3.388276E-02  5.972898E-02  4.023751E+01
    11.0000    1.727242E-02  5.510303E-02  4.052187E+01
    11.0500    1.793095E-03  5.005328E-02  4.080487E+01
    11.1000   -1.057584E-02  4.444600E-02  4.108096E+01
    11.1500   -1.856756E-02  3.838094E-02  4.134566E+01
    11.2000   -2.180483E-02  3.198333E-02  4.159087E+01
    11.2500   -2.082551E-02  2.543344E-02  4.180006E+01
    11.3000   -1.694206E-02  1.905919E-02  4.193568E+01
    11.3500   -1.196438E-02  1.365324E-02  4.190884E+01
    11.4000   -7.837014E-03  1.123364E-02  4.161280E+01
    11.4500   -6.254502E-03  1.370501E-02  4.131461E+01
    11.5000   -8.320466E-03  1.928284E-02  4.128685E+01
    11.5500   -1.430868E-02  2.596240E-02  4.142442E+01
    11.6000   -2.356828E-02  3.295132E-02  4.163768E+01
    11.6500   -3.459358E-02  3.992538E-02  4.188876E+01
    11.7000   -4.525333E-02  4.670921E-02  4.216117E+01
    11.7500   -5.314861E-02  5.318194E-02  4.244691E+01
    11.8000   -5.604536E-02  5.924627E-02  4.274172E+01
    11.8500   -5.231098E-02  6.481716E-02  4.304315E+01
    11.9000   -4.127772E-02  6.981755E-02  4.334972E+01
    11.9500   -2.346172E-02  7.417701E-02  4.366048E+01
    12.0000   -5.855233E-04  7.783179E-02  4.397477E+01
    12.0500    2.480394E-02  8.105775E-02  4.429329E+01
    12.1000    4.935805E-02  8.351362E-02  4.461462E+01
    12.1500    6.957220E-02  8.515163E-02  4.493855E+01
    12.2000    8.239073E-02  8.593347E-02  4.526495E+01
    12.2500    8.576100E-02  8.583178E-02  4.559371E+01
    12.3000    7.903970E-02  8.483161E-02  4.592476E+01
    12.3500    6.316262E-02  8.293153E-02  4.625807E+01
    12.4000    4.053017E-02  8.014462E-02  4.659368E+01
    12.4500    1.461529E-02  7.649901E-02  4.693166E+01
    12.5000   -1.064181E-02  7.203811E-02  4.727216E+01
    12.5500   -3.154037E-02  6.682050E-02  4.761547E+01
    12.6000   -4.528869E-02  6.091948E-02  4.796206E+01
    12.6500   -5.050056E-02  5.442245E-02  4.831273E+01
    12.7000   -4.741439E-02  4.743021E-02  4.866885E+01
    12.7500   -3.778703E-02  4.005696E-02  4.903295E+01
    12.8000   -2.448300E-02  3.243226E-02  4.940999E+01
    12.8500   -1.084541E-02  2.471035E-02  4.981111E+01
    12.9000    1.709123E-05  1.710906E-02  5.026648E+01
    12.9500    5.874582E-03  1.011796E-02  5.088496E+01
    13.0000    5.813625E-03  5.997912E-03  5.208481E+01
    13.0500    3.376389E-04  9.084423E-03  5.336990E+01
    13.1000   -8.728058E-03  1.505433E-02  5.402552E+01
    13.1500   -1.873008E-02  2.116332E-02  5.449362E+01
    13.2000   -2.679715E-02  2.687450E-02  5.490198E+01
    13.2500   -3.050163E-02  3.199654E-02  5.528476E+01
    13.3000   -2.840503E-02  3.642232E-02  5.565419E+01
    13.3500   -2.036774E-02  4.008127E-02  5.601562E+01
    13.4000   -7.559841E-03  4.292722E-02  5.637164E+01
    13.4500    7.819874E-03  4.493446E-02  5.672359E+01
    13.5000    2.304346E-02  4.609612E-02  5.707215E+01
    13.5500    3.545094E-02  4.642327E-02  5.741761E+01
    13.6000    4.300681E-02  4.594393E-02  5.775996E+01
    13.6500    4.469272E-02  4.470212E-02  5.809897E+01
    13.7000    4.065711E-02  4.275658E-02  5.843414E+01
    13.7500    3.210196E-02  4.017952E-02  5.876469E+01
    13.8000    2.094893E-02  3.705533E-02  5.908941E+01
    13.8500    9.375110E-03  3.347948E-02  5.940644E+01
    13.9000   -6.672468E-04  2.955833E-02  5.971284E+01
    13.9500   -7.836739E-03  2.541066E-02  6.000377E+01
    14.0000   -1.161466E-02  2.117362E-02  6.027088E+01
    14.0500   -1.233555E-02  1.706311E-02  6.049830E+01
    14.1000   -1.092009E-02  1.327937E-02  6.065576E+01
    14.1500   -8.665468E-03  1.027690E-02  6.069347E+01
    14.2000   -6.851703E-03  8.794103E-03  6.058353E+01
    14.2500   -6.420279E-03  9.326958E-03  6.044948E+01
    14.3000   -7.768423E-03  1.130699E-02  6.044768E+01
    14.3500   -1.069744E-02  1.384670E-02  6.057313E+01
    14.4000   -1.451245E-02  1.642721E-02  6.077341E+01
    14.4500   -1.823406E-02  1.880421E-02  6.101418E+01
    14.5000   -2.085897E-02  2.086160E-02  6.127693E+01
    14.5500   -2.160136E-02  2.254556E-02  6.155149E+01
    14.6000   -2.005899E-02  2.383778E-02  6.183184E+01
    14.6500   -1.627345E-02  2.474349E-02  6.211411E+01
    14.7000   -1.068355E-02  2.528530E-02  6.239563E+01
    14.7500   -3.997869E-03  2.549916E-02  6.267442E+01
    14.8000    2.971545E-03  2.543109E-02  6.294897E+01
    14.8500    9.468760E-03  2.513404E-02  6.321812E+01
    14.9000    1.491080E-02  2.466461E-02  6.348104E+01
    14.9500    1.894299E-02  2.407940E-02  6.373728E+01
    15.0000    2.143385E-02  2.343131E-02  6.398675E+01
    15.0500    2.248580E-02  2.281962E-02  6.423139E+01
    15.1000    2.216513E-02  2.221524E-02  6.446983E+01
    15.1500    2.067878E-02  2.164758E-02  6.470295E+01
    15.2000    1.824159E-02  2.113327E-02  6.493193E+01
    15.2500    1.505360E-02  2.067639E-02  6.515796E+01
    15.3000    1.130177E-02  2.027100E-02  6.538203E+01
    15.3500    7.174205E-03  1.990554E-02  6.560474E+01
    15.4000    2.871789E-03  1.956825E-02  6.582616E+01
    15.4500   -1.394050E-03  1.925249E-02  6.604592E+01
    15.5000   -5.420180E-03  1.896101E-02  6.626335E+01
    15.5500   -9.039982E-03  1.870816E-02  6.647776E+01
    15.6000   -1.214725E-02  1.851966E-02  6.668883E+01
    15.6500   -1.470162E-02  1.842920E-02  6.689698E+01
    15.7000   -1.670785E-02  1.847209E-02  6.710363E+01
    15.7500   -1.817234E-02  1.867673E-02  6.731131E+01
    15.8000   -1.905193E-02  1.905613E-02  6.752326E+01
    15.8500   -1.921686E-02  1.960220E-02  6.774285E+01
    15.9000   -1.844926E-02  2.028468E-02  6.797292E+01
    15.9500   -1.648879E-02  2.105459E-02  6.821533E+01
    16.0000   -1.312127E-02  2.185057E-02  6.847091E+01
    16.0500   -8.294725E-03  2.262273E-02  6.873963E+01
    16.1000   -2.202808E-03  2.329612E-02  6.902034E+01
    16.1500    4.666560E-03  2.381243E-02  6.931229E+01
    16.2000    1.155524E-02  2.411925E-02  6.961465E+01
    16.2500    1.753522E-02  2.417185E-02  6.992671E+01
    16.3000    2.167587E-02  2.393447E-02  7.024791E+01
    16.3500    2.324539E-02  2.338128E-02  7.057797E+01
    16.4000    2.189884E-02  2.249705E-02  7.091696E+01
    16.4500    1.780235E-02  2.127788E-02  7.126547E+01
    16.5000    1.165318E-02  1.973204E-02  7.162486E+01
    16.5500    4.578038E-03  1.788139E-02  7.199773E+01
    16.6000   -2.078498E-03  1.576439E-02  7.238886E+01
    16.6500   -7.034365E-03  1.344308E-02  7.280732E+01
    16.7000   -9.357079E-03  1.102076E-02  7.327080E+01
    16.7500   -8.688767E-03  8.689447E-03  7.381492E+01
    16.8000   -5.350897E-03  6.847976E-03  7.450134E+01
    16.8500   -2.963570E-04  6.210471E-03  7.535049E+01
    16.9000    5.087896E-03  7.220295E-03  7.618018E+01
    16.9500    9.287879E-03  9.363533E-03  7.684181E+01
    17.0000    1.101127E-02  1.198927E-02  7.737573E+01
    17.0500    9.493377E-03  1.475333E-02  7.784079E+01
    17.1000    4.695844E-03  1.747596E-02  7.826777E+01
    17.1500   -2.655889E-03  2.004900E-02  7.867268E+01
    17.2000   -1.120875E-02  2.239762E-02  7.906393E+01
    17.2500   -1.926192E-02  2.446572E-02  7.944624E+01
    17.3000   -2.512903E-02  2.621005E-02  7.982241E+01
    17.3500   -2.750161E-02  2.759792E-02  8.019418E+01
    17.4000   -2.573233E-02  2.860606E-02  8.056269E+01
    17.4500   -1.997544E-02  2.922014E-02  8.092870E+01
    17.5000   -1.115453E-02  2.943437E-02  8.129273E+01
    17.5500   -7.674021E-04  2.925114E-02  8.165517E+01
    17.6000    9.426068E-03  2.868064E-02  8.201629E+01
    17.6500    1.776222E-02  2.774024E-02  8.237630E+01
    17.7000    2.299906E-02  2.645392E-02  8.273540E+01
    17.7500    2.454007E-02  2.485146E-02  8.309374E+01
    17.8000    2.251305E-02  2.296766E-02  8.345150E+01
    17.8500    1.769427E-02  2.084135E-02  8.380892E+01
    17.9000    1.130314E-02  1.851452E-02  8.416631E+01
    17.9500    4.719177E-03  1.603126E-02  8.452420E+01
    18.0000   -8.128035E-04  1.343688E-02  8.488353E+01
    18.0500   -4.430362E-03  1.078705E-02  8.524624E+01
    18.1000   -5.778272E-03  8.109496E-03  8.561610E+01
    18.1500   -5.043417E-03  5.450313E-03  8.600494E+01
    18.2000   -2.860111E-03  2.867518E-03  8.646569E+01
    18.2500   -1.274918E-04  7.255528E-04  8.778796E+01
    18.3000    2.214059E-03  2.266500E-03  8.975092E+01
    18.3500    3.395992E-03  4.477174E-03  9.024516E+01
    18.4000    2.979597E-03  6.549221E-03  9.063387E+01
    18.4500    9.302284E-04  8.435284E-03  9.099568E+01
    18.5000   -2.400359E-03  1.011491E-02  9.134578E+01
    18.5500   -6.371424E-03  1.157593E-02  9.168903E+01
    18.6000   -1.020271E-02  1.281181E-02  9.202743E+01
    18.6500   -1.314031E-02  1.382080E-02  9.236188E+01
    18.7000   -1.460358E-02  1.460541E-02  9.269282E+01
    18.7500   -1.428584E-02  1.517202E-02  9.302045E+01
    18.8000   -1.219371E-02  1.553035E-02  9.334484E+01
    18.8500   -8.624314E-03  1.569296E-02  9.366594E+01
    18.9000   -4.091925E-03  1.567477E-02  9.398367E+01
    18.9500    7.762297E-04  1.549249E-02  9.429790E+01
    19.0000    5.351815E-03  1.516412E-02  9.460848E+01
    19.0500    9.126996E-03  1.472256E-02  9.491644E+01
    19.1000    1.170646E-02  1.416836E-02  9.522018E+01
    19.1500    1.291979E-02  1.352057E-02  9.551935E+01
    19.2000    1.279793E-02  1.279809E-02  9.581356E+01
    19.2500    1.153879E-02  1.201936E-02  9.610231E+01
    19.3000    9.452169E-03  1.120201E-02  9.638506E+01
    19.3500    6.896661E-03  1.036256E-02  9.666116E+01
    19.4000    4.220731E-03  9.516262E-03  9.692984E+01
    19.4500    1.716911E-03  8.676840E-03  9.719018E+01
    19.5000   -4.060201E-04  7.856465E-03  9.744108E+01
    19.5500   -2.032283E-03  7.065758E-03  9.768112E+01
    19.6000   -3.132697E-03  6.314004E-03  9.790853E+01
    19.6500   -3.747669E-03  5.609610E-03  9.812100E+01
    19.7000   -3.965175E-03  4.960907E-03  9.831548E+01
    19.7500   -3.898593E-03  4.377388E-03  9.848808E+01
    19.8000   -3.667561E-03  3.871328E-03  9.863428E+01
    19.8500   -3.383207E-03  3.459353E-03  9.874996E+01
    19.9000   -3.137486E-03  3.162496E-03  9.883432E+01
    19.9500   -2.995635E-03  3.002170E-03  9.889417E+01
    20.0000   -2.990713E-03  2.991008E-03  9.894613E+01
