 comment: None given                            Feff8L (EXAFS)       0.1
 Source:
 Structure Summary:  Ni2
 Reduced formula:  Ni
 space group: (P6_3/mmc), space number:  (194)
 abc:  2.448023   2.448023   4.072808
 angles: 90.000000  90.000000 120.000002
 sites: 2
 mp-10257
 POT  Non-SCF, core-hole, AFOLP (folp(0)= 1.150)
 Abs   Z=28 Rmt= 1.311 Rnm= 1.347 K  shell
 Pot 1 Z=28 Rmt= 1.318 Rnm= 1.355
 Gam_ch=1.576E+00 H-L exch
 Mu=-1.189E+01 kf=2.095E+00 Vint=-2.862E+01 Rs_int= 1.731
 PATH  Rmax= 6.000,  Keep_limit= 0.00, Heap_limit 0.00  Pwcrit= 2.50%
 Path   12      icalc       2
 -----------------------------------------------------------------------
   2  12.000   4.2579    2.5611  -11.89028 nleg, deg, reff, rnrmav(bohr), edge
        x         y         z   pot at#
    -0.0000   -0.0000   -0.0000  0  28 Ni       absorbing atom
    -3.6720   -0.7067    2.0364  1  28 Ni
    k   real[2*phc]   mag[feff]  phase[feff] red factor   lambda     real[p]@#
  0.000  3.1758E+00  1.0768E-04 -3.7449E+00  1.005E+00  2.0269E+01  2.0960E+00
  0.100  3.1755E+00  3.6550E-02 -4.5756E+00  1.005E+00  2.0291E+01  2.0982E+00
  0.200  3.1748E+00  7.2484E-02 -5.3720E+00  1.005E+00  2.0355E+01  2.1051E+00
  0.300  3.1735E+00  1.0723E-01 -6.1321E+00  1.006E+00  2.0455E+01  2.1164E+00
  0.400  3.1716E+00  1.4029E-01 -6.8564E+00  1.006E+00  2.0583E+01  2.1322E+00
  0.500  3.1692E+00  1.7128E-01 -7.5456E+00  1.006E+00  2.0727E+01  2.1523E+00
  0.600  3.1660E+00  1.9991E-01 -8.2006E+00  1.007E+00  2.0870E+01  2.1767E+00
  0.700  3.1620E+00  2.2600E-01 -8.8224E+00  1.007E+00  2.0996E+01  2.2052E+00
  0.800  3.1571E+00  2.4947E-01 -9.4119E+00  1.008E+00  2.1085E+01  2.2377E+00
  0.900  3.1511E+00  2.7028E-01 -9.9701E+00  1.009E+00  2.1121E+01  2.2740E+00
  1.000  3.1440E+00  2.8844E-01 -1.0498E+01  1.010E+00  2.1085E+01  2.3141E+00
  1.100  3.1355E+00  3.0400E-01 -1.0996E+01  1.011E+00  2.0965E+01  2.3578E+00
  1.200  3.1255E+00  3.1698E-01 -1.1466E+01  1.013E+00  2.0753E+01  2.4049E+00
  1.300  3.1138E+00  3.2744E-01 -1.1907E+01  1.015E+00  2.0446E+01  2.4555E+00
  1.400  3.1000E+00  3.3540E-01 -1.2321E+01  1.017E+00  2.0048E+01  2.5093E+00
  1.500  3.0840E+00  3.4088E-01 -1.2707E+01  1.020E+00  1.9570E+01  2.5664E+00
  1.600  3.0654E+00  3.4388E-01 -1.3066E+01  1.023E+00  1.9028E+01  2.6266E+00
  1.700  3.0440E+00  3.4438E-01 -1.3397E+01  1.026E+00  1.8441E+01  2.6900E+00
  1.800  3.0193E+00  3.4237E-01 -1.3700E+01  1.030E+00  1.7831E+01  2.7565E+00
  1.900  2.9910E+00  3.3784E-01 -1.3973E+01  1.034E+00  1.7220E+01  2.8262E+00
  2.000  2.9587E+00  3.3078E-01 -1.4216E+01  1.039E+00  1.6632E+01  2.8991E+00
  2.200  2.8799E+00  3.0936E-01 -1.4600E+01  1.048E+00  1.5612E+01  3.0550E+00
  2.400  2.7689E+00  2.7315E-01 -1.4778E+01  1.053E+00  1.4931E+01  3.2308E+00
  2.600  2.6311E+00  2.4261E-01 -1.4932E+01  1.159E+00  8.9544E+00  3.4196E+00
  2.800  2.6118E+00  2.3200E-01 -1.5347E+01  1.227E+00  6.9668E+00  3.5592E+00
  3.000  2.6008E+00  2.2223E-01 -1.5708E+01  1.253E+00  6.2235E+00  3.6924E+00
  3.200  2.5616E+00  2.1951E-01 -1.5923E+01  1.261E+00  5.8650E+00  3.8363E+00
  3.400  2.5077E+00  2.3684E-01 -1.6063E+01  1.256E+00  5.7044E+00  3.9860E+00
  3.600  2.4442E+00  2.7280E-01 -1.6193E+01  1.247E+00  5.6578E+00  4.1409E+00
  3.800  2.3723E+00  3.2334E-01 -1.6343E+01  1.232E+00  5.6850E+00  4.3005E+00
  4.000  2.2945E+00  3.8238E-01 -1.6508E+01  1.218E+00  5.7642E+00  4.4642E+00
  4.200  2.2130E+00  4.4333E-01 -1.6680E+01  1.199E+00  5.8822E+00  4.6316E+00
  4.400  2.1278E+00  5.0300E-01 -1.6850E+01  1.182E+00  6.0308E+00  4.8024E+00
  4.600  2.0405E+00  5.5998E-01 -1.7017E+01  1.166E+00  6.2042E+00  4.9760E+00
  4.800  1.9527E+00  6.1057E-01 -1.7173E+01  1.150E+00  6.3984E+00  5.1522E+00
  5.000  1.8640E+00  6.5659E-01 -1.7321E+01  1.135E+00  6.6106E+00  5.3307E+00
  5.200  1.7752E+00  6.9750E-01 -1.7462E+01  1.120E+00  6.8384E+00  5.5112E+00
  5.400  1.6864E+00  7.3202E-01 -1.7592E+01  1.107E+00  7.0803E+00  5.6935E+00
  5.600  1.5975E+00  7.6155E-01 -1.7715E+01  1.094E+00  7.3348E+00  5.8774E+00
  5.800  1.5092E+00  7.8555E-01 -1.7830E+01  1.081E+00  7.6009E+00  6.0627E+00
  6.000  1.4211E+00  8.0419E-01 -1.7937E+01  1.071E+00  7.8776E+00  6.2492E+00
  6.500  1.2034E+00  8.2626E-01 -1.8179E+01  1.046E+00  8.6119E+00  6.7202E+00
  7.000  9.9104E-01  8.1860E-01 -1.8392E+01  1.027E+00  9.4001E+00  7.1965E+00
  7.500  7.8634E-01  7.9022E-01 -1.8584E+01  1.012E+00  1.0236E+01  7.6769E+00
  8.000  5.9054E-01  7.4951E-01 -1.8760E+01  9.999E-01  1.1117E+01  8.1606E+00
  8.500  4.0374E-01  6.9991E-01 -1.8924E+01  9.890E-01  1.2037E+01  8.6467E+00
  9.000  2.2552E-01  6.4500E-01 -1.9081E+01  9.791E-01  1.2997E+01  9.1348E+00
  9.500  5.2896E-02  5.8868E-01 -1.9237E+01  9.685E-01  1.3992E+01  9.6246E+00
 10.000 -1.1544E-01  5.3575E-01 -1.9390E+01  9.582E-01  1.5022E+01  1.0116E+01
 11.000 -4.3722E-01  4.4325E-01 -1.9683E+01  9.438E-01  1.7180E+01  1.1101E+01
 12.000 -7.3582E-01  3.6559E-01 -1.9960E+01  9.349E-01  1.9462E+01  1.2089E+01
 13.000 -1.0122E+00  3.0435E-01 -2.0227E+01  9.300E-01  2.1860E+01  1.3080E+01
 14.000 -1.2674E+00  2.5470E-01 -2.0479E+01  9.278E-01  2.4370E+01  1.4073E+01
 15.000 -1.5048E+00  2.1524E-01 -2.0712E+01  9.268E-01  2.6984E+01  1.5066E+01
 16.000 -1.7252E+00  1.8415E-01 -2.0922E+01  9.270E-01  2.9700E+01  1.6061E+01
 17.000 -1.9309E+00  1.5950E-01 -2.1114E+01  9.278E-01  3.2513E+01  1.7056E+01
 18.000 -2.1231E+00  1.3983E-01 -2.1292E+01  9.288E-01  3.5420E+01  1.8052E+01
 19.000 -2.3030E+00  1.2393E-01 -2.1457E+01  9.302E-01  3.8417E+01  1.9049E+01
 20.000 -2.4719E+00  1.1153E-01 -2.1605E+01  9.314E-01  4.1501E+01  2.0046E+01
