 comment: None given                            Feff8L (EXAFS)       0.1
 Source:
 Structure Summary:  Ni2
 Reduced formula:  Ni
 space group: (P6_3/mmc), space number:  (194)
 abc:  2.448023   2.448023   4.072808
 angles: 90.000000  90.000000 120.000002
 sites: 2
 mp-10257
 POT  Non-SCF, core-hole, AFOLP (folp(0)= 1.150)
 Abs   Z=28 Rmt= 1.311 Rnm= 1.347 K  shell
 Pot 1 Z=28 Rmt= 1.318 Rnm= 1.355
 Gam_ch=1.576E+00 H-L exch
 Mu=-1.189E+01 kf=2.095E+00 Vint=-2.862E+01 Rs_int= 1.731
 PATH  Rmax= 6.000,  Keep_limit= 0.00, Heap_limit 0.00  Pwcrit= 2.50%
 Path   23      icalc       2
 -----------------------------------------------------------------------
   3   6.000   4.8960    2.5611  -11.89028 nleg, deg, reff, rnrmav(bohr), edge
        x         y         z   pot at#
    -0.0000   -0.0000   -0.0000  0  28 Ni       absorbing atom
     1.2240   -2.1200   -0.0000  1  28 Ni
    -1.2240    2.1200   -0.0000  1  28 Ni
    k   real[2*phc]   mag[feff]  phase[feff] red factor   lambda     real[p]@#
  0.000  3.1758E+00  6.6835E-05 -3.1078E-01  1.005E+00  2.0269E+01  2.0960E+00
  0.100  3.1755E+00  2.2630E-02 -1.2673E+00  1.005E+00  2.0291E+01  2.0982E+00
  0.200  3.1748E+00  4.4551E-02 -2.1873E+00  1.005E+00  2.0355E+01  2.1051E+00
  0.300  3.1735E+00  6.5127E-02 -3.0682E+00  1.006E+00  2.0455E+01  2.1164E+00
  0.400  3.1716E+00  8.3849E-02 -3.9106E+00  1.006E+00  2.0583E+01  2.1322E+00
  0.500  3.1692E+00  1.0037E-01 -4.7151E+00  1.006E+00  2.0727E+01  2.1523E+00
  0.600  3.1660E+00  1.1448E-01 -5.4826E+00  1.007E+00  2.0870E+01  2.1767E+00
  0.700  3.1620E+00  1.2614E-01 -6.2139E+00  1.007E+00  2.0996E+01  2.2052E+00
  0.800  3.1571E+00  1.3540E-01 -6.9099E+00  1.008E+00  2.1085E+01  2.2377E+00
  0.900  3.1511E+00  1.4237E-01 -7.5713E+00  1.009E+00  2.1121E+01  2.2740E+00
  1.000  3.1440E+00  1.4719E-01 -8.1988E+00  1.010E+00  2.1085E+01  2.3141E+00
  1.100  3.1355E+00  1.5003E-01 -8.7931E+00  1.011E+00  2.0965E+01  2.3578E+00
  1.200  3.1255E+00  1.5104E-01 -9.3546E+00  1.013E+00  2.0753E+01  2.4049E+00
  1.300  3.1138E+00  1.5032E-01 -9.8837E+00  1.015E+00  2.0446E+01  2.4555E+00
  1.400  3.1000E+00  1.4803E-01 -1.0380E+01  1.017E+00  2.0048E+01  2.5093E+00
  1.500  3.0840E+00  1.4425E-01 -1.0845E+01  1.020E+00  1.9570E+01  2.5664E+00
  1.600  3.0654E+00  1.3908E-01 -1.1276E+01  1.023E+00  1.9028E+01  2.6266E+00
  1.700  3.0440E+00  1.3260E-01 -1.1673E+01  1.026E+00  1.8441E+01  2.6900E+00
  1.800  3.0193E+00  1.2493E-01 -1.2035E+01  1.030E+00  1.7831E+01  2.7565E+00
  1.900  2.9910E+00  1.1618E-01 -1.2360E+01  1.034E+00  1.7220E+01  2.8262E+00
  2.000  2.9587E+00  1.0653E-01 -1.2644E+01  1.039E+00  1.6632E+01  2.8991E+00
  2.200  2.8799E+00  8.5376E-02 -1.3071E+01  1.048E+00  1.5612E+01  3.0550E+00
  2.400  2.7689E+00  6.0508E-02 -1.3198E+01  1.053E+00  1.4931E+01  3.2308E+00
  2.600  2.6311E+00  4.2501E-02 -1.3345E+01  1.159E+00  8.9544E+00  3.4196E+00
  2.800  2.6118E+00  3.5103E-02 -1.3615E+01  1.227E+00  6.9668E+00  3.5592E+00
  3.000  2.6008E+00  3.1776E-02 -1.3636E+01  1.253E+00  6.2235E+00  3.6924E+00
  3.200  2.5616E+00  3.7453E-02 -1.3477E+01  1.261E+00  5.8650E+00  3.8363E+00
  3.400  2.5077E+00  5.5663E-02 -1.3436E+01  1.256E+00  5.7044E+00  3.9860E+00
  3.600  2.4442E+00  8.4022E-02 -1.3520E+01  1.247E+00  5.6578E+00  4.1409E+00
  3.800  2.3723E+00  1.2126E-01 -1.3673E+01  1.232E+00  5.6850E+00  4.3005E+00
  4.000  2.2945E+00  1.6663E-01 -1.3856E+01  1.218E+00  5.7642E+00  4.4642E+00
  4.200  2.2130E+00  2.1655E-01 -1.4046E+01  1.199E+00  5.8822E+00  4.6316E+00
  4.400  2.1278E+00  2.6894E-01 -1.4235E+01  1.182E+00  6.0308E+00  4.8024E+00
  4.600  2.0405E+00  3.2231E-01 -1.4424E+01  1.166E+00  6.2042E+00  4.9760E+00
  4.800  1.9527E+00  3.7201E-01 -1.4598E+01  1.150E+00  6.3984E+00  5.1522E+00
  5.000  1.8640E+00  4.1920E-01 -1.4768E+01  1.135E+00  6.6106E+00  5.3307E+00
  5.200  1.7752E+00  4.6252E-01 -1.4932E+01  1.120E+00  6.8384E+00  5.5112E+00
  5.400  1.6864E+00  4.9975E-01 -1.5085E+01  1.107E+00  7.0803E+00  5.6935E+00
  5.600  1.5975E+00  5.3172E-01 -1.5231E+01  1.094E+00  7.3348E+00  5.8774E+00
  5.800  1.5092E+00  5.5722E-01 -1.5370E+01  1.081E+00  7.6009E+00  6.0627E+00
  6.000  1.4211E+00  5.7629E-01 -1.5502E+01  1.071E+00  7.8776E+00  6.2492E+00
  6.500  1.2034E+00  5.9160E-01 -1.5804E+01  1.046E+00  8.6119E+00  6.7202E+00
  7.000  9.9104E-01  5.6867E-01 -1.6081E+01  1.027E+00  9.4001E+00  7.1965E+00
  7.500  7.8634E-01  5.2180E-01 -1.6343E+01  1.012E+00  1.0236E+01  7.6769E+00
  8.000  5.9054E-01  4.6389E-01 -1.6592E+01  9.999E-01  1.1117E+01  8.1606E+00
  8.500  4.0374E-01  4.0061E-01 -1.6832E+01  9.890E-01  1.2037E+01  8.6467E+00
  9.000  2.2552E-01  3.3759E-01 -1.7070E+01  9.791E-01  1.2997E+01  9.1348E+00
  9.500  5.2896E-02  2.7962E-01 -1.7315E+01  9.685E-01  1.3992E+01  9.6246E+00
 10.000 -1.1544E-01  2.3071E-01 -1.7563E+01  9.582E-01  1.5022E+01  1.0116E+01
 11.000 -4.3722E-01  1.5714E-01 -1.8055E+01  9.438E-01  1.7180E+01  1.1101E+01
 12.000 -7.3582E-01  1.0667E-01 -1.8539E+01  9.349E-01  1.9462E+01  1.2089E+01
 13.000 -1.0122E+00  7.3956E-02 -1.9017E+01  9.300E-01  2.1860E+01  1.3080E+01
 14.000 -1.2674E+00  5.1654E-02 -1.9486E+01  9.278E-01  2.4370E+01  1.4073E+01
 15.000 -1.5048E+00  3.6124E-02 -1.9945E+01  9.268E-01  2.6984E+01  1.5066E+01
 16.000 -1.7252E+00  2.4810E-02 -2.0376E+01  9.270E-01  2.9700E+01  1.6061E+01
 17.000 -1.9309E+00  1.6679E-02 -2.0760E+01  9.278E-01  3.2513E+01  1.7056E+01
 18.000 -2.1231E+00  1.1275E-02 -2.1079E+01  9.288E-01  3.5420E+01  1.8052E+01
 19.000 -2.3030E+00  7.6896E-03 -2.1325E+01  9.302E-01  3.8417E+01  1.9049E+01
 20.000 -2.4719E+00  5.5057E-03 -2.1444E+01  9.314E-01  4.1501E+01  2.0046E+01
