 comment: None given                            Feff8L (EXAFS)       0.1
 Source:
 Structure Summary:  Ni2
 Reduced formula:  Ni
 space group: (P6_3/mmc), space number:  (194)
 abc:  2.448023   2.448023   4.072808
 angles: 90.000000  90.000000 120.000002
 sites: 2
 mp-10257
 POT  Non-SCF, core-hole, AFOLP (folp(0)= 1.150)
 Abs   Z=28 Rmt= 1.311 Rnm= 1.347 K  shell
 Pot 1 Z=28 Rmt= 1.318 Rnm= 1.355
 Gam_ch=1.576E+00 H-L exch
 Mu=-1.189E+01 kf=2.095E+00 Vint=-2.862E+01 Rs_int= 1.731
 PATH  Rmax= 6.000,  Keep_limit= 0.00, Heap_limit 0.00  Pwcrit= 2.50%
 Path    9      icalc       2
 -----------------------------------------------------------------------
   3  24.000   4.2053    2.5611  -11.89028 nleg, deg, reff, rnrmav(bohr), edge
        x         y         z   pot at#
    -0.0000   -0.0000   -0.0000  0  28 Ni       absorbing atom
    -2.4480    1.4134    2.0364  1  28 Ni
    -2.4480   -0.0000   -0.0000  1  28 Ni
    k   real[2*phc]   mag[feff]  phase[feff] red factor   lambda     real[p]@#
  0.000  3.1758E+00  1.3423E-05 -2.5319E+00  1.005E+00  2.0269E+01  2.0960E+00
  0.100  3.1755E+00  4.5450E-03 -3.3515E+00  1.005E+00  2.0291E+01  2.0982E+00
  0.200  3.1748E+00  8.9485E-03 -4.1358E+00  1.005E+00  2.0355E+01  2.1051E+00
  0.300  3.1735E+00  1.3084E-02 -4.8829E+00  1.006E+00  2.0455E+01  2.1164E+00
  0.400  3.1716E+00  1.6854E-02 -5.5935E+00  1.006E+00  2.0583E+01  2.1322E+00
  0.500  3.1692E+00  2.0196E-02 -6.2689E+00  1.006E+00  2.0727E+01  2.1523E+00
  0.600  3.1660E+00  2.3076E-02 -6.9103E+00  1.007E+00  2.0870E+01  2.1767E+00
  0.700  3.1620E+00  2.5496E-02 -7.5190E+00  1.007E+00  2.0996E+01  2.2052E+00
  0.800  3.1571E+00  2.7476E-02 -8.0965E+00  1.008E+00  2.1085E+01  2.2377E+00
  0.900  3.1511E+00  2.9050E-02 -8.6442E+00  1.009E+00  2.1121E+01  2.2740E+00
  1.000  3.1440E+00  3.0256E-02 -9.1634E+00  1.010E+00  2.1085E+01  2.3141E+00
  1.100  3.1355E+00  3.1133E-02 -9.6555E+00  1.011E+00  2.0965E+01  2.3578E+00
  1.200  3.1255E+00  3.1713E-02 -1.0122E+01  1.013E+00  2.0753E+01  2.4049E+00
  1.300  3.1138E+00  3.2002E-02 -1.0564E+01  1.015E+00  2.0446E+01  2.4555E+00
  1.400  3.1000E+00  3.2048E-02 -1.0982E+01  1.017E+00  2.0048E+01  2.5093E+00
  1.500  3.0840E+00  3.1839E-02 -1.1380E+01  1.020E+00  1.9570E+01  2.5664E+00
  1.600  3.0654E+00  3.1368E-02 -1.1756E+01  1.023E+00  1.9028E+01  2.6266E+00
  1.700  3.0440E+00  3.0618E-02 -1.2115E+01  1.026E+00  1.8441E+01  2.6900E+00
  1.800  3.0193E+00  2.9566E-02 -1.2457E+01  1.030E+00  1.7831E+01  2.7565E+00
  1.900  2.9910E+00  2.8181E-02 -1.2785E+01  1.034E+00  1.7220E+01  2.8262E+00
  2.000  2.9587E+00  2.6435E-02 -1.3104E+01  1.039E+00  1.6632E+01  2.8991E+00
  2.200  2.8799E+00  2.1854E-02 -1.3743E+01  1.048E+00  1.5612E+01  3.0550E+00
  2.400  2.7689E+00  1.6415E-02 -1.4555E+01  1.053E+00  1.4931E+01  3.2308E+00
  2.600  2.6311E+00  2.4214E-02 -1.5322E+01  1.159E+00  8.9544E+00  3.4196E+00
  2.800  2.6118E+00  3.0730E-02 -1.6148E+01  1.227E+00  6.9668E+00  3.5592E+00
  3.000  2.6008E+00  3.9369E-02 -1.6993E+01  1.253E+00  6.2235E+00  3.6924E+00
  3.200  2.5616E+00  5.2007E-02 -1.7677E+01  1.261E+00  5.8650E+00  3.8363E+00
  3.400  2.5077E+00  6.6225E-02 -1.8259E+01  1.256E+00  5.7044E+00  3.9860E+00
  3.600  2.4442E+00  8.1986E-02 -1.8748E+01  1.247E+00  5.6578E+00  4.1409E+00
  3.800  2.3723E+00  9.6213E-02 -1.9171E+01  1.232E+00  5.6850E+00  4.3005E+00
  4.000  2.2945E+00  1.0933E-01 -1.9541E+01  1.218E+00  5.7642E+00  4.4642E+00
  4.200  2.2130E+00  1.1913E-01 -1.9870E+01  1.199E+00  5.8822E+00  4.6316E+00
  4.400  2.1278E+00  1.2590E-01 -2.0167E+01  1.182E+00  6.0308E+00  4.8024E+00
  4.600  2.0405E+00  1.2984E-01 -2.0441E+01  1.166E+00  6.2042E+00  4.9760E+00
  4.800  1.9527E+00  1.2996E-01 -2.0691E+01  1.150E+00  6.3984E+00  5.1522E+00
  5.000  1.8640E+00  1.2772E-01 -2.0925E+01  1.135E+00  6.6106E+00  5.3307E+00
  5.200  1.7752E+00  1.2324E-01 -2.1147E+01  1.120E+00  6.8384E+00  5.5112E+00
  5.400  1.6864E+00  1.1656E-01 -2.1354E+01  1.107E+00  7.0803E+00  5.6935E+00
  5.600  1.5975E+00  1.0859E-01 -2.1553E+01  1.094E+00  7.3348E+00  5.8774E+00
  5.800  1.5092E+00  9.9458E-02 -2.1745E+01  1.081E+00  7.6009E+00  6.0627E+00
  6.000  1.4211E+00  8.9875E-02 -2.1930E+01  1.071E+00  7.8776E+00  6.2492E+00
  6.500  1.2034E+00  6.5472E-02 -2.2383E+01  1.046E+00  8.6119E+00  6.7202E+00
  7.000  9.9104E-01  4.4459E-02 -2.2837E+01  1.027E+00  9.4001E+00  7.1965E+00
  7.500  7.8634E-01  2.9080E-02 -2.3311E+01  1.012E+00  1.0236E+01  7.6769E+00
  8.000  5.9054E-01  1.9667E-02 -2.3806E+01  9.999E-01  1.1117E+01  8.1606E+00
  8.500  4.0374E-01  1.4788E-02 -2.4292E+01  9.890E-01  1.2037E+01  8.6467E+00
  9.000  2.2552E-01  1.2999E-02 -2.4664E+01  9.791E-01  1.2997E+01  9.1348E+00
  9.500  5.2896E-02  1.2658E-02 -2.4940E+01  9.685E-01  1.3992E+01  9.6246E+00
 10.000 -1.1544E-01  1.2857E-02 -2.5167E+01  9.582E-01  1.5022E+01  1.0116E+01
 11.000 -4.3722E-01  1.2860E-02 -2.5585E+01  9.438E-01  1.7180E+01  1.1101E+01
 12.000 -7.3582E-01  1.1175E-02 -2.5939E+01  9.349E-01  1.9462E+01  1.2089E+01
 13.000 -1.0122E+00  9.0764E-03 -2.6155E+01  9.300E-01  2.1860E+01  1.3080E+01
 14.000 -1.2674E+00  7.9337E-03 -2.6287E+01  9.278E-01  2.4370E+01  1.4073E+01
 15.000 -1.5048E+00  7.4368E-03 -2.6457E+01  9.268E-01  2.6984E+01  1.5066E+01
 16.000 -1.7252E+00  6.9621E-03 -2.6679E+01  9.270E-01  2.9700E+01  1.6061E+01
 17.000 -1.9309E+00  6.4394E-03 -2.6930E+01  9.278E-01  3.2513E+01  1.7056E+01
 18.000 -2.1231E+00  5.8039E-03 -2.7199E+01  9.288E-01  3.5420E+01  1.8052E+01
 19.000 -2.3030E+00  5.1629E-03 -2.7465E+01  9.302E-01  3.8417E+01  1.9049E+01
 20.000 -2.4719E+00  4.5478E-03 -2.7732E+01  9.314E-01  4.1501E+01  2.0046E+01
