 comment: None given                            Feff8L (EXAFS)       0.1
 Source:
 Structure Summary:  Ni2
 Reduced formula:  Ni
 space group: (P6_3/mmc), space number:  (194)
 abc:  2.448023   2.448023   4.072808
 angles: 90.000000  90.000000 120.000002
 sites: 2
 mp-10257
 POT  Non-SCF, core-hole, AFOLP (folp(0)= 1.150)
 Abs   Z=28 Rmt= 1.311 Rnm= 1.347 K  shell
 Pot 1 Z=28 Rmt= 1.318 Rnm= 1.355
 Gam_ch=1.576E+00 H-L exch
 Mu=-1.189E+01 kf=2.095E+00 Vint=-2.862E+01 Rs_int= 1.731
 PATH  Rmax= 6.000,  Keep_limit= 0.00, Heap_limit 0.00  Pwcrit= 2.50%
 Path   46      icalc       2
 -----------------------------------------------------------------------
   4   6.000   5.9627    2.5611  -11.89028 nleg, deg, reff, rnrmav(bohr), edge
        x         y         z   pot at#
    -0.0000   -0.0000   -0.0000  0  28 Ni       absorbing atom
    -2.4480    1.4134   -2.0364  1  28 Ni
    -3.6720    2.1200   -4.0728  1  28 Ni
    -2.4480    1.4134   -2.0364  1  28 Ni
    k   real[2*phc]   mag[feff]  phase[feff] red factor   lambda     real[p]@#
  0.000  3.1758E+00  1.6531E-05 -1.9076E+00  1.005E+00  2.0269E+01  2.0960E+00
  0.100  3.1755E+00  5.6060E-03 -3.0745E+00  1.005E+00  2.0291E+01  2.0982E+00
  0.200  3.1748E+00  1.1089E-02 -4.2006E+00  1.005E+00  2.0355E+01  2.1051E+00
  0.300  3.1735E+00  1.6337E-02 -5.2828E+00  1.006E+00  2.0455E+01  2.1164E+00
  0.400  3.1716E+00  2.1262E-02 -6.3213E+00  1.006E+00  2.0583E+01  2.1322E+00
  0.500  3.1692E+00  2.5803E-02 -7.3166E+00  1.006E+00  2.0727E+01  2.1523E+00
  0.600  3.1660E+00  2.9919E-02 -8.2693E+00  1.007E+00  2.0870E+01  2.1767E+00
  0.700  3.1620E+00  3.3598E-02 -9.1801E+00  1.007E+00  2.0996E+01  2.2052E+00
  0.800  3.1571E+00  3.6839E-02 -1.0050E+01  1.008E+00  2.1085E+01  2.2377E+00
  0.900  3.1511E+00  3.9653E-02 -1.0879E+01  1.009E+00  2.1121E+01  2.2740E+00
  1.000  3.1440E+00  4.2051E-02 -1.1669E+01  1.010E+00  2.1085E+01  2.3141E+00
  1.100  3.1355E+00  4.4044E-02 -1.2420E+01  1.011E+00  2.0965E+01  2.3578E+00
  1.200  3.1255E+00  4.5637E-02 -1.3133E+01  1.013E+00  2.0753E+01  2.4049E+00
  1.300  3.1138E+00  4.6834E-02 -1.3808E+01  1.015E+00  2.0446E+01  2.4555E+00
  1.400  3.1000E+00  4.7624E-02 -1.4447E+01  1.017E+00  2.0048E+01  2.5093E+00
  1.500  3.0840E+00  4.7996E-02 -1.5049E+01  1.020E+00  1.9570E+01  2.5664E+00
  1.600  3.0654E+00  4.7931E-02 -1.5614E+01  1.023E+00  1.9028E+01  2.6266E+00
  1.700  3.0440E+00  4.7409E-02 -1.6142E+01  1.026E+00  1.8441E+01  2.6900E+00
  1.800  3.0193E+00  4.6408E-02 -1.6631E+01  1.030E+00  1.7831E+01  2.7565E+00
  1.900  2.9910E+00  4.4914E-02 -1.7079E+01  1.034E+00  1.7220E+01  2.8262E+00
  2.000  2.9587E+00  4.2927E-02 -1.7481E+01  1.039E+00  1.6632E+01  2.8991E+00
  2.200  2.8799E+00  3.7643E-02 -1.8125E+01  1.048E+00  1.5612E+01  3.0550E+00
  2.400  2.7689E+00  3.0737E-02 -1.8407E+01  1.053E+00  1.4931E+01  3.2308E+00
  2.600  2.6311E+00  2.9769E-02 -1.8344E+01  1.159E+00  8.9544E+00  3.4196E+00
  2.800  2.6118E+00  3.1791E-02 -1.8656E+01  1.227E+00  6.9668E+00  3.5592E+00
  3.000  2.6008E+00  4.3200E-02 -1.9202E+01  1.253E+00  6.2235E+00  3.6924E+00
  3.200  2.5616E+00  6.1881E-02 -1.9856E+01  1.261E+00  5.8650E+00  3.8363E+00
  3.400  2.5077E+00  8.6816E-02 -2.0555E+01  1.256E+00  5.7044E+00  3.9860E+00
  3.600  2.4442E+00  1.1760E-01 -2.1211E+01  1.247E+00  5.6578E+00  4.1409E+00
  3.800  2.3723E+00  1.5367E-01 -2.1821E+01  1.232E+00  5.6850E+00  4.3005E+00
  4.000  2.2945E+00  1.9471E-01 -2.2369E+01  1.218E+00  5.7642E+00  4.4642E+00
  4.200  2.2130E+00  2.3907E-01 -2.2863E+01  1.199E+00  5.8822E+00  4.6316E+00
  4.400  2.1278E+00  2.8586E-01 -2.3304E+01  1.182E+00  6.0308E+00  4.8024E+00
  4.600  2.0405E+00  3.3373E-01 -2.3703E+01  1.166E+00  6.2042E+00  4.9760E+00
  4.800  1.9527E+00  3.8053E-01 -2.4057E+01  1.150E+00  6.3984E+00  5.1522E+00
  5.000  1.8640E+00  4.2582E-01 -2.4378E+01  1.135E+00  6.6106E+00  5.3307E+00
  5.200  1.7752E+00  4.6813E-01 -2.4672E+01  1.120E+00  6.8384E+00  5.5112E+00
  5.400  1.6864E+00  5.0616E-01 -2.4935E+01  1.107E+00  7.0803E+00  5.6935E+00
  5.600  1.5975E+00  5.3943E-01 -2.5178E+01  1.094E+00  7.3348E+00  5.8774E+00
  5.800  1.5092E+00  5.6670E-01 -2.5403E+01  1.081E+00  7.6009E+00  6.0627E+00
  6.000  1.4211E+00  5.8828E-01 -2.5609E+01  1.071E+00  7.8776E+00  6.2492E+00
  6.500  1.2034E+00  6.1307E-01 -2.6065E+01  1.046E+00  8.6119E+00  6.7202E+00
  7.000  9.9104E-01  6.0253E-01 -2.6457E+01  1.027E+00  9.4001E+00  7.1965E+00
  7.500  7.8634E-01  5.6748E-01 -2.6802E+01  1.012E+00  1.0236E+01  7.6769E+00
  8.000  5.9054E-01  5.1796E-01 -2.7113E+01  9.999E-01  1.1117E+01  8.1606E+00
  8.500  4.0374E-01  4.6150E-01 -2.7399E+01  9.890E-01  1.2037E+01  8.6467E+00
  9.000  2.2552E-01  4.0366E-01 -2.7673E+01  9.791E-01  1.2997E+01  9.1348E+00
  9.500  5.2896E-02  3.4895E-01 -2.7937E+01  9.685E-01  1.3992E+01  9.6246E+00
 10.000 -1.1544E-01  3.0023E-01 -2.8189E+01  9.582E-01  1.5022E+01  1.0116E+01
 11.000 -4.3722E-01  2.2145E-01 -2.8658E+01  9.438E-01  1.7180E+01  1.1101E+01
 12.000 -7.3582E-01  1.6218E-01 -2.9097E+01  9.349E-01  1.9462E+01  1.2089E+01
 13.000 -1.0122E+00  1.1758E-01 -2.9528E+01  9.300E-01  2.1860E+01  1.3080E+01
 14.000 -1.2674E+00  7.7876E-02 -2.9977E+01  9.278E-01  2.4370E+01  1.4073E+01
 15.000 -1.5048E+00  3.4611E-02 -3.0264E+01  9.268E-01  2.6984E+01  1.5066E+01
 16.000 -1.7252E+00  2.7938E-02 -2.9064E+01  9.270E-01  2.9700E+01  1.6061E+01
 17.000 -1.9309E+00  6.4683E-02 -2.9278E+01  9.278E-01  3.2513E+01  1.7056E+01
 18.000 -2.1231E+00  8.8188E-02 -2.9801E+01  9.288E-01  3.5420E+01  1.8052E+01
 19.000 -2.3030E+00  1.0182E-01 -3.0338E+01  9.302E-01  3.8417E+01  1.9049E+01
 20.000 -2.4719E+00  1.0998E-01 -3.0877E+01  9.314E-01  4.1501E+01  2.0046E+01
