# comment: None given                          Feff8L (EXAFS)       0.1      
# Source:
# Structure Summary:  Ni2
# Reduced formula:  Ni
# space group: (P6_3/mmc), space number:  (194)
# abc:  2.448023   2.448023   4.072808
# angles: 90.000000  90.000000 120.000002
# sites: 2
# mp-10257
# POT  Non-SCF, core-hole, AFOLP (folp(0)= 1.150)
# Abs   Z=28 Rmt= 1.311 Rnm= 1.347 K  shell
# Pot 1 Z=28 Rmt= 1.318 Rnm= 1.355
# Gam_ch=1.576E+00 H-L exch
# Mu=-1.189E+01 kf=2.095E+00 Vint=-2.862E+01 Rs_int= 1.731
# PATH  Rmax= 6.000,  Keep_limit= 0.00, Heap_limit 0.00  Pwcrit= 2.50%
#  S02=1.000                                        Global_sig2= 0.00000
#  Curved wave amplitude ratio filter   4.000%
#     file         sig2 tot  cw amp ratio   deg  nlegs   reff  inp sig2
#           1       0.00000    100.00      6.00     2   2.4480
#           2       0.00000     97.36      6.00     2   2.4788
#           3       0.00000     44.87      6.00     2   3.4839
#           4       0.00000      5.36     12.00     3   3.6720
#           5       0.00000     10.19     24.00     3   3.7028
#           6       0.00000      5.39     12.00     3   3.7028
#           7       0.00000     10.22      2.00     2   4.0728
#           8       0.00000      6.59     24.00     3   4.2054
#           9       0.00000      9.52     24.00     3   4.2053
#          10       0.00000      9.54     24.00     3   4.2053
#          11       0.00000     27.71      6.00     2   4.2401
#          12       0.00000     54.84     12.00     2   4.2579
#          13       0.00000      4.97     12.00     3   4.5152
#          14       0.00000      5.48     12.00     3   4.5681
#          15       0.00000     11.58     24.00     3   4.5681
#          16       0.00000     10.57     24.00     3   4.5924
#          17       0.00000     11.12     24.00     3   4.5924
#          18       0.00000     11.10     24.00     3   4.5924
#          19       0.00000     41.35     12.00     2   4.7519
#          20       0.00000     11.15     12.00     3   4.8548
#          21       0.00000     21.53     24.00     3   4.8548
#          22       0.00000     19.11      6.00     2   4.8960
#          23       0.00000      8.57      6.00     3   4.8960
#          24       0.00000     50.28     12.00     3   4.8960
#          25       0.00000     10.37      6.00     4   4.8960
#          26       0.00000      4.01      6.00     4   4.8960
#          27       0.00000     40.89      6.00     4   4.8960
#          33       0.00000      4.62     24.00     3   5.0949
#          34       0.00000      4.86     24.00     3   5.0949
#          35       0.00000      5.08     24.00     3   5.3573
#          36       0.00000     28.12     12.00     2   5.4878
#          37       0.00000      5.55     24.00     3   5.4884
#          38       0.00000      8.57     24.00     3   5.7098
#          39       0.00000      8.23     24.00     3   5.7098
#          40       0.00000      8.88     24.00     3   5.7098
#          41       0.00000     23.23     12.00     2   5.8793
#          42       0.00000      7.49     12.00     3   5.9210
#          43       0.00000     14.44     12.00     3   5.9210
#          44       0.00000     13.68     12.00     3   5.9210
#          46       0.00000      4.81     12.00     4   5.9627
#          47       0.00000      4.91      6.00     4   5.9627
#          48       0.00000      4.50      6.00     4   5.9627
#    42/  46 paths used
#  xsedge+50, used to normalize mu           2.6830E-04
#  -----------------------------------------------------------------------
#  omega    e    k    mu    mu0     chi     @#
    8342.621    -11.881   0.050  3.94919E-02  4.11264E-01 -4.80811E-01
    8342.649    -11.852   0.100  4.58913E-02  4.17404E-01 -4.80163E-01
    8342.697    -11.805   0.150  6.49730E-02  4.35598E-01 -4.78095E-01
    8342.764    -11.738   0.200  8.42667E-02  4.53793E-01 -4.75762E-01
    8342.849    -11.652   0.250  1.14680E-01  4.81983E-01 -4.71413E-01
    8342.954    -11.547   0.300  1.45659E-01  5.10173E-01 -4.66366E-01
    8343.078    -11.424   0.350  1.82757E-01  5.42606E-01 -4.58427E-01
    8343.221    -11.281   0.400  2.20889E-01  5.75039E-01 -4.49246E-01
    8343.383    -11.119   0.450  2.59329E-01  6.05012E-01 -4.36184E-01
    8343.564    -10.938   0.500  2.99284E-01  6.34985E-01 -4.21358E-01
    8343.764    -10.738   0.550  3.37371E-01  6.59468E-01 -4.01789E-01
    8343.983    -10.519   0.600  3.77329E-01  6.83951E-01 -3.80140E-01
    8344.221    -10.281   0.650  4.16416E-01  7.03342E-01 -3.53271E-01
    8344.478    -10.023   0.700  4.57424E-01  7.22732E-01 -3.24422E-01
    8344.754     -9.747   0.750  4.99074E-01  7.38434E-01 -2.90518E-01
    8345.050     -9.452   0.800  5.42228E-01  7.54136E-01 -2.55301E-01
    8345.364     -9.138   0.850  5.86687E-01  7.67359E-01 -2.15972E-01
    8345.697     -8.804   0.900  6.31695E-01  7.80582E-01 -1.76600E-01
    8346.050     -8.452   0.950  6.77590E-01  7.92133E-01 -1.34776E-01
    8346.421     -8.080   1.000  7.22629E-01  8.03684E-01 -9.46167E-02
    8346.812     -7.690   1.050  7.67333E-01  8.14048E-01 -5.40942E-02
    8347.221     -7.280   1.100  8.09600E-01  8.24413E-01 -1.70159E-02
    8347.650     -6.852   1.150  8.50005E-01  8.33864E-01  1.83962E-02
    8348.098     -6.404   1.200  8.86633E-01  8.43314E-01  4.89834E-02
    8348.564     -5.937   1.250  9.20151E-01  8.51993E-01  7.64854E-02
    8349.050     -5.451   1.300  9.49207E-01  8.60671E-01  9.86022E-02
    8349.555     -4.947   1.350  9.74504E-01  8.68639E-01  1.17056E-01
    8350.079     -4.423   1.400  9.95449E-01  8.76606E-01  1.30468E-01
    8350.622     -3.880   1.450  1.01287E+00  8.83879E-01  1.40671E-01
    8351.184     -3.318   1.500  1.02675E+00  8.91151E-01  1.46898E-01
    8351.765     -2.737   1.550  1.03785E+00  8.97720E-01  1.50900E-01
    8352.365     -2.137   1.600  1.04647E+00  9.04290E-01  1.52194E-01
    8352.984     -1.518   1.650  1.05312E+00  9.10139E-01  1.52234E-01
    8353.622     -0.879   1.700  1.05812E+00  9.15989E-01  1.50531E-01
    8354.279     -0.222   1.750  1.06154E+00  9.21096E-01  1.48079E-01
    8354.956      0.454   1.800  1.06370E+00  9.26204E-01  1.44317E-01
    8355.651      1.149   1.850  1.06416E+00  9.30551E-01  1.39718E-01
    8356.365      1.864   1.900  1.06335E+00  9.34898E-01  1.33830E-01
    8357.099      2.597   1.950  1.06032E+00  9.38439E-01  1.26619E-01
    8357.851      3.350   2.000  1.05592E+00  9.41980E-01  1.18032E-01
    8358.623      4.121   2.050  1.04791E+00  9.44368E-01  1.07085E-01
    8359.413      4.912   2.100  1.03835E+00  9.46757E-01  9.45704E-02
    8360.223      5.721   2.150  1.02747E+00  9.49146E-01  8.07354E-02
    8361.052      6.550   2.200  1.01537E+00  9.51535E-01  6.56928E-02
    8361.899      7.398   2.250  9.95888E-01  9.52231E-01  4.49726E-02
    8362.766      8.265   2.300  9.75673E-01  9.52928E-01  2.34554E-02
    8363.652      9.150   2.350  9.55081E-01  9.53625E-01  1.50279E-03
    8364.557     10.055   2.400  9.34614E-01  9.54322E-01 -2.03667E-02
    8365.481     10.979   2.450  9.18670E-01  9.58805E-01 -4.14086E-02
    8366.424     11.922   2.500  9.05458E-01  9.63289E-01 -5.95665E-02
    8367.386     12.884   2.550  8.96984E-01  9.67772E-01 -7.27918E-02
    8368.367     13.865   2.600  8.95001E-01  9.72255E-01 -7.93103E-02
    8369.367     14.865   2.650  8.94283E-01  9.75449E-01 -8.31563E-02
    8370.386     15.884   2.700  9.00097E-01  9.78642E-01 -8.03075E-02
    8371.424     16.923   2.750  9.12363E-01  9.81835E-01 -7.08874E-02
    8372.482     17.980   2.800  9.30320E-01  9.85028E-01 -5.57098E-02
    8373.558     19.056   2.850  9.48113E-01  9.86393E-01 -3.89255E-02
    8374.653     20.152   2.900  9.69962E-01  9.87757E-01 -1.80696E-02
    8375.768     21.266   2.950  9.94185E-01  9.89121E-01  5.13479E-03
    8376.901     22.400   3.000  1.01883E+00  9.90485E-01  2.86994E-02
    8378.054     23.552   3.050  1.04146E+00  9.91317E-01  5.07023E-02
    8379.225     24.724   3.100  1.06207E+00  9.92148E-01  7.06075E-02
    8380.416     25.914   3.150  1.07879E+00  9.92979E-01  8.65375E-02
    8381.626     27.124   3.200  1.09018E+00  9.93811E-01  9.70465E-02
    8382.854     28.353   3.250  1.09678E+00  9.94173E-01  1.03227E-01
    8384.102     29.600   3.300  1.09692E+00  9.94535E-01  1.02897E-01
    8385.369     30.867   3.350  1.09028E+00  9.94897E-01  9.57703E-02
    8386.655     32.153   3.400  1.07725E+00  9.95259E-01  8.22360E-02
    8387.960     33.458   3.450  1.05952E+00  9.95409E-01  6.42598E-02
    8389.284     34.782   3.500  1.03705E+00  9.95560E-01  4.15620E-02
    8390.627     36.125   3.550  1.01153E+00  9.95710E-01  1.58339E-02
    8391.989     37.487   3.600  9.84775E-01  9.95860E-01 -1.10889E-02
    8393.370     38.868   3.650  9.57840E-01  9.95909E-01 -3.80531E-02
    8394.770     40.268   3.700  9.32948E-01  9.95958E-01 -6.29380E-02
    8396.189     41.688   3.750  9.11752E-01  9.96006E-01 -8.40970E-02
    8397.627     43.126   3.800  8.95417E-01  9.96055E-01 -1.00377E-01
    8399.085     44.583   3.850  8.84148E-01  9.96281E-01 -1.11775E-01
    8400.561     46.060   3.900  8.79030E-01  9.96506E-01 -1.17031E-01
    8402.057     47.555   3.950  8.79840E-01  9.96731E-01 -1.16380E-01
    8403.571     49.069   4.000  8.85795E-01  9.96956E-01 -1.10610E-01
    8405.105     50.603   4.050  8.96465E-01  9.96964E-01 -9.99339E-02
    8406.657     52.156   4.100  9.10062E-01  9.96972E-01 -8.63629E-02
    8408.229     53.727   4.150  9.24935E-01  9.96980E-01 -7.15438E-02
    8409.819     55.318   4.200  9.39572E-01  9.96988E-01 -5.69782E-02
    8411.429     56.928   4.250  9.53993E-01  9.97296E-01 -4.29451E-02
    8413.058     58.556   4.300  9.66274E-01  9.97604E-01 -3.10507E-02
    8414.706     60.204   4.350  9.76359E-01  9.97912E-01 -2.13476E-02
    8416.373     61.871   4.400  9.84900E-01  9.98221E-01 -1.31843E-02
    8418.059     63.557   4.450  9.93210E-01  9.98588E-01 -5.31996E-03
    8419.763     65.262   4.500  1.00237E+00  9.98955E-01  3.37821E-03
    8421.488     66.986   4.550  1.01394E+00  9.99322E-01  1.44450E-02
    8423.231     68.729   4.600  1.02910E+00  9.99690E-01  2.90400E-02
    8424.993     70.491   4.650  1.04785E+00  9.99935E-01  4.72952E-02
    8426.774     72.272   4.700  1.07003E+00  1.00018E+00  6.89071E-02
    8428.574     74.072   4.750  1.09420E+00  1.00043E+00  9.24741E-02
    8430.393     75.892   4.800  1.11809E+00  1.00067E+00  1.15737E-01
    8432.232     77.730   4.850  1.13860E+00  1.00089E+00  1.35696E-01
    8434.089     79.587   4.900  1.15316E+00  1.00111E+00  1.49769E-01
    8435.965     81.464   4.950  1.15927E+00  1.00133E+00  1.55523E-01
    8437.861     83.359   5.000  1.15534E+00  1.00155E+00  1.51386E-01
    8439.775     85.274   5.050  1.14055E+00  1.00162E+00  1.36728E-01
    8441.709     87.207   5.100  1.11612E+00  1.00170E+00  1.12585E-01
    8443.662     89.160   5.150  1.08402E+00  1.00177E+00  8.09206E-02
    8445.633     91.132   5.200  1.04708E+00  1.00184E+00  4.45010E-02
    8447.624     93.122   5.250  1.00797E+00  1.00174E+00  6.12886E-03
    8449.634     95.132   5.300  9.70286E-01  1.00164E+00 -3.08407E-02
    8451.663     97.161   5.350  9.36564E-01  1.00154E+00 -6.39200E-02
    8453.710     99.209   5.400  9.08514E-01  1.00144E+00 -9.14251E-02
    8455.777    101.276   5.450  8.86816E-01  1.00115E+00 -1.12521E-01
    8457.863    103.362   5.500  8.71792E-01  1.00087E+00 -1.27057E-01
    8459.968    105.467   5.550  8.62887E-01  1.00058E+00 -1.35576E-01
    8462.092    107.591   5.600  8.59272E-01  1.00030E+00 -1.38889E-01
    8464.236    109.734   5.650  8.60274E-01  9.99822E-01 -1.37488E-01
    8466.398    111.896   5.700  8.65150E-01  9.99347E-01 -1.32268E-01
    8468.579    114.077   5.750  8.73452E-01  9.98872E-01 -1.23667E-01
    8470.779    116.278   5.800  8.84943E-01  9.98397E-01 -1.11913E-01
    8472.998    118.497   5.850  8.99595E-01  9.97794E-01 -9.69256E-02
    8475.237    120.735   5.900  9.17012E-01  9.97191E-01 -7.91895E-02
    8477.494    122.993   5.950  9.36873E-01  9.96588E-01 -5.90152E-02
    8479.771    125.269   6.000  9.58724E-01  9.95984E-01 -3.68467E-02
    8482.066    127.565   6.050  9.81885E-01  9.95210E-01 -1.31876E-02
    8484.381    129.879   6.100  1.00587E+00  9.94435E-01  1.13280E-02
    8486.714    132.213   6.150  1.03031E+00  9.93660E-01  3.63394E-02
    8489.067    134.565   6.200  1.05494E+00  9.92885E-01  6.15805E-02
    8491.439    136.937   6.250  1.07951E+00  9.92110E-01  8.67973E-02
    8493.830    139.328   6.300  1.10359E+00  9.91335E-01  1.11580E-01
    8496.239    141.738   6.350  1.12641E+00  9.90560E-01  1.35150E-01
    8498.668    144.167   6.400  1.14663E+00  9.89785E-01  1.56170E-01
    8501.116    146.615   6.450  1.16228E+00  9.89010E-01  1.72666E-01
    8503.583    149.081   6.500  1.17084E+00  9.88235E-01  1.82129E-01
    8506.069    151.567   6.550  1.16924E+00  9.87402E-01  1.81546E-01
    8508.574    154.073   6.600  1.15512E+00  9.86568E-01  1.68461E-01
    8511.098    156.597   6.650  1.12706E+00  9.85735E-01  1.41393E-01
    8513.641    159.140   6.700  1.08521E+00  9.84902E-01  1.00462E-01
    8516.204    161.702   6.750  1.03173E+00  9.84068E-01  4.77782E-02
    8518.785    164.283   6.800  9.70782E-01  9.83235E-01 -1.24978E-02
    8521.385    166.884   6.850  9.08236E-01  9.82401E-01 -7.45088E-02
    8524.005    169.503   6.900  8.50866E-01  9.81568E-01 -1.31443E-01
    8526.643    172.141   6.950  8.05351E-01  9.80734E-01 -1.76561E-01
    8529.300    174.799   7.000  7.77141E-01  9.79901E-01 -2.04334E-01
    8531.977    177.475   7.050  7.69747E-01  9.79090E-01 -2.11207E-01
    8534.673    180.171   7.100  7.83462E-01  9.78280E-01 -1.96775E-01
    8537.387    182.886   7.150  8.15362E-01  9.77469E-01 -1.63921E-01
    8540.121    185.619   7.200  8.59840E-01  9.76659E-01 -1.18260E-01
    8542.874    188.372   7.250  9.09566E-01  9.75848E-01 -6.71755E-02
    8545.645    191.144   7.300  9.56787E-01  9.75038E-01 -1.85175E-02
    8548.436    193.934   7.350  9.94705E-01  9.74227E-01  2.08019E-02
    8551.246    196.744   7.400  1.01868E+00  9.73416E-01  4.60281E-02
    8554.075    199.573   7.450  1.02698E+00  9.72606E-01  5.53628E-02
    8556.923    202.421   7.500  1.02103E+00  9.71795E-01  5.01796E-02
    8559.790    205.288   7.550  1.00486E+00  9.70940E-01  3.46195E-02
    8562.676    208.174   7.600  9.84519E-01  9.70084E-01  1.47511E-02
    8565.581    211.079   7.650  9.66463E-01  9.69228E-01 -2.82921E-03
    8568.505    214.004   7.700  9.56286E-01  9.68372E-01 -1.23819E-02
    8571.448    216.947   7.750  9.57592E-01  9.67517E-01 -1.01803E-02
    8574.411    219.909   7.800  9.71311E-01  9.66661E-01  4.77584E-03
    8577.392    222.890   7.850  9.95575E-01  9.65805E-01  3.06149E-02
    8580.392    225.891   7.900  1.02616E+00  9.64949E-01  6.30244E-02
    8583.412    228.910   7.950  1.05735E+00  9.64094E-01  9.61483E-02
    8586.450    231.949   8.000  1.08311E+00  9.63238E-01  1.23753E-01
    8589.508    235.006   8.050  1.09789E+00  9.62246E-01  1.40222E-01
    8592.584    238.083   8.100  1.09844E+00  9.61254E-01  1.42012E-01
    8595.680    241.178   8.150  1.08376E+00  9.60262E-01  1.28017E-01
    8598.795    244.293   8.200  1.05530E+00  9.59270E-01  9.96739E-02
    8601.928    247.427   8.250  1.01657E+00  9.58278E-01  6.05833E-02
    8605.081    250.579   8.300  9.72443E-01  9.57286E-01  1.57753E-02
    8608.253    253.751   8.350  9.28257E-01  9.56294E-01 -2.92208E-02
    8611.444    256.942   8.400  8.88894E-01  9.55302E-01 -6.93067E-02
    8614.654    260.152   8.450  8.58075E-01  9.54310E-01 -1.00574E-01
    8617.883    263.381   8.500  8.37916E-01  9.53318E-01 -1.20770E-01
    8621.131    266.629   8.550  8.28770E-01  9.52299E-01 -1.29445E-01
    8624.398    269.896   8.600  8.29569E-01  9.51280E-01 -1.27708E-01
    8627.684    273.182   8.650  8.38193E-01  9.50262E-01 -1.17745E-01
    8630.989    276.487   8.700  8.52040E-01  9.49243E-01 -1.02260E-01
    8634.313    279.811   8.750  8.68567E-01  9.48224E-01 -8.39112E-02
    8637.656    283.155   8.800  8.85726E-01  9.47205E-01 -6.48480E-02
    8641.019    286.517   8.850  9.02215E-01  9.46186E-01 -4.64422E-02
    8644.400    289.898   8.900  9.17526E-01  9.45167E-01 -2.92333E-02
    8647.800    293.299   8.950  9.31799E-01  9.44148E-01 -1.30781E-02
    8651.220    296.718   9.000  9.45536E-01  9.43129E-01  2.55253E-03
    8654.658    300.157   9.050  9.59349E-01  9.42118E-01  1.82920E-02
    8658.116    303.614   9.100  9.73472E-01  9.41107E-01  3.43969E-02
    8661.593    307.091   9.150  9.87648E-01  9.40096E-01  5.05938E-02
    8665.088    310.587   9.200  1.00109E+00  9.39085E-01  6.60434E-02
    8668.603    314.101   9.250  1.01257E+00  9.38074E-01  7.94447E-02
    8672.137    317.635   9.300  1.02068E+00  9.37063E-01  8.92715E-02
    8675.690    321.188   9.350  1.02408E+00  9.36053E-01  9.40838E-02
    8679.261    324.760   9.400  1.02181E+00  9.35042E-01  9.28469E-02
    8682.852    328.351   9.450  1.01355E+00  9.34031E-01  8.51877E-02
    8686.462    331.961   9.500  9.99721E-01  9.33020E-01  7.15325E-02
    8690.091    335.590   9.550  9.81443E-01  9.32055E-01  5.30157E-02
    8693.739    339.238   9.600  9.60402E-01  9.31091E-01  3.14933E-02
    8697.406    342.905   9.650  9.38709E-01  9.30127E-01  9.22984E-03
    8701.093    346.591   9.700  9.18454E-01  9.29162E-01 -1.15276E-02
    8704.798    350.296   9.750  9.01362E-01  9.28198E-01 -2.89174E-02
    8708.522    354.020   9.800  8.88525E-01  9.27234E-01 -4.17499E-02
    8712.265    357.764   9.850  8.80276E-01  9.26270E-01 -4.96543E-02
    8716.028    361.526   9.900  8.76205E-01  9.25305E-01 -5.30591E-02
    8719.809    365.307   9.950  8.75329E-01  9.24341E-01 -5.30145E-02
    8723.610    369.108  10.000  8.76367E-01  9.23377E-01 -5.08972E-02
    8727.429    372.927  10.050  8.78022E-01  9.22385E-01 -4.80796E-02
    8731.268    376.766  10.100  8.79273E-01  9.21393E-01 -4.56951E-02
    8735.125    380.624  10.150  8.79649E-01  9.20401E-01 -4.42554E-02
    8739.002    384.500  10.200  8.79346E-01  9.19410E-01 -4.35512E-02
    8742.898    388.396  10.250  8.79148E-01  9.18418E-01 -4.27314E-02
    8746.812    392.311  10.300  8.80200E-01  9.17426E-01 -4.05485E-02
    8750.746    396.245  10.350  8.83681E-01  9.16434E-01 -3.57125E-02
    8754.699    400.197  10.400  8.90458E-01  9.15443E-01 -2.72691E-02
    8758.671    404.169  10.450  9.00801E-01  9.14451E-01 -1.49136E-02
    8762.662    408.160  10.500  9.14224E-01  9.13459E-01  8.36722E-04
    8766.672    412.170  10.550  9.29504E-01  9.12467E-01  1.86509E-02
    8770.701    416.199  10.600  9.44853E-01  9.11476E-01  3.65780E-02
    8774.749    420.247  10.650  9.58236E-01  9.10484E-01  5.23841E-02
    8778.816    424.315  10.700  9.67740E-01  9.09492E-01  6.39627E-02
    8782.902    428.401  10.750  9.71937E-01  9.08500E-01  6.97323E-02
    8787.008    432.506  10.800  9.70160E-01  9.07509E-01  6.89391E-02
    8791.132    436.630  10.850  9.62627E-01  9.06517E-01  6.18042E-02
    8795.275    440.774  10.900  9.50408E-01  9.05525E-01  4.94882E-02
    8799.438    444.936  10.950  9.35232E-01  9.04533E-01  3.38828E-02
    8803.619    449.118  11.000  9.19175E-01  9.03542E-01  1.72724E-02
    8807.820    453.318  11.050  9.04021E-01  9.02400E-01  1.79310E-03
    8812.039    457.538  11.100  8.91709E-01  9.01259E-01 -1.05758E-02
    8816.278    461.776  11.150  8.83372E-01  9.00117E-01 -1.85676E-02
    8820.536    466.034  11.200  8.79335E-01  8.98975E-01 -2.18048E-02
    8824.812    470.311  11.250  8.79098E-01  8.97834E-01 -2.08255E-02
    8829.108    474.606  11.300  8.81469E-01  8.96692E-01 -1.69421E-02
    8833.423    478.921  11.350  8.84813E-01  8.95551E-01 -1.19644E-02
    8837.757    483.255  11.400  8.87384E-01  8.94409E-01 -7.83701E-03
    8842.110    487.608  11.450  8.87668E-01  8.93268E-01 -6.25450E-03
    8846.481    491.980  11.500  8.84686E-01  8.92126E-01 -8.32047E-03
    8850.872    496.371  11.550  8.78205E-01  8.90985E-01 -1.43087E-02
    8855.283    500.781  11.600  8.68819E-01  8.89843E-01 -2.35683E-02
    8859.712    505.210  11.650  8.57881E-01  8.88701E-01 -3.45936E-02
    8864.160    509.658  11.700  8.47291E-01  8.87560E-01 -4.52533E-02
    8868.627    514.125  11.750  8.39182E-01  8.86418E-01 -5.31486E-02
    8873.113    518.612  11.800  8.35527E-01  8.85277E-01 -5.60454E-02
    8877.619    523.117  11.850  8.37757E-01  8.84135E-01 -5.23110E-02
    8882.143    527.641  11.900  8.46442E-01  8.82994E-01 -4.12777E-02
    8886.686    532.185  11.950  8.61102E-01  8.81852E-01 -2.34617E-02
    8891.249    536.747  12.000  8.80193E-01  8.80710E-01 -5.85523E-04
    8895.830    541.329  12.050  9.01410E-01  8.79529E-01  2.48039E-02
    8900.431    545.929  12.100  9.21831E-01  8.78347E-01  4.93580E-02
    8905.050    550.549  12.150  9.38376E-01  8.77165E-01  6.95722E-02
    8909.689    555.187  12.200  9.48376E-01  8.75984E-01  8.23907E-02
    8914.347    559.845  12.250  9.50055E-01  8.74802E-01  8.57610E-02
    8919.024    564.522  12.300  9.42883E-01  8.73620E-01  7.90397E-02
    8923.719    569.218  12.350  9.27714E-01  8.72438E-01  6.31626E-02
    8928.434    573.933  12.400  9.06679E-01  8.71257E-01  4.05302E-02
    8933.168    578.666  12.450  8.82831E-01  8.70075E-01  1.46153E-02
    8937.921    583.419  12.500  8.59618E-01  8.68893E-01 -1.06418E-02
    8942.693    588.191  12.550  8.40257E-01  8.67712E-01 -3.15404E-02
    8947.484    592.982  12.600  8.27161E-01  8.66530E-01 -4.52887E-02
    8952.294    597.793  12.650  8.21508E-01  8.65348E-01 -5.05006E-02
    8957.123    602.622  12.700  8.23061E-01  8.64166E-01 -4.74144E-02
    8961.972    607.470  12.750  8.30270E-01  8.62985E-01 -3.77870E-02
    8966.839    612.337  12.800  8.40635E-01  8.61803E-01 -2.44830E-02
    8971.725    617.224  12.850  8.51257E-01  8.60621E-01 -1.08454E-02
    8976.630    622.129  12.900  8.59454E-01  8.59440E-01  1.70912E-05
    8981.555    627.053  12.950  8.63316E-01  8.58258E-01  5.87458E-03
    8986.498    631.997  13.000  8.62075E-01  8.57076E-01  5.81362E-03
    8991.461    636.959  13.050  8.56126E-01  8.55836E-01  3.37639E-04
    8996.442    641.941  13.100  8.47113E-01  8.54596E-01 -8.72806E-03
    9001.443    646.941  13.150  8.37320E-01  8.53356E-01 -1.87301E-02
    9006.463    651.961  13.200  8.29207E-01  8.52116E-01 -2.67971E-02
    9011.501    657.000  13.250  8.24838E-01  8.50876E-01 -3.05016E-02
    9016.559    662.057  13.300  8.25423E-01  8.49636E-01 -2.84050E-02
    9021.636    667.134  13.350  8.31060E-01  8.48397E-01 -2.03677E-02
    9026.732    672.230  13.400  8.40731E-01  8.47157E-01 -7.55984E-03
    9031.847    677.345  13.450  8.52553E-01  8.45917E-01  7.81987E-03
    9036.981    682.479  13.500  8.64204E-01  8.44677E-01  2.30435E-02
    9042.134    687.632  13.550  8.73434E-01  8.43437E-01  3.54509E-02
    9047.306    692.804  13.600  8.78534E-01  8.42197E-01  4.30068E-02
    9052.497    697.995  13.650  8.78663E-01  8.40957E-01  4.46927E-02
    9057.707    703.205  13.700  8.73967E-01  8.39717E-01  4.06571E-02
    9062.936    708.434  13.750  8.65480E-01  8.38477E-01  3.21020E-02
    9068.184    713.683  13.800  8.54832E-01  8.37237E-01  2.09489E-02
    9073.452    718.950  13.850  8.43860E-01  8.35997E-01  9.37511E-03
    9078.738    724.236  13.900  8.34198E-01  8.34757E-01 -6.67247E-04
    9084.043    729.542  13.950  8.26964E-01  8.33517E-01 -7.83674E-03
    9089.368    734.866  14.000  8.22580E-01  8.32277E-01 -1.16147E-02
    9094.711    740.210  14.050  8.20701E-01  8.30984E-01 -1.23356E-02
    9100.074    745.572  14.100  8.20603E-01  8.29691E-01 -1.09201E-02
    9105.456    750.954  14.150  8.21197E-01  8.28398E-01 -8.66547E-03
    9110.856    756.355  14.200  8.21421E-01  8.27105E-01 -6.85170E-03
    9116.276    761.774  14.250  8.20494E-01  8.25812E-01 -6.42028E-03
    9121.715    767.213  14.300  8.18094E-01  8.24519E-01 -7.76842E-03
    9127.172    772.671  14.350  8.14393E-01  8.23226E-01 -1.06974E-02
    9132.649    778.148  14.400  8.09968E-01  8.21933E-01 -1.45124E-02
    9138.145    783.644  14.450  8.05631E-01  8.20640E-01 -1.82341E-02
    9143.660    789.158  14.500  8.02205E-01  8.19347E-01 -2.08590E-02
    9149.194    794.692  14.550  8.00330E-01  8.18054E-01 -2.16014E-02
    9154.747    800.246  14.600  8.00329E-01  8.16761E-01 -2.00590E-02
    9160.319    805.818  14.650  8.02158E-01  8.15468E-01 -1.62735E-02
    9165.910    811.409  14.700  8.05451E-01  8.14175E-01 -1.06836E-02
    9171.521    817.019  14.750  8.09623E-01  8.12882E-01 -3.99787E-03
    9177.150    822.648  14.800  8.14008E-01  8.11589E-01  2.97155E-03
    9182.798    828.297  14.850  8.17991E-01  8.10296E-01  9.46876E-03
    9188.465    833.964  14.900  8.21101E-01  8.09003E-01  1.49108E-02
    9194.152    839.650  14.950  8.23055E-01  8.07710E-01  1.89430E-02
    9199.857    845.356  15.000  8.23751E-01  8.06417E-01  2.14339E-02
    9205.582    851.080  15.050  8.23257E-01  8.05102E-01  2.24858E-02
    9211.325    856.824  15.100  8.21654E-01  8.03788E-01  2.21651E-02
    9217.088    862.586  15.150  8.19114E-01  8.02473E-01  2.06788E-02
    9222.870    868.368  15.200  8.15813E-01  8.01159E-01  1.82416E-02
    9228.670    874.169  15.250  8.11917E-01  7.99844E-01  1.50536E-02
    9234.490    879.988  15.300  8.07579E-01  7.98530E-01  1.13018E-02
    9240.329    885.827  15.350  8.02950E-01  7.97215E-01  7.17420E-03
    9246.187    891.685  15.400  7.98192E-01  7.95900E-01  2.87179E-03
    9252.064    897.562  15.450  7.93475E-01  7.94586E-01 -1.39405E-03
    9257.960    903.458  15.500  7.88961E-01  7.93271E-01 -5.42018E-03
    9263.875    909.373  15.550  7.84779E-01  7.91957E-01 -9.03998E-03
    9269.809    915.307  15.600  7.81014E-01  7.90642E-01 -1.21473E-02
    9275.762    921.260  15.650  7.77695E-01  7.89328E-01 -1.47016E-02
    9281.734    927.232  15.700  7.74815E-01  7.88013E-01 -1.67078E-02
    9287.725    933.223  15.750  7.72368E-01  7.86699E-01 -1.81723E-02
    9293.735    939.234  15.800  7.70385E-01  7.85384E-01 -1.90519E-02
    9299.765    945.263  15.850  7.68967E-01  7.84069E-01 -1.92169E-02
    9305.813    951.311  15.900  7.68280E-01  7.82755E-01 -1.84493E-02
    9311.880    957.379  15.950  7.68526E-01  7.81440E-01 -1.64888E-02
    9317.967    963.465  16.000  7.69867E-01  7.80126E-01 -1.31213E-02
    9324.072    969.571  16.050  7.72300E-01  7.78774E-01 -8.29473E-03
    9330.197    975.695  16.100  7.75705E-01  7.77421E-01 -2.20281E-03
    9336.340    981.839  16.150  7.79699E-01  7.76069E-01  4.66656E-03
    9342.503    988.001  16.200  7.83688E-01  7.74717E-01  1.15552E-02
    9348.685    994.183  16.250  7.86954E-01  7.73365E-01  1.75352E-02
    9354.886   1000.384  16.300  7.88781E-01  7.72013E-01  2.16759E-02
    9361.105   1006.604  16.350  7.88611E-01  7.70661E-01  2.32454E-02
    9367.344   1012.843  16.400  7.86188E-01  7.69309E-01  2.18988E-02
    9373.602   1019.100  16.450  7.81654E-01  7.67956E-01  1.78023E-02
    9379.879   1025.377  16.500  7.75554E-01  7.66604E-01  1.16532E-02
    9386.175   1031.673  16.550  7.68762E-01  7.65252E-01  4.57804E-03
    9392.490   1037.988  16.600  7.62309E-01  7.63900E-01 -2.07850E-03
    9398.824   1044.323  16.650  7.57174E-01  7.62548E-01 -7.03437E-03
    9405.177   1050.676  16.700  7.54061E-01  7.61196E-01 -9.35708E-03
    9411.549   1057.048  16.750  7.53230E-01  7.59844E-01 -8.68877E-03
    9417.941   1063.439  16.800  7.54426E-01  7.58491E-01 -5.35090E-03
    9424.351   1069.849  16.850  7.56914E-01  7.57139E-01 -2.96357E-04
    9430.780   1076.279  16.900  7.59638E-01  7.55787E-01  5.08790E-03
    9437.229   1082.727  16.950  7.61453E-01  7.54435E-01  9.28788E-03
    9443.696   1089.195  17.000  7.61388E-01  7.53083E-01  1.10113E-02
    9450.183   1095.681  17.050  7.58872E-01  7.51725E-01  9.49338E-03
    9456.688   1102.187  17.100  7.53896E-01  7.50367E-01  4.69584E-03
    9463.213   1108.711  17.150  7.47017E-01  7.49010E-01 -2.65589E-03
    9469.756   1115.255  17.200  7.39260E-01  7.47652E-01 -1.12088E-02
    9476.319   1121.818  17.250  7.31899E-01  7.46294E-01 -1.92619E-02
    9482.901   1128.399  17.300  7.26192E-01  7.44936E-01 -2.51290E-02
    9489.502   1135.000  17.350  7.23102E-01  7.43578E-01 -2.75016E-02
    9496.122   1141.620  17.400  7.23097E-01  7.42221E-01 -2.57323E-02
    9502.760   1148.259  17.450  7.26045E-01  7.40863E-01 -1.99754E-02
    9509.418   1154.917  17.500  7.31246E-01  7.39505E-01 -1.11545E-02
    9516.095   1161.594  17.550  7.37580E-01  7.38147E-01 -7.67402E-04
    9522.791   1168.290  17.600  7.43743E-01  7.36790E-01  9.42607E-03
    9529.507   1175.005  17.650  7.48510E-01  7.35432E-01  1.77622E-02
    9536.241   1181.739  17.700  7.50976E-01  7.34074E-01  2.29991E-02
    9542.994   1188.492  17.750  7.50717E-01  7.32716E-01  2.45401E-02
    9549.766   1195.264  17.800  7.47841E-01  7.31359E-01  2.25130E-02
    9556.557   1202.056  17.850  7.42931E-01  7.30001E-01  1.76943E-02
    9563.368   1208.866  17.900  7.36887E-01  7.28643E-01  1.13031E-02
    9570.197   1215.696  17.950  7.30721E-01  7.27285E-01  4.71918E-03
    9577.046   1222.544  18.000  7.25337E-01  7.25927E-01 -8.12804E-04
    9583.913   1229.411  18.050  7.21337E-01  7.24550E-01 -4.43036E-03
    9590.800   1236.298  18.100  7.18990E-01  7.23172E-01 -5.77827E-03
    9597.705   1243.204  18.150  7.18152E-01  7.21795E-01 -5.04342E-03
    9604.630   1250.128  18.200  7.18355E-01  7.20417E-01 -2.86011E-03
    9611.574   1257.072  18.250  7.18948E-01  7.19040E-01 -1.27492E-04
    9618.536   1264.035  18.300  7.19252E-01  7.17662E-01  2.21406E-03
    9625.518   1271.016  18.350  7.18719E-01  7.16285E-01  3.39599E-03
    9632.519   1278.017  18.400  7.17039E-01  7.14907E-01  2.97960E-03
    9639.539   1285.037  18.450  7.14194E-01  7.13530E-01  9.30228E-04
    9646.578   1292.076  18.500  7.10442E-01  7.12152E-01 -2.40036E-03
    9653.636   1299.134  18.550  7.06244E-01  7.10775E-01 -6.37142E-03
    9660.713   1306.211  18.600  7.02156E-01  7.09397E-01 -1.02027E-02
    9667.809   1313.307  18.650  6.98712E-01  7.08020E-01 -1.31403E-02
    9674.924   1320.422  18.700  6.96319E-01  7.06642E-01 -1.46036E-02
    9682.058   1327.557  18.750  6.95186E-01  7.05265E-01 -1.42858E-02
    9689.211   1334.710  18.800  6.95302E-01  7.03887E-01 -1.21937E-02
    9696.384   1341.882  18.850  6.96449E-01  7.02510E-01 -8.62431E-03
    9703.575   1349.073  18.900  6.98262E-01  7.01132E-01 -4.09192E-03
    9710.785   1356.284  18.950  7.00298E-01  6.99754E-01  7.76230E-04
    9718.015   1363.513  19.000  7.02115E-01  6.98377E-01  5.35182E-03
    9725.263   1370.762  19.050  7.03367E-01  6.97005E-01  9.12700E-03
    9732.531   1378.029  19.100  7.03776E-01  6.95633E-01  1.17065E-02
    9739.818   1385.316  19.150  7.03230E-01  6.94261E-01  1.29198E-02
    9747.123   1392.622  19.200  7.01756E-01  6.92889E-01  1.27979E-02
    9754.448   1399.946  19.250  6.99495E-01  6.91517E-01  1.15388E-02
    9761.792   1407.290  19.300  6.96667E-01  6.90145E-01  9.45217E-03
    9769.154   1414.653  19.350  6.93522E-01  6.88773E-01  6.89666E-03
    9776.536   1422.035  19.400  6.90301E-01  6.87400E-01  4.22073E-03
    9783.937   1429.436  19.450  6.87206E-01  6.86028E-01  1.71691E-03
    9791.357   1436.855  19.500  6.84378E-01  6.84656E-01 -4.06020E-04
    9798.796   1444.294  19.550  6.81896E-01  6.83284E-01 -2.03228E-03
    9806.254   1451.752  19.600  6.79777E-01  6.81912E-01 -3.13270E-03
    9813.731   1459.230  19.650  6.77991E-01  6.80540E-01 -3.74767E-03
    9821.227   1466.726  19.700  6.76476E-01  6.79168E-01 -3.96518E-03
    9828.743   1474.241  19.750  6.75155E-01  6.77796E-01 -3.89859E-03
    9836.277   1481.775  19.800  6.73945E-01  6.76424E-01 -3.66756E-03
    9843.830   1489.328  19.850  6.72770E-01  6.75052E-01 -3.38321E-03
    9851.402   1496.901  19.900  6.71568E-01  6.73680E-01 -3.13749E-03
    9858.994   1504.492  19.950  6.70295E-01  6.72308E-01 -2.99564E-03
    9866.604   1512.103  20.000  6.68931E-01  6.70936E-01 -2.99071E-03
